[?25l[0m [38;2;128;46;41;48;2;138;34;29m▄[38;2;133;47;42;48;2;165;30;22m▄[38;2;132;45;40;48;2;164;29;21m▄[38;2;132;46;41m▄[38;2;133;47;42;48;2;165;30;21m▄[38;2;132;47;42;48;2;165;29;21m▄[38;2;135;51;46;48;2;163;29;20m▄[38;2;99;36;32;48;2;131;22;16m▄[38;2;114;36;32;48;2;162;28;21m▄[38;2;105;24;19;48;2;166;30;22m▄[38;2;106;25;19m▄[38;2;103;25;20;48;2;162;29;22m▄[38;2;104;25;20;48;2;162;29;21m▄[38;2;108;29;23;48;2;165;31;23m▄[0m[7m[38;2;83;23;19m▄[0m[38;2;72;35;33m     [7m[38;2;92;20;17m▄[0m[38;2;113;43;38;48;2;161;29;22m▄[38;2;114;41;36;48;2;164;30;22m▄[38;2;97;38;33;48;2;137;22;14m▄[38;2;109;40;35;48;2;168;30;20m▄[38;2;112;45;40;48;2;169;32;22m▄[0m[7m[38;2;69;26;24m▄[0m[38;2;55;26;24m  [0m
 [38;2;0;0;0m                         [0m   [38;2;19;19;19m [0m
 [38;2;0;0;0m     [0m [38;2;24;24;23m▄[38;2;21;22;21m▄[38;2;30;30;30m▄[38;2;27;27;27m▄[38;2;26;27;26m▄[38;2;38;38;38m▄[38;2;17;17;17m▄[38;2;26;26;26m▄[0m  [38;2;18;18;17m  [0m [38;2;30;31;30m▄[38;2;22;23;23m▄[38;2;3;4;4m▄[38;2;2;3;3;48;2;23;24;24m▄[38;2;2;4;3;48;2;20;20;20m▄[48;2;25;26;26m▄[38;2;3;4;3;48;2;4;4;4m▄[38;2;2;4;3;48;2;3;4;4m▄[38;2;3;4;4;48;2;12;13;12m▄[38;2;2;3;3;48;2;23;23;22m▄[0m
 [38;2;0;0;0m   [0m [38;2;6;7;7;48;2;21;21;21m▄[38;2;2;3;3;48;2;4;5;4m▄[48;2;2;3;3m  [48;2;2;4;3m ▄▄▄[48;2;2;3;3m  [48;2;2;4;4m▄[48;2;3;4;4m▄[48;2;25;26;25m▄[48;2;26;27;26m▄[38;2;4;7;6;48;2;18;19;19m▄[38;2;6;10;10;48;2;3;3;3m▄[38;2;3;5;5;48;2;2;3;3m▄[38;2;2;3;2m▄[38;2;2;4;3m▄[38;2;2;3;3;48;2;2;4;3m▄[48;2;2;3;3m [48;2;2;4;3m▄[48;2;2;3;3m [38;2;8;8;8;48;2;2;3;2m▄[38;2;30;31;30m▄[0m
 [38;2;0;0;0m  [38;2;28;28;28m▄[38;2;5;7;6;48;2;17;18;18m▄[38;2;3;4;4;48;2;2;3;3m▄  [38;2;2;3;3;48;2;2;3;2m▄[38;2;2;3;2;48;2;2;3;3m▄▄   [38;2;2;3;3;48;2;2;3;2m▄[48;2;2;3;3m  [48;2;2;3;2m [38;2;1;3;2m▄[48;2;2;3;3m▄[38;2;2;3;2m▄[38;2;2;3;3;48;2;2;4;3m▄[48;2;2;3;3m [48;2;2;4;3m▄[48;2;2;3;3m [48;2;2;4;3m▄[48;2;2;3;3m [38;2;2;4;3m▄[48;2;18;19;18m▄[48;2;25;25;25m▄[0m
 [38;2;0;0;0m [0m [7m[38;2;37;37;38m▄[38;2;28;29;28m▄[0m [38;2;10;12;11;48;2;32;33;32m▄[38;2;2;3;2;48;2;17;18;18m▄[48;2;2;3;3m▄[38;2;2;3;3;48;2;2;3;2m▄ ▄[48;2;2;3;3m   [48;2;1;3;2m▄[48;2;2;3;2m [48;2;2;3;3m [48;2;1;3;2m▄ [38;2;2;3;2;48;2;2;3;3m▄[48;2;2;3;2m [38;2;46;36;20;48;2;2;3;3m▄[38;2;156;119;66;48;2;5;7;7m▄[38;2;59;45;26;48;2;2;3;3m▄[38;2;3;3;3m▄[38;2;2;3;2m▄  ▄[0m
 [38;2;0;0;0m  [0m [38;2;8;8;8;48;2;28;29;29m▄[38;2;2;3;2;48;2;6;7;7m▄[38;2;1;3;2;48;2;2;3;2m▄[48;2;2;3;3m▄[38;2;2;3;3;48;2;1;3;2m▄[48;2;2;3;2m▄▄[48;2;2;3;3m   [38;2;2;3;2m▄▄[38;2;2;3;3;48;2;2;4;3m▄[48;2;2;3;3m [38;2;4;3;2m▄[38;2;56;45;26;48;2;4;6;5m▄[38;2;3;4;2;48;2;2;4;3m▄[38;2;131;101;56;48;2;20;16;10m▄[38;2;224;171;94;48;2;197;150;82m▄[38;2;223;170;93;48;2;224;171;96m▄[38;2;224;171;94;48;2;222;169;94m▄[38;2;224;172;95;48;2;98;74;42m▄[38;2;72;56;30;48;2;3;5;4m▄[38;2;3;3;3;48;2;2;4;3m▄[38;2;30;30;30;48;2;4;7;7m▄[38;2;15;16;16;48;2;2;3;2m▄[0m
 [38;2;0;0;0m  [7m[38;2;22;22;22m▄[0m[38;2;9;10;10;48;2;2;3;2m▄   [48;2;2;3;3m [38;2;3;4;3;48;2;2;3;2m▄[38;2;6;7;7;48;2;2;3;3m▄[38;2;2;3;3;48;2;3;4;3m▄[48;2;2;3;3m [38;2;2;3;2m▄▄[38;2;2;3;3;48;2;2;3;2m▄[38;2;2;3;2;48;2;2;3;3m▄[38;2;34;26;15;48;2;3;3;3m▄[38;2;218;165;94;48;2;107;82;48m▄[38;2;214;160;88;48;2;165;127;73m▄[38;2;120;90;49;48;2;17;13;7m▄[38;2;224;170;92;48;2;212;162;88m▄[38;2;225;172;94;48;2;224;171;93m▄▄[38;2;224;171;93;48;2;225;172;94m▄[38;2;224;172;94;48;2;225;172;95m▄[38;2;225;174;97;48;2;192;147;80m▄[38;2;127;103;65;48;2;18;16;13m▄[0m  [0m
 [38;2;0;0;0m   [7m[38;2;21;21;21m▄[0m[38;2;21;22;21;48;2;2;3;2m▄[38;2;4;5;4;48;2;1;2;2m▄[38;2;14;15;15;48;2;2;3;3m▄[0m[7m[38;2;15;16;16m▄[0m[38;2;23;24;24;48;2;44;44;44m▄[38;2;2;3;3;48;2;3;4;4m▄[48;2;2;3;2m [48;2;2;3;3m   [48;2;2;3;2m [38;2;24;19;11;48;2;3;4;3m▄[38;2;214;165;94;48;2;146;112;65m▄[38;2;182;141;87;48;2;194;145;79m▄[38;2;194;192;189;48;2;217;163;89m▄[38;2;235;235;235;48;2;163;125;72m▄[38;2;199;194;186;48;2;226;176;101m▄[38;2;194;156;102;48;2;227;175;97m▄[38;2;226;173;94;48;2;226;173;95m▄[38;2;227;175;98;48;2;225;172;94m▄[38;2;218;170;97;48;2;224;172;94m▄[38;2;191;179;164;48;2;222;171;94m▄[38;2;235;235;235;48;2;185;146;86m▄[38;2;171;171;171;48;2;62;58;53m▄[0m [0m
 [38;2;0;0;0m    [0m [7m[38;2;28;29;29m▄[0m [38;2;23;24;24m▄[38;2;1;2;2;48;2;3;4;4m▄[38;2;2;3;2;48;2;2;3;3m▄ [48;2;2;3;2m  [38;2;2;3;3m▄[38;2;3;4;3m▄[38;2;158;120;67;48;2;95;73;42m▄[38;2;227;175;101;48;2;229;177;102m▄[38;2;206;161;96;48;2;193;169;131m▄[38;2;207;203;196;48;2;252;251;251m▄[38;2;249;248;248;48;2;250;250;250m▄[38;2;251;251;251;48;2;163;164;163m▄[38;2;252;252;251;48;2;223;222;221m▄[38;2;189;158;112;48;2;196;151;86m▄[38;2;224;173;97;48;2;226;174;97m▄[38;2;181;151;102;48;2;184;154;108m▄[38;2;243;243;243;48;2;251;250;250m▄[38;2;216;215;213;48;2;207;207;207m▄[38;2;109;102;92;48;2;192;192;192m▄[0m [0m
 [38;2;0;0;0m       [7m[38;2;28;28;28m▄[38;2;9;10;10m▄[0m[38;2;22;22;22;48;2;3;4;4m▄[38;2;4;5;5;48;2;2;3;2m▄[38;2;2;3;3m▄[38;2;99;77;44;48;2;13;12;7m▄[38;2;158;121;66;48;2;130;100;56m▄[38;2;181;137;73;48;2;75;57;32m▄[38;2;222;168;90;48;2;211;160;87m▄[38;2;227;173;97;48;2;226;172;95m▄[48;2;225;172;95m▄[38;2;227;174;97;48;2;214;165;94m▄[38;2;226;173;96;48;2;193;162;116m▄[38;2;225;171;94;48;2;199;176;143m▄[38;2;224;171;93;48;2;192;167;131m▄[38;2;224;171;94;48;2;211;164;94m▄[38;2;225;173;97;48;2;225;174;99m▄[38;2;184;142;79;48;2;219;168;92m▄[38;2;202;155;84;48;2;166;131;81m▄[38;2;220;172;98;48;2;209;161;92m▄[38;2;182;147;93;48;2;147;115;70m▄[0m [0m
 [38;2;0;0;0m          [0m [7m[38;2;25;26;26m▄[38;2;98;78;51m▄[0m[38;2;147;117;75;48;2;183;142;78m▄[38;2;178;141;83;48;2;208;159;87m▄[38;2;226;173;95;48;2;227;174;97m▄[38;2;227;174;96m▄[38;2;228;175;99;48;2;226;173;96m▄[38;2;227;173;98;48;2;227;173;96m▄[38;2;227;172;96;48;2;226;172;95m▄[38;2;227;173;97;48;2;225;171;94m▄[48;2;225;172;95m▄[38;2;226;173;97;48;2;226;173;96m▄[38;2;226;173;98;48;2;226;173;97m▄[38;2;227;174;98;48;2;226;173;96m▄[38;2;227;174;97;48;2;226;172;94m▄[48;2;226;174;96m▄[48;2;225;174;98m▄[38;2;212;165;93;48;2;81;68;49m▄[0m
 [38;2;0;0;0m              [0m [38;2;226;171;90;48;2;230;176;99m▄[38;2;227;173;96;48;2;229;175;99m▄[38;2;171;131;73;48;2;224;173;100m▄[38;2;8;5;5;48;2;141;119;89m▄[38;2;29;29;28;48;2;189;172;146m▄[38;2;103;103;102;48;2;186;154;109m▄[38;2;130;131;130;48;2;192;147;84m▄[38;2;136;129;119;48;2;227;172;96m▄[38;2;149;141;125;48;2;229;175;98m▄[38;2;99;92;80;48;2;231;179;102m▄[0m[7m[38;2;230;177;99m▄[38;2;228;174;93m▄[38;2;201;156;90m▄[38;2;132;108;73m▄[0m
 [38;2;0;0;0m          [0m  [38;2;115;69;80m▄[38;2;167;101;117m▄[38;2;162;102;108m▄[38;2;226;172;94;48;2;224;171;94m▄[38;2;228;174;97;48;2;228;175;98m▄[38;2;229;175;98;48;2;221;171;97m▄[38;2;223;170;96;48;2;162;68;42m▄[38;2;173;113;63;48;2;139;41;29m▄[38;2;159;75;44;48;2;79;22;14m▄[38;2;32;23;13;48;2;2;2;1m▄[38;2;126;98;54;48;2;145;117;71m▄[38;2;124;100;64;48;2;80;71;57m▄[0m [38;2;2;2;2m    [0m
 [38;2;0;0;0m       [0m [38;2;124;80;90m▄[38;2;229;113;140m▄[38;2;236;119;146;48;2;177;100;118m▄[38;2;237;125;150;48;2;237;127;152m▄[38;2;236;129;151;48;2;237;121;149m▄[38;2;188;105;121;48;2;236;124;149m▄[38;2;155;101;78;48;2;191;115;116m▄[38;2;229;175;99;48;2;230;179;103m▄[38;2;229;176;100;48;2;229;175;99m▄[38;2;230;176;100m▄[38;2;229;176;100;48;2;229;176;99m▄[38;2;229;176;101;48;2;228;175;99m▄[38;2;228;176;102;48;2;228;176;101m▄[38;2;216;168;96;48;2;228;178;103m▄[38;2;160;82;92;48;2;220;170;99m▄[38;2;189;101;119;48;2;134;107;69m▄[0m [38;2;40;30;32m    [0m
 [38;2;0;0;0m      [0m [38;2;231;124;148;48;2;131;86;95m▄[38;2;238;125;149;48;2;237;128;151m▄[48;2;237;120;147m▄[38;2;238;124;148;48;2;237;121;148m▄[38;2;237;123;148;48;2;237;125;150m▄[48;2;238;126;151m▄[38;2;237;122;148;48;2;237;123;149m▄[38;2;237;122;149;48;2;188;103;110m▄[38;2;229;122;144;48;2;191;140;88m▄[38;2;184;117;100;48;2;232;178;104m▄[38;2;218;168;96;48;2;230;177;101m▄[38;2;232;179;101;48;2;231;178;102m▄[38;2;230;177;100;48;2;230;178;102m▄[38;2;229;176;99;48;2;228;176;100m▄[38;2;170;127;79;48;2;187;142;84m▄[38;2;203;112;130;48;2;231;116;142m▄[38;2;236;130;154;48;2;237;119;147m▄[38;2;238;129;152;48;2;194;106;125m▄[0m[38;2;108;67;76m▄   [0m
 [38;2;0;0;0m      [38;2;155;89;105;48;2;153;87;103m▄[38;2;198;105;125;48;2;191;97;116m▄[38;2;237;121;147;48;2;193;103;121m▄[38;2;237;124;148;48;2;194;107;124m▄[38;2;239;124;148;48;2;194;106;123m▄[38;2;240;127;150;48;2;187;97;115m▄[38;2;209;110;131;48;2;209;107;128m▄[38;2;183;98;115;48;2;237;125;147m▄[38;2;193;105;122;48;2;239;127;150m▄[38;2;188;100;116;48;2;237;123;146m▄[38;2;224;116;138;48;2;237;120;145m▄[38;2;237;117;145;48;2;198;112;118m▄[38;2;207;106;123;48;2;204;155;93m▄[38;2;199;148;90;48;2;231;176;98m▄[38;2;233;182;110;48;2;231;179;103m▄[38;2;184;114;107;48;2;193;149;92m▄[38;2;235;122;147;48;2;221;122;142m▄[38;2;236;121;147;48;2;236;124;149m▄[38;2;214;111;132;48;2;237;122;148m▄[38;2;162;88;104;48;2;159;95;108m▄[0m [38;2;17;14;15m  [0m
 [38;2;0;0;0m     [0m [38;2;199;105;126;48;2;106;64;74m▄[38;2;236;121;147;48;2;236;120;146m▄[38;2;237;122;147;48;2;238;123;148m▄[38;2;238;123;148;48;2;238;124;148m▄[38;2;238;124;149m▄[38;2;238;125;149;48;2;237;124;149m▄[38;2;238;124;149;48;2;237;124;148m▄[38;2;238;124;148m▄[48;2;237;124;149m [38;2;238;124;150;48;2;238;126;150m▄[38;2;238;125;150;48;2;199;109;126m▄[38;2;239;126;151;48;2;190;101;118m▄[38;2;218;120;140;48;2;208;108;126m▄[38;2;192;109;122;48;2;210;119;128m▄[38;2;112;88;88;48;2;180;140;90m▄[38;2;169;90;104;48;2;224;113;138m▄[38;2;214;110;132;48;2;187;96;114m▄[38;2;237;121;148;48;2;183;99;115m▄[38;2;238;124;148;48;2;206;113;133m▄[38;2;233;128;150;48;2;237;123;149m▄[38;2;214;122;140;48;2;121;73;83m▄[0m [38;2;21;20;21m [0m
[?25h