[?25l[0m                [38;2;0;0;0m   [0m        [38;2;0;0;0m   [0m
 [38;2;0;0;0m                             [0m
 [38;2;0;0;0m     [0m    [38;2;6;6;6m                    [0m
 [38;2;0;0;0m [0m [38;2;7;7;7m▄[38;2;1;0;0;48;2;22;22;22m▄[38;2;0;0;0;48;2;28;28;28m▄[48;2;19;19;19m▄[48;2;8;8;8m▄[48;2;6;6;6m▄[48;2;15;15;15m▄[48;2;28;28;27m▄[48;2;21;21;21m▄[0m[38;2;1;1;1m▄[38;2;7;7;7m▄[38;2;26;26;25m▄[0m    [38;2;25;25;25m▄▄[38;2;3;3;3m▄[38;2;1;1;1m▄[38;2;2;2;2m▄[38;2;2;1;1;48;2;41;41;40m▄[0m[38;2;2;2;2m▄[38;2;1;1;1m▄[38;2;5;5;5m▄[38;2;25;25;25m▄[0m [0m
  [38;2;2;2;2;48;2;21;21;21m▄[38;2;1;0;0;48;2;1;1;1m▄[48;2;0;0;0m           [38;2;0;0;0;48;2;1;1;1m▄[48;2;27;27;27m▄[48;2;23;23;23m▄[48;2;1;1;1m▄[48;2;0;0;0m          [38;2;3;2;1;48;2;5;5;5m▄[0m
 [7m[38;2;39;39;39m▄[0m[38;2;32;32;31;48;2;44;45;45m▄[38;2;26;26;26;48;2;33;34;34m▄[38;2;3;3;3;48;2;11;10;10m▄[48;2;0;0;0m                      [38;2;7;7;7;48;2;42;42;42m▄[38;2;30;30;30;48;2;43;43;43m▄[0m[7m[38;2;36;36;36m▄[0m
 [38;2;13;13;12;48;2;22;22;22m▄[38;2;0;0;0;48;2;1;1;1m▄[48;2;0;0;0m               [38;2;1;1;0m▄[38;2;86;69;38m▄[38;2;148;120;68;48;2;1;1;0m▄[38;2;55;44;24;48;2;0;0;0m▄[38;2;1;0;0m▄     [38;2;0;0;0;48;2;1;1;1m▄[48;2;20;20;20m▄[0m
 [38;2;16;17;16;48;2;19;19;19m▄[48;2;0;0;0m   [38;2;1;1;1m▄        [38;2;1;1;0m▄[38;2;54;44;24m▄[38;2;1;1;0m▄[38;2;22;18;10;48;2;1;1;0m▄[38;2;213;173;102;48;2;82;67;38m▄[38;2;225;181;105;48;2;223;180;102m▄[38;2;224;179;103;48;2;225;181;104m▄[38;2;223;177;101;48;2;219;175;99m▄[38;2;216;173;99;48;2;72;57;31m▄[38;2;42;34;20;48;2;1;0;0m▄[38;2;1;1;1;48;2;0;0;0m▄[38;2;2;2;2m▄[38;2;3;3;3m▄ [38;2;1;1;0m▄[38;2;6;6;6;48;2;2;2;2m▄[0m
  [7m[38;2;5;5;5m▄[38;2;11;11;10m▄[38;2;22;22;22m▄[0m[38;2;5;5;5;48;2;35;35;35m▄[38;2;0;0;0;48;2;1;1;1m▄[48;2;0;0;0m      [38;2;5;4;2m▄[38;2;189;151;88;48;2;67;53;31m▄[38;2;227;183;107;48;2;208;169;99m▄[38;2;128;102;59;48;2;12;9;5m▄[38;2;204;163;94;48;2;119;94;53m▄[38;2;225;180;105;48;2;224;180;104m▄[38;2;225;180;104;48;2;226;181;105m▄[48;2;224;179;103m▄[38;2;225;181;104m▄[38;2;224;180;104;48;2;225;182;106m▄[38;2;217;174;97;48;2;157;126;72m▄[38;2;30;24;13;48;2;1;1;0m▄[38;2;20;19;20;48;2;25;25;25m▄[0m [7m[38;2;21;21;21m▄[0m[38;2;22;22;22;48;2;2;2;2m▄[0m[7m[38;2;26;26;26m▄[0m
 [38;2;0;0;0m  [0m [38;2;14;14;14;48;2;15;15;15m▄[38;2;1;1;1;48;2;1;1;0m▄[48;2;0;0;0m      [38;2;2;2;1m▄[38;2;171;139;84;48;2;79;64;38m▄[38;2;211;169;99;48;2;227;184;112m▄[38;2;186;150;88;48;2;213;174;106m▄[38;2;183;156;105;48;2;231;188;113m▄[38;2;167;136;82;48;2;214;171;98m▄[38;2;226;181;104;48;2;225;180;104m▄[38;2;226;181;105;48;2;226;181;104m▄[38;2;226;182;105;48;2;225;181;104m▄[38;2;225;181;104;48;2;225;180;104m▄[48;2;224;180;103m▄[38;2;202;169;109;48;2;221;178;100m▄[38;2;165;154;137;48;2;185;149;86m▄[38;2;66;66;67;48;2;53;53;54m▄[0m [38;2;11;11;11m   [0m
 [38;2;0;0;0m   [0m [7m[38;2;17;17;17m▄[0m[38;2;33;33;33;48;2;1;1;1m▄[38;2;18;17;18;48;2;0;0;0m▄[38;2;39;39;40;48;2;6;6;6m▄[38;2;2;2;2;48;2;1;1;1m▄[48;2;0;0;0m  [38;2;73;58;33;48;2;18;13;7m▄[38;2;226;181;105;48;2;222;179;105m▄[38;2;229;186;114;48;2;224;181;107m▄[38;2;191;174;144;48;2;168;159;142m▄[38;2;248;249;248;48;2;246;246;247m▄[38;2;152;152;153;48;2;229;229;229m▄[38;2;241;241;240;48;2;192;171;139m▄[38;2;200;165;106;48;2;227;183;109m▄[38;2;225;181;105;48;2;226;180;104m▄[38;2;225;181;106;48;2;225;180;103m▄[38;2;191;164;119;48;2;207;167;97m▄[38;2;247;246;246;48;2;216;214;211m▄[38;2;191;191;190;48;2;209;209;209m▄[0m[7m[38;2;95;95;95m▄[0m[38;2;33;33;33m    [0m
 [38;2;0;0;0m     [0m  [7m[38;2;19;19;19m▄[0m[38;2;20;20;20;48;2;4;3;2m▄[38;2;70;56;31;48;2;3;2;1m▄[38;2;162;130;73;48;2;72;55;29m▄[38;2;201;160;93;48;2;129;103;60m▄[38;2;226;181;105;48;2;227;183;108m▄[38;2;225;180;104;48;2;227;182;106m▄[38;2;226;181;105;48;2;219;176;106m▄[38;2;226;183;108;48;2;189;173;146m▄[38;2;221;182;112;48;2;214;213;211m▄[38;2;213;173;102;48;2;216;216;215m▄[38;2;224;179;103;48;2;198;164;106m▄[38;2;224;179;104;48;2;225;181;105m▄[38;2;207;164;93;48;2;225;181;106m▄[38;2;186;152;88;48;2;203;167;103m▄[38;2;216;177;107;48;2;196;182;159m▄[38;2;228;186;113;48;2;203;173;121m▄[0m[38;2;70;59;42m▄    [0m
 [38;2;0;0;0m         [7m[38;2;88;75;53m▄[0m[38;2;110;91;60;48;2;185;148;86m▄[38;2;175;140;80;48;2;226;179;100m▄[38;2;226;181;105;48;2;226;180;103m▄[48;2;225;180;104m▄[48;2;226;181;105m [38;2;227;182;106;48;2;227;182;107m▄[38;2;226;182;106;48;2;226;182;107m▄[38;2;226;182;107;48;2;225;181;105m▄[48;2;225;181;106m▄▄[38;2;226;182;106;48;2;214;173;101m▄[38;2;226;181;106;48;2;227;185;110m▄[38;2;226;182;106;48;2;220;180;108m▄[38;2;227;183;109;48;2;228;185;112m▄[38;2;217;178;110;48;2;138;116;78m▄[0m [38;2;43;38;32m   [0m
 [38;2;0;0;0m          [0m [38;2;142;119;79;48;2;157;131;85m▄[38;2;226;180;104;48;2;227;182;107m▄[38;2;227;181;105;48;2;227;182;106m▄[48;2;227;181;106m▄[38;2;172;136;79m▄[38;2;188;149;90m▄[38;2;223;180;108;48;2;227;182;107m▄[38;2;229;184;107m▄[38;2;226;180;104;48;2;226;181;107m▄[38;2;226;181;105;48;2;226;182;107m▄[38;2;228;184;110;48;2;227;183;108m▄[38;2;230;186;111m▄[38;2;219;176;103m▄[38;2;171;141;90;48;2;228;185;110m▄[0m[7m[38;2;122;104;72m▄[0m[38;2;35;30;23m   [0m
 [38;2;0;0;0m       [0m  [38;2;123;81;88m▄[38;2;160;101;113m▄[38;2;164;125;89;48;2;116;96;60m▄[38;2;226;180;104;48;2;225;179;103m▄[48;2;226;180;105m [38;2;229;184;110;48;2;225;181;107m▄[38;2;167;97;63;48;2;27;17;9m▄[38;2;144;51;40;48;2;5;3;2m▄[38;2;65;21;18;48;2;8;5;3m▄[38;2;91;74;42;48;2;64;52;28m▄[38;2;109;91;58;48;2;150;122;72m▄[0m[7m[38;2;105;90;65m▄[38;2;94;79;57m▄[38;2;66;58;44m▄[0m  [38;2;0;0;0m    [0m
 [38;2;0;0;0m    [0m [38;2;166;96;110m▄[38;2;247;134;155;48;2;84;55;61m▄[38;2;248;135;156;48;2;198;116;132m▄[38;2;249;134;155;48;2;247;131;154m▄[38;2;228;119;139;48;2;248;129;154m▄[38;2;236;123;146;48;2;249;131;157m▄[38;2;176;136;87;48;2;180;133;93m▄[38;2;229;185;110;48;2;227;181;106m▄[38;2;228;184;109m▄[38;2;227;182;106;48;2;227;182;105m▄[48;2;227;182;108m▄[48;2;186;145;86m▄[38;2;227;183;108;48;2;145;106;62m▄[38;2;203;166;102;48;2;122;99;57m▄[38;2;169;126;94;48;2;180;148;89m▄[0m [38;2;48;38;40m        [0m
 [38;2;0;0;0m   [38;2;96;65;72m▄[38;2;248;139;161;48;2;166;97;110m▄[38;2;249;132;154;48;2;248;126;151m▄[38;2;250;132;154;48;2;249;132;154m▄[38;2;249;133;155;48;2;249;135;156m▄[38;2;250;133;156;48;2;250;135;156m▄[38;2;249;131;155;48;2;248;136;156m▄[38;2;248;132;154;48;2;178;98;110m▄[38;2;206;119;127;48;2;179;140;81m▄[38;2;185;141;93;48;2;229;182;107m▄[38;2;231;184;110;48;2;229;184;109m▄[38;2;228;182;107;48;2;228;183;108m▄[38;2;228;183;107;48;2;227;182;107m▄[38;2;229;185;109;48;2;228;184;108m▄[38;2;229;185;110;48;2;230;186;114m▄[38;2;167;106;91;48;2;182;126;97m▄[38;2;241;121;144;48;2;245;126;148m▄[38;2;247;134;154;48;2;208;111;130m▄[0m[38;2;112;69;76m▄       [0m
 [38;2;0;0;0m  [0m [38;2;237;124;148;48;2;194;116;132m▄[38;2;249;135;157;48;2;251;141;163m▄[38;2;151;89;100;48;2;242;138;155m▄[38;2;202;116;131;48;2;224;124;142m▄[38;2;188;98;114;48;2;239;123;145m▄[38;2;185;101;115;48;2;248;127;151m▄[38;2;192;104;120;48;2;249;129;153m▄[38;2;237;130;149;48;2;251;132;156m▄[38;2;250;133;156;48;2;250;136;158m▄[38;2;248;129;152;48;2;233;130;147m▄[38;2;248;128;150;48;2;177;116;95m▄[38;2;203;116;124;48;2;209;166;97m▄[38;2;189;146;98;48;2;229;184;108m▄[38;2;231;185;110;48;2;229;185;109m▄[38;2;190;147;91;48;2;231;187;111m▄[38;2;229;120;140;48;2;151;100;90m▄[38;2;249;133;154;48;2;248;136;156m▄[38;2;238;131;149;48;2;248;133;153m▄[38;2;162;93;106;48;2;144;86;95m▄[0m [38;2;31;22;24m      [0m
 [38;2;0;0;0m  [0m [38;2;150;86;99;48;2;240;133;155m▄[38;2;229;122;144;48;2;182;98;114m▄[38;2;249;128;152;48;2;242;126;149m▄[38;2;248;131;153;48;2;249;134;156m▄[38;2;249;132;155;48;2;248;131;154m▄[38;2;250;134;156;48;2;249;133;155m▄[38;2;249;134;156;48;2;247;134;156m▄[38;2;250;133;156;48;2;202;111;127m▄[38;2;249;132;156;48;2;187;102;117m▄[38;2;209;115;131;48;2;224;117;136m▄[38;2;188;109;121;48;2;249;132;153m▄[38;2;205;114;129;48;2;250;134;156m▄[38;2;243;122;146;48;2;235;126;146m▄[38;2;185;96;112;48;2;178;125;90m▄[38;2;166;95;107;48;2;189;118;111m▄[38;2;201;116;129;48;2;249;135;157m▄[48;2;235;128;147m▄[38;2;249;132;155;48;2;184;103;118m▄[38;2;250;129;153;48;2;247;132;154m▄[38;2;248;133;154;48;2;185;104;119m▄[0m[38;2;85;54;60m▄     [0m
[?25h