[?25l[0m [38;2;116;32;29m▄[38;2;146;30;26;48;2;141;27;25m▄[38;2;146;29;26;48;2;147;28;25m▄[38;2;146;29;25;48;2;147;29;25m▄[38;2;145;29;25m▄[38;2;144;28;25;48;2;146;28;24m▄[48;2;115;21;17m [38;2;154;30;25;48;2;147;28;23m▄[38;2;132;25;20;48;2;151;29;24m▄[38;2;120;22;18;48;2;153;29;24m▄[38;2;110;20;16;48;2;145;28;23m▄[38;2;134;25;21;48;2;108;35;32m▄[0m [38;2;40;28;28m      [7m[38;2;64;31;30m▄[0m[38;2;142;26;23;48;2;146;27;24m▄[38;2;123;22;18;48;2;150;28;24m▄[38;2;137;22;18;48;2;130;23;19m▄[38;2;113;18;15;48;2;144;25;20m▄[38;2;125;24;20;48;2;75;26;25m▄[0m [38;2;20;16;17m   [0m
[7m[38;2;49;25;23m▄[38;2;152;32;29m▄[38;2;148;30;27m▄[38;2;146;28;25m▄[38;2;148;29;26m▄[38;2;146;29;26m▄[38;2;151;29;26m▄[38;2;128;25;19m▄[38;2;126;25;19m▄[38;2;134;25;22m▄[38;2;143;28;25m▄[38;2;145;28;25m▄[38;2;153;28;23m▄[38;2;86;32;30m▄[0m[38;2;53;34;33m      [0m [7m[38;2;139;27;24m▄[38;2;153;29;25m▄[38;2;109;16;14m▄[38;2;111;18;14m▄[38;2;147;27;23m▄[38;2;56;25;25m▄[0m[38;2;45;30;29m   [0m
 [38;2;0;0;0m    [0m      [38;2;5;5;5m                   [0m
  [38;2;22;22;22m▄[38;2;5;5;5m▄[38;2;0;0;0;48;2;24;24;24m▄[48;2;26;27;27m▄[48;2;3;3;3m▄[48;2;1;1;1m▄▄[48;2;4;4;4m▄[48;2;23;23;23m▄[48;2;22;23;22m▄[48;2;26;26;26m▄[0m[38;2;1;1;1m▄[38;2;22;22;21m▄[38;2;25;25;25m▄[0m [38;2;19;19;19m    [0m [38;2;20;21;21m▄[38;2;24;24;24m▄[38;2;18;18;18m▄[38;2;7;7;7m▄[38;2;3;3;3m▄[38;2;6;6;6m▄[38;2;18;18;18m▄[38;2;30;30;30m▄[0m
 [7m[38;2;29;29;29m▄[0m[38;2;20;20;20;48;2;5;4;3m▄[38;2;27;27;27;48;2;0;0;0m▄[38;2;13;13;13m▄           [38;2;0;0;0;48;2;7;7;7m▄[48;2;26;26;26m▄[0m[38;2;8;8;8m▄[38;2;2;2;2m▄[38;2;0;0;0;48;2;27;27;27m▄[48;2;3;2;2m▄[48;2;0;0;0m       [48;2;1;1;1m▄[0m
 [38;2;25;25;25m▄[38;2;3;3;3m▄[38;2;0;0;0;48;2;26;26;26m▄[48;2;19;19;19m▄[48;2;0;0;0m                      [48;2;4;4;4m▄[38;2;6;6;6;48;2;55;54;54m▄[38;2;25;25;25;48;2;34;34;34m▄[0m
[38;2;15;16;15;48;2;15;15;15m▄[38;2;0;0;0;48;2;1;1;0m▄[48;2;0;0;0m                           [48;2;1;1;1m▄[0m
[7m[38;2;22;22;22m▄[0m[38;2;16;16;16;48;2;1;1;1m [48;2;0;0;0m                [38;2;2;2;1m▄[38;2;144;113;67;48;2;6;4;2m▄[38;2;231;183;108;48;2;118;94;56m▄[38;2;231;183;109;48;2;150;118;69m▄[38;2;207;164;97;48;2;34;26;15m▄[38;2;25;20;11;48;2;0;0;0m▄ [38;2;1;1;1m▄[38;2;15;15;15m▄[38;2;1;1;1m▄ [38;2;2;2;1m▄[0m
 [38;2;20;20;20;48;2;14;14;14m▄[38;2;5;5;5;48;2;0;0;0m▄[38;2;22;22;22m▄[0m[7m[38;2;1;1;1m▄[0m[38;2;25;25;25;48;2;1;1;1m▄[48;2;0;0;0m        [38;2;66;51;31;48;2;1;1;0m▄[38;2;228;181;113;48;2;99;77;49m▄[38;2;56;45;26;48;2;13;9;5m▄[38;2;20;15;8;48;2;1;1;0m▄[38;2;215;171;101;48;2;95;76;46m▄[38;2;231;184;111;48;2;231;183;110m▄[48;2;230;182;109m [38;2;230;182;109;48;2;230;182;110m▄[38;2;230;183;110;48;2;230;183;109m▄[38;2;229;182;109;48;2;158;125;74m▄[38;2;41;32;18;48;2;1;1;0m▄[38;2;0;0;0;48;2;3;2;2m▄[0m[38;2;18;18;18m▄[7m[38;2;24;24;24m▄[0m[38;2;29;29;29;48;2;1;1;1m▄[38;2;26;26;26;48;2;11;11;11m▄[0m
    [38;2;3;3;3;48;2;23;23;23m▄[38;2;0;0;0;48;2;1;1;1m▄[48;2;0;0;0m      [38;2;1;0;0m▄[38;2;103;82;49;48;2;11;8;4m▄[38;2;231;183;112;48;2;202;159;94m▄[38;2;231;185;114;48;2;230;181;109m▄[38;2;197;155;93;48;2;150;119;73m▄[38;2;217;170;101;48;2;122;97;59m▄[38;2;217;171;102;48;2;230;182;109m▄[38;2;230;181;108;48;2;231;182;109m▄[38;2;230;182;108;48;2;231;183;109m▄[38;2;230;182;109;48;2;231;182;110m▄[38;2;230;183;110;48;2;231;184;110m▄[38;2;228;181;107;48;2;232;185;112m▄[38;2;202;159;93;48;2;117;93;57m▄[38;2;86;75;58;48;2;2;2;2m▄[0m[7m[38;2;37;37;37m▄[0m[38;2;19;19;19m  [0m [0m
 [38;2;0;0;0m  [0m [7m[38;2;5;5;5m▄[0m[38;2;3;3;3;48;2;0;0;0m▄      [38;2;60;46;26;48;2;5;3;2m▄[38;2;231;181;108;48;2;203;162;100m▄[38;2;232;185;113;48;2;230;185;116m▄[38;2;198;172;133;48;2;174;137;83m▄[38;2;249;249;249;48;2;167;150;126m▄[38;2;241;242;242;48;2;190;172;142m▄[38;2;229;228;227;48;2;172;142;94m▄[38;2;196;159;105;48;2;231;182;109m▄[38;2;230;180;105;48;2;230;181;107m▄ [38;2;227;180;108;48;2;229;182;109m▄[38;2;191;179;162;48;2;181;144;86m▄[38;2;248;248;248;48;2;185;152;103m▄[38;2;213;213;214;48;2;100;87;69m▄[0m [38;2;34;34;34m   [0m
 [38;2;0;0;0m    [0m [7m[38;2;6;6;6m▄[38;2;18;18;19m▄[0m[38;2;28;28;28;48;2;35;36;36m▄[38;2;6;5;3;48;2;7;7;7m▄[38;2;150;115;66;48;2;1;0;0m▄[38;2;152;117;68;48;2;1;1;0m▄[38;2;185;146;90;48;2;131;103;63m▄[38;2;232;183;110;48;2;232;183;112m▄[38;2;231;182;109;48;2;233;185;114m▄[38;2;230;181;108;48;2;196;161;110m▄[38;2;182;154;112;48;2;233;233;234m▄[38;2;204;199;191;48;2;186;186;186m▄[38;2;225;225;224;48;2;232;231;232m▄[38;2;187;166;134;48;2;200;185;164m▄[38;2;228;180;108;48;2;230;184;111m▄[38;2;228;179;106;48;2;230;182;110m▄[38;2;193;153;95;48;2;194;158;103m▄[38;2;220;219;219;48;2;243;244;243m▄[38;2;214;213;210;48;2;173;173;173m▄[38;2;92;91;89;48;2;213;213;213m▄[0m [38;2;0;0;0m   [0m
 [38;2;0;0;0m       [7m[38;2;29;29;29m▄[0m[38;2;50;45;35;48;2;59;47;30m▄[38;2;202;159;98;48;2;152;120;72m▄[38;2;213;165;94;48;2;189;151;92m▄[38;2;229;178;104;48;2;232;183;111m▄[38;2;231;181;108;48;2;231;182;109m▄ [38;2;231;182;109;48;2;231;183;110m▄[38;2;230;182;109;48;2;230;182;110m▄[48;2;232;186;114m▄[48;2;214;171;107m▄[38;2;230;182;110;48;2;229;181;109m▄[38;2;229;181;110;48;2;228;180;108m▄[38;2;221;173;103;48;2;228;179;107m▄[38;2;189;150;92;48;2;227;177;103m▄[38;2;191;153;90;48;2;205;164;101m▄[38;2;227;180;104;48;2;215;172;106m▄[0m [38;2;32;27;18m    [0m
 [38;2;0;0;0m        [0m [7m[38;2;88;74;56m▄[38;2;136;108;68m▄[0m[38;2;232;184;112;48;2;227;179;106m▄[48;2;231;182;109m [38;2;231;181;108m▄ [38;2;231;182;109;48;2;230;182;109m▄▄[38;2;231;183;109m▄[48;2;231;183;110m [38;2;231;184;110;48;2;230;183;110m▄[38;2;231;183;110;48;2;228;181;108m▄[38;2;229;182;109;48;2;231;185;112m▄[38;2;230;183;109;48;2;227;181;109m▄[38;2;229;182;108;48;2;228;181;106m▄[38;2;169;137;86;48;2;90;76;55m▄[0m [38;2;8;8;8m   [0m
 [38;2;0;0;0m         [0m  [38;2;222;176;105;48;2;227;181;108m▄[38;2;231;182;108;48;2;230;182;108m▄[48;2;231;182;109m [48;2;232;183;110m [38;2;226;179;106m▄[38;2;176;139;82;48;2;231;182;109m▄[38;2;191;151;90;48;2;232;183;109m▄[38;2;186;148;88;48;2;232;183;110m▄[38;2;192;152;91;48;2;231;184;111m▄[38;2;220;175;103m▄[38;2;230;183;112;48;2;230;182;109m▄[38;2;220;175;105m▄[38;2;194;155;90;48;2;230;183;110m▄[38;2;149;125;85;48;2;226;179;105m▄[0m [38;2;11;10;9m   [0m
 [38;2;0;0;0m     [0m [38;2;197;122;136m▄[38;2;243;137;159;48;2;86;57;64m▄[38;2;243;131;155;48;2;173;102;118m▄[38;2;241;127;152;48;2;213;117;140m▄[38;2;185;104;116;48;2;190;110;124m▄[38;2;232;185;112;48;2;224;177;106m▄[38;2;232;184;110;48;2;232;183;109m▄[38;2;231;182;109;48;2;231;183;110m▄[38;2;230;181;108;48;2;231;182;109m▄▄[38;2;231;183;109;48;2;230;182;109m▄[38;2;232;185;112;48;2;231;182;110m▄[38;2;214;170;107;48;2;230;181;109m▄[38;2;117;94;74;48;2;220;177;108m▄[0m[7m[38;2;84;73;55m▄[0m    [38;2;0;0;0m    [0m
 [38;2;0;0;0m   [0m [38;2;206;112;132m▄[38;2;244;131;155;48;2;227;131;150m▄[38;2;244;135;157;48;2;244;136;157m▄[38;2;243;135;157;48;2;243;135;156m▄[38;2;243;136;158;48;2;241;136;156m▄[38;2;242;136;157;48;2;194;114;127m▄[38;2;219;122;141;48;2;166;107;99m▄[38;2;184;124;98;48;2;233;183;109m▄[38;2;216;168;100;48;2;231;182;108m▄[38;2;231;182;109m▄[38;2;231;183;109;48;2;231;181;107m▄[48;2;231;182;107m▄[38;2;231;184;110;48;2;231;183;109m▄[38;2;229;181;107;48;2;231;183;111m▄[38;2;181;104;107;48;2;188;130;105m▄[38;2;244;131;154;48;2;227;131;149m▄[0m[38;2;226;134;151m▄[0m [38;2;36;30;32m       [0m
 [38;2;0;0;0m  [0m [38;2;177;113;127;48;2;104;67;75m▄[38;2;230;132;150;48;2;244;133;157m▄[38;2;156;89;100;48;2;244;134;157m▄[38;2;195;107;123;48;2;243;130;154m▄[38;2;188;101;117;48;2;243;134;156m▄[38;2;227;122;142m▄[38;2;244;133;156;48;2;243;133;156m▄[38;2;244;134;157;48;2;242;134;156m▄[38;2;244;136;158m▄[38;2;243;136;157;48;2;201;118;123m▄[38;2;225;128;144;48;2;195;151;97m▄[38;2;187;135;101;48;2;233;185;112m▄[38;2;232;184;111;48;2;233;185;111m▄[38;2;231;182;108;48;2;231;183;109m▄[38;2;202;156;97;48;2;225;177;105m▄[38;2;224;129;146;48;2;146;84;91m▄[38;2;245;139;160;48;2;244;135;157m▄[38;2;245;138;160;48;2;245;140;160m▄[38;2;97;61;68;48;2;91;55;61m▄[0m [38;2;2;2;2m      [0m
[?25h