[?25l[0m [7m[38;2;104;35;33m▄[38;2;109;36;33m▄[38;2;150;62;57m▄[38;2;156;53;48m▄[38;2;151;45;39m▄[38;2;145;41;36m▄[38;2;119;33;29m▄[38;2;135;29;25m▄[38;2;143;30;25m▄[38;2;147;30;24m▄[38;2;140;27;22m▄[38;2;135;24;21m▄[38;2;139;26;22m▄[38;2;144;28;24m▄[38;2;94;33;31m▄[0m[38;2;32;21;20m      [7m[38;2;60;22;21m▄[38;2;137;27;24m▄[38;2;143;29;24m▄[38;2;150;30;24m▄[38;2;126;23;18m▄[38;2;140;27;21m▄[38;2;127;25;20m▄[0m [0m
 [38;2;0;0;0m    [0m          [38;2;9;9;9m        [0m   [38;2;23;23;23m▄[38;2;20;20;20m▄[38;2;20;20;19m▄[38;2;26;26;26m▄[0m
  [38;2;23;23;23m▄[38;2;1;1;1m▄[48;2;26;27;26m▄[38;2;1;0;0;48;2;16;16;16m▄[48;2;1;1;1m▄[38;2;1;1;1;48;2;3;3;3m▄[48;2;2;2;2m▄[48;2;1;1;1m  [48;2;2;2;2m▄▄[38;2;0;1;0;48;2;1;1;1m▄[38;2;0;0;0;48;2;7;7;7m▄[38;2;1;1;1;48;2;31;31;31m▄[48;2;23;23;23m▄[0m[38;2;3;3;3m▄[38;2;21;21;21m▄[0m [38;2;21;21;21m▄[38;2;6;6;6m▄[38;2;1;1;1;48;2;22;22;22m▄[38;2;1;1;0;48;2;21;21;21m▄[38;2;1;1;1;48;2;2;2;2m▄▄[48;2;1;1;1m [38;2;1;1;0;48;2;0;0;0m▄[38;2;0;0;0;48;2;1;2;1m▄[38;2;0;1;0;48;2;1;1;1m▄[0m
 [38;2;25;26;26m▄[38;2;1;1;1;48;2;4;4;4m▄[38;2;0;1;0;48;2;1;1;1m▄[38;2;1;1;0;48;2;0;0;0m▄[38;2;1;0;1;48;2;1;1;1m▄ [38;2;0;0;0;48;2;1;0;1m▄[38;2;1;1;1;48;2;0;0;0m▄[48;2;1;1;0m▄[48;2;1;1;1m [48;2;0;0;0m [38;2;0;0;0;48;2;1;1;1m▄[38;2;1;1;1;48;2;0;0;0m▄[38;2;1;1;0;48;2;1;1;1m▄  [38;2;0;0;0m▄[38;2;1;1;0m▄[38;2;0;0;0m▄▄[48;2;0;0;0m [38;2;1;1;1;48;2;1;0;0m▄[48;2;1;1;1m [48;2;1;1;0m▄[48;2;1;1;1m  [38;2;1;1;0;48;2;0;1;0m▄[48;2;1;1;1m [38;2;13;13;13;48;2;1;0;1m▄[0m
 [38;2;4;4;4;48;2;8;8;8m▄[38;2;26;26;26;48;2;1;1;0m▄[38;2;24;24;24;48;2;1;1;1m▄[38;2;23;23;23;48;2;1;0;1m▄[48;2;1;0;0m [48;2;1;1;1m [38;2;1;1;0m▄  [38;2;1;1;1;48;2;0;0;1m▄[38;2;0;0;0;48;2;1;1;1m▄ [38;2;1;1;0m▄[38;2;1;1;1;48;2;1;1;0m▄[38;2;0;0;0;48;2;1;1;1m▄[38;2;1;1;1;48;2;0;0;0m▄[38;2;0;1;1;48;2;1;1;1m▄[48;2;0;0;0m [48;2;1;1;1m [38;2;0;0;0;48;2;1;1;0m▄[38;2;0;0;1;48;2;0;0;0m▄[38;2;1;1;1m▄[48;2;1;1;1m   [38;2;1;1;0m▄ ▄ [0m
  [38;2;25;25;25m▄[38;2;1;1;1m▄[38;2;0;0;0;48;2;15;15;14m▄[48;2;1;0;1m [48;2;1;1;1m ▄[38;2;1;1;0m▄[48;2;0;0;0m [48;2;1;1;1m  [38;2;0;0;0m▄[38;2;1;1;0m▄▄[38;2;0;0;0m▄[48;2;1;1;0m [48;2;1;1;1m [38;2;1;1;1;48;2;0;0;0m▄[38;2;0;0;0;48;2;1;1;0m▄[38;2;0;1;0;48;2;1;1;1m▄ [38;2;32;24;14;48;2;1;0;0m▄[38;2;33;24;13;48;2;0;0;0m▄[38;2;1;1;0;48;2;1;0;0m▄[48;2;1;1;1m▄[48;2;1;0;0m▄[48;2;1;1;1m [38;2;1;1;1;48;2;1;1;0m▄[38;2;0;0;0m▄[0m
 [38;2;22;22;22;48;2;25;25;25m▄[38;2;2;1;1;48;2;3;3;2m▄[48;2;0;0;0m  [38;2;0;0;0;48;2;1;1;1m▄▄▄[48;2;1;1;0m [38;2;1;1;0;48;2;1;1;1m▄[48;2;0;0;0m [38;2;1;1;1;48;2;1;1;0m▄▄[38;2;1;0;0;48;2;1;1;1m▄[38;2;0;0;0;48;2;1;1;0m▄[38;2;1;1;1m▄[48;2;0;0;0m [48;2;1;1;1m [48;2;1;1;0m [38;2;1;1;0;48;2;0;0;0m▄[38;2;53;41;23;48;2;1;1;1m▄[38;2;219;169;97;48;2;84;65;38m▄[38;2;226;175;103;48;2;224;174;102m▄[38;2;227;176;104;48;2;224;173;101m▄[38;2;223;172;99;48;2;94;72;42m▄[38;2;64;50;29;48;2;1;1;0m▄[38;2;1;1;0;48;2;0;0;0m▄[48;2;1;1;1m  [38;2;35;35;35;48;2;12;12;12m▄[0m
  [38;2;13;13;13;48;2;2;2;2m▄[48;2;0;0;0m [38;2;1;1;0m▄[38;2;1;1;1m▄▄[38;2;12;12;12;48;2;1;0;0m▄[38;2;5;5;5;48;2;1;1;1m▄[38;2;1;1;0m▄ [38;2;1;1;1;48;2;1;1;0m▄[48;2;0;0;0m▄[48;2;1;0;0m▄[48;2;1;1;0m▄[38;2;1;1;0;48;2;0;0;0m▄[38;2;91;70;42;48;2;3;3;1m▄[38;2;208;163;97;48;2;94;73;44m▄[38;2;12;9;6;48;2;1;1;0m▄[38;2;99;78;44;48;2;9;7;3m▄[38;2;226;175;102;48;2;193;150;88m▄[38;2;226;175;101;48;2;225;174;101m▄[38;2;225;174;100m▄[38;2;225;174;102;48;2;226;174;102m▄[38;2;226;176;103;48;2;226;175;102m▄[38;2;227;177;103;48;2;201;156;90m▄[38;2;96;75;45;48;2;13;10;5m▄[38;2;30;30;30;48;2;1;0;0m▄[38;2;11;11;10;48;2;0;0;0m▄[38;2;13;13;12;48;2;31;31;31m▄[0m
 [38;2;0;0;0m [0m [38;2;29;30;29;48;2;2;2;2m▄[38;2;22;22;23;48;2;1;1;1m▄[0m[7m[38;2;8;8;8m▄[38;2;29;29;29m▄[0m[38;2;13;13;13;48;2;30;30;31m▄[38;2;1;1;1;48;2;3;3;3m▄[38;2;0;0;0;48;2;1;1;1m▄ [38;2;1;1;0m▄ [38;2;1;1;1;48;2;1;0;0m▄[48;2;0;0;0m▄[38;2;71;54;31;48;2;8;5;3m▄[38;2;226;175;103;48;2;195;151;91m▄[38;2;227;177;103;48;2;229;182;111m▄[38;2;189;146;84;48;2;125;97;59m▄[38;2;197;155;91;48;2;194;150;86m▄[38;2;226;175;102;48;2;226;173;100m▄[38;2;226;176;102;48;2;226;174;101m▄[38;2;226;176;103;48;2;226;175;102m▄[38;2;226;176;102m▄ [38;2;225;176;103;48;2;225;174;100m▄[38;2;213;165;94;48;2;173;135;82m▄[0m[38;2;116;96;65m▄[0m  [0m
 [38;2;0;0;0m  [0m   [38;2;9;9;9;48;2;19;19;19m▄[38;2;1;1;1;48;2;0;1;0m▄[48;2;1;1;1m [38;2;1;1;0;48;2;0;0;0m▄[38;2;1;1;1;48;2;1;1;0m▄[48;2;0;0;0m [38;2;0;0;0;48;2;1;1;0m▄[38;2;1;1;0;48;2;1;1;1m▄[38;2;7;5;2;48;2;2;1;1m▄[38;2;208;163;96;48;2;149;115;68m▄[38;2;228;178;106;48;2;227;177;104m▄[38;2;191;150;91;48;2;181;140;82m▄[38;2;240;239;240;48;2;173;161;146m▄[38;2;250;251;252;48;2;189;185;179m▄[38;2;236;236;236;48;2;190;171;145m▄[38;2;197;187;175;48;2;213;167;100m▄[38;2;220;169;96;48;2;226;176;102m▄[38;2;226;175;100;48;2;226;175;102m▄[38;2;226;176;103;48;2;227;176;104m▄[38;2;200;190;177;48;2;210;168;108m▄[38;2;214;214;214;48;2;186;175;159m▄[38;2;250;250;250;48;2;173;171;168m▄[0m[7m[38;2;51;50;51m▄[0m [0m
 [38;2;0;0;0m     [0m [7m[38;2;11;11;11m▄[0m[38;2;20;20;20;48;2;1;1;1m▄[38;2;5;4;5;48;2;0;0;0m▄[38;2;51;51;51;48;2;1;1;0m▄[38;2;6;6;5m▄[38;2;128;99;58;48;2;4;3;2m▄[38;2;176;137;79;48;2;28;21;11m▄[38;2;171;131;72;48;2;35;27;15m▄[38;2;226;175;101;48;2;225;173;100m▄[38;2;226;175;102;48;2;226;176;103m▄[38;2;227;177;104;48;2;222;174;104m▄[38;2;213;168;103;48;2;198;191;180m▄[38;2;193;174;148;48;2;250;250;250m▄[38;2;191;188;184;48;2;199;199;199m▄[38;2;185;179;170;48;2;246;247;247m▄[38;2;204;162;101;48;2;186;151;98m▄[38;2;227;179;106;48;2;227;178;104m▄[38;2;226;177;102;48;2;218;172;103m▄[38;2;192;165;127;48;2;226;226;225m▄[38;2;198;179;153;48;2;218;218;218m▄[38;2;171;139;95;48;2;202;202;203m▄[0m [38;2;18;18;19m [0m
 [38;2;0;0;0m       [0m   [38;2;30;29;29;48;2;9;8;7m▄[38;2;146;114;69;48;2;193;149;84m▄[38;2;200;155;90;48;2;163;125;70m▄[38;2;224;175;103;48;2;213;163;90m▄[38;2;228;178;105;48;2;227;176;103m▄[38;2;228;177;104;48;2;227;177;104m▄[38;2;227;177;104;48;2;228;177;104m▄[38;2;228;177;104;48;2;227;177;104m▄[38;2;227;177;103;48;2;228;177;104m▄[38;2;226;176;102;48;2;226;176;103m▄[38;2;226;175;103;48;2;226;176;102m▄[38;2;226;176;104;48;2;226;177;105m▄[38;2;225;177;103;48;2;226;177;104m▄[38;2;209;165;98;48;2;196;153;89m▄[38;2;216;168;99;48;2;188;148;89m▄[38;2;225;174;101;48;2;227;178;109m▄[38;2;214;168;100;48;2;212;164;96m▄[0m [38;2;29;29;27m [0m
 [38;2;0;0;0m           [0m [7m[38;2;77;63;45m▄[0m[38;2;170;140;94;48;2;170;133;80m▄[38;2;228;178;104;48;2;227;177;104m▄[38;2;228;177;104;48;2;227;176;103m▄[38;2;229;179;106m▄[38;2;229;180;108;48;2;227;177;104m▄[38;2;228;177;105;48;2;226;176;103m▄[38;2;227;176;103m▄▄[38;2;227;176;104;48;2;227;176;103m▄[38;2;227;177;104;48;2;226;176;103m▄[38;2;227;177;105;48;2;226;176;104m▄[48;2;226;175;103m▄[38;2;226;176;104;48;2;226;176;105m▄[48;2;228;179;110m▄[38;2;211;166;100;48;2;112;93;64m▄[0m [0m
 [38;2;0;0;0m          [0m   [38;2;154;125;82;48;2;167;138;96m▄[38;2;227;174;100;48;2;227;176;102m▄[38;2;227;176;104;48;2;227;177;103m▄[38;2;228;178;105;48;2;229;179;106m▄[38;2;228;177;105;48;2;211;166;101m▄[38;2;228;177;104;48;2;171;136;82m▄[38;2;200;156;91;48;2;212;164;96m▄[38;2;185;145;84;48;2;227;175;102m▄[38;2;182;142;83m▄[38;2;174;135;77;48;2;227;177;104m▄[38;2;150;118;69;48;2;227;177;106m▄[38;2;142;116;77;48;2;228;177;106m▄[38;2;116;96;70;48;2;228;178;108m▄[0m[7m[38;2;227;177;106m▄[38;2;148;118;74m▄[0m [0m
 [38;2;0;0;0m       [0m [38;2;135;88;96m▄[38;2;227;133;151m▄[38;2;237;142;161;48;2;134;90;98m▄[38;2;236;136;157;48;2;182;107;124m▄[38;2;218;129;144;48;2;221;137;154m▄[38;2;179;139;86;48;2;174;132;88m▄[38;2;228;178;106;48;2;228;177;104m▄[48;2;227;176;103m [38;2;226;175;102m▄[38;2;227;176;103;48;2;227;177;104m▄[38;2;228;177;105;48;2;228;177;106m▄[38;2;227;176;104;48;2;228;178;105m▄[38;2;225;175;102;48;2;227;176;103m▄[38;2;149;118;77;48;2;227;174;100m▄[0m[7m[38;2;211;162;94m▄[0m [38;2;0;1;1m     [0m
 [38;2;0;0;0m     [0m [38;2;160;102;113m▄[38;2;234;134;154;48;2;172;103;117m▄[38;2;235;136;156;48;2;234;138;157m▄[38;2;235;138;157m▄[38;2;236;139;158;48;2;236;143;160m▄[38;2;237;140;160;48;2;186;117;127m▄[38;2;209;123;138;48;2;140;83;91m▄[38;2;168;116;90;48;2;199;153;90m▄[38;2;213;164;98;48;2;227;176;104m▄[38;2;228;177;106m▄[38;2;228;178;106m▄[38;2;228;177;105m▄ [38;2;226;176;104m▄[38;2;185;140;87;48;2;218;169;101m▄[38;2;229;135;152;48;2;180;116;122m▄[38;2;234;140;158;48;2;128;89;96m▄[0m[38;2;119;77;84m▄[0m [38;2;2;2;2m    [0m
 [38;2;0;0;0m    [0m [38;2;180;117;129;48;2;88;63;68m▄[38;2;237;145;163;48;2;233;136;155m▄[38;2;205;123;137;48;2;236;139;156m▄[38;2;139;81;90;48;2;236;138;158m▄[38;2;167;95;107;48;2;236;134;154m▄[38;2;167;95;108;48;2;237;133;154m▄[38;2;220;130;146;48;2;237;138;158m▄[38;2;239;143;161;48;2;238;142;160m▄[38;2;238;140;159;48;2;238;142;159m▄[38;2;236;137;155;48;2;192;117;121m▄[38;2;222;130;145;48;2;182;136;89m▄[38;2;170;115;94;48;2;229;179;108m▄[38;2;215;169;99;48;2;228;178;105m▄[38;2;228;177;104;48;2;227;177;104m▄[38;2;229;180;108;48;2;227;176;103m▄[38;2;160;119;81;48;2;184;134;92m▄[38;2;223;133;149;48;2;208;125;140m▄[38;2;236;139;158;48;2;235;143;161m▄[38;2;233;136;153;48;2;223;138;152m▄[0m [38;2;31;21;24m    [0m
 [38;2;0;0;0m    [0m [38;2;233;132;153;48;2;225;131;150m▄[38;2;186;106;119;48;2;237;143;160m▄[38;2;213;123;140;48;2;173;108;116m▄[38;2;236;139;158;48;2;206;120;137m▄[38;2;235;137;156;48;2;234;131;152m▄[48;2;233;133;152m▄[48;2;189;111;124m▄[38;2;236;137;156;48;2;168;100;110m▄[38;2;190;110;125;48;2;214;125;139m▄[38;2;176;104;114;48;2;237;137;154m▄[38;2;213;128;141;48;2;236;136;154m▄[38;2;238;138;156;48;2;236;137;154m▄[38;2;237;132;154;48;2;180;114;111m▄[38;2;196;119;122;48;2;203;159;99m▄[38;2;138;103;77;48;2;222;177;109m▄[38;2;235;132;151;48;2;188;119;117m▄[38;2;235;134;152;48;2;236;144;159m▄[38;2;185;112;123;48;2;237;141;159m▄[38;2;209;126;140;48;2;178;103;115m▄[38;2;232;131;150;48;2;116;73;81m▄[0m[38;2;88;61;66m▄   [0m
 [38;2;0;0;0m    [0m [38;2;116;71;80;48;2;214;121;140m▄[38;2;231;131;150;48;2;179;102;117m▄[38;2;234;134;153;48;2;234;131;152m▄[48;2;235;136;155m [38;2;236;138;157;48;2;236;139;157m▄ [48;2;235;137;156m▄▄[38;2;237;139;157;48;2;236;137;156m▄[38;2;236;138;157;48;2;237;138;157m▄[38;2;236;137;156;48;2;205;120;135m▄[38;2;236;138;156;48;2;182;107;118m▄[38;2;237;138;157;48;2;185;107;120m▄[38;2;228;133;150;48;2;186;109;122m▄[38;2;107;109;113;48;2;93;89;91m▄[38;2;154;103;114;48;2;164;96;109m▄[38;2;233;131;150;48;2;179;105;116m▄[38;2;235;135;154;48;2;228;135;152m▄[38;2;236;140;158;48;2;235;136;156m▄[38;2;226;138;154;48;2;235;139;157m▄[38;2;234;139;156;48;2;198;124;136m▄[0m[38;2;76;52;57m▄  [0m
[?25h