[?25l[0m [38;2;0;0;0m      [0m      [38;2;5;5;5m          [0m [38;2;1;1;1m   [0m  [38;2;4;4;4m       [0m
 [38;2;0;0;0m [0m  [38;2;14;14;14m▄[38;2;1;1;1;48;2;33;33;33m▄[38;2;0;0;0;48;2;38;38;38m▄[48;2;28;28;28m▄[48;2;12;12;12m▄[48;2;5;5;5m▄▄[48;2;17;17;17m▄[48;2;33;33;33m▄[48;2;38;38;38m▄[48;2;37;37;37m▄[0m[38;2;1;1;1m▄[38;2;25;25;24m▄[38;2;36;36;35m▄[0m   [38;2;35;35;35m▄[38;2;15;15;15m▄[38;2;1;1;1m▄[38;2;0;0;0;48;2;40;41;40m▄[48;2;36;36;36m▄[48;2;29;29;30m▄[48;2;38;38;37m▄[48;2;41;41;41m▄[0m[38;2;9;9;8m▄[38;2;37;37;37m▄[0m [38;2;25;25;25m    [0m
 [38;2;0;0;0m [0m [38;2;2;2;2;48;2;30;30;30m▄[38;2;0;0;0;48;2;2;2;1m▄[48;2;0;0;0m             [48;2;5;5;5m▄[48;2;36;36;35m▄[48;2;2;2;2m▄[48;2;0;0;0m       [38;2;6;6;6m▄[38;2;44;44;44;48;2;2;1;1m▄[38;2;41;41;40;48;2;3;3;3m▄[38;2;35;35;34;48;2;72;72;72m▄[0m [38;2;32;32;32m   [0m
  [38;2;47;47;47;48;2;35;35;35m▄[38;2;44;44;43;48;2;1;1;0m▄[38;2;74;74;74;48;2;1;1;1m▄[38;2;62;62;62m▄[38;2;43;44;43m▄[48;2;0;0;0m                     [38;2;0;0;0;48;2;1;1;1m▄[48;2;26;26;26m▄[38;2;2;1;1;48;2;39;39;39m▄[0m[38;2;16;16;16m▄[0m [38;2;38;38;38m   [0m
   [38;2;40;40;40m▄[38;2;1;1;1;48;2;40;41;41m▄[38;2;0;0;0;48;2;4;4;4m▄[48;2;0;0;0m              [38;2;1;1;0m▄[38;2;105;82;47;48;2;1;0;0m▄[38;2;225;177;103;48;2;26;20;11m▄[38;2;224;176;104;48;2;24;18;9m▄[38;2;98;76;45;48;2;1;0;0m▄[38;2;1;1;0;48;2;0;0;0m▄     [38;2;3;3;3;48;2;2;2;2m▄[0m[7m[38;2;22;22;22m▄[0m[38;2;32;32;32m   [0m
 [38;2;0;0;0m [0m [38;2;42;42;42;48;2;13;13;13m▄[38;2;1;1;1;48;2;0;0;0m▄           [38;2;17;13;8m▄[38;2;173;136;82;48;2;9;7;4m▄[38;2;5;3;2;48;2;1;0;0m▄[38;2;44;33;18;48;2;4;2;1m▄[38;2;226;177;105;48;2;99;77;45m▄[38;2;230;181;106;48;2;228;178;102m▄[38;2;230;180;106;48;2;228;179;106m▄[38;2;229;179;105;48;2;230;181;108m▄[38;2;229;178;103;48;2;229;181;107m▄[38;2;199;153;83;48;2;71;55;31m▄[38;2;8;6;3;48;2;0;0;0m▄[38;2;4;3;3m▄[38;2;53;53;53;48;2;12;12;12m▄[38;2;41;41;41;48;2;2;2;2m▄[38;2;18;18;17;48;2;2;1;1m▄[38;2;12;12;12;48;2;3;2;2m▄[0m [38;2;40;39;40m   [0m
 [38;2;0;0;0m  [0m [7m[38;2;29;29;28m▄[0m[38;2;15;15;15;48;2;0;0;0m▄[38;2;26;26;26m▄[0m[7m[38;2;4;4;4m▄[0m[38;2;37;37;38;48;2;39;39;39m▄[38;2;1;1;1;48;2;6;6;6m▄[48;2;0;0;0m    [38;2;1;1;0m▄[38;2;76;59;34;48;2;2;2;1m▄[38;2;229;178;101;48;2;158;125;77m▄[38;2;214;166;96;48;2;232;186;116m▄[38;2;208;164;96;48;2;64;49;29m▄[38;2;205;158;90;48;2;168;129;71m▄[38;2;230;180;106;48;2;228;177;102m▄[48;2;230;180;105m [38;2;229;179;104m▄  [38;2;229;180;103;48;2;230;180;104m▄[38;2;189;153;96;48;2;84;68;43m▄[38;2;73;70;66;48;2;3;2;2m▄[0m   [7m[38;2;48;48;47m▄[0m [38;2;0;0;0m   [0m
 [38;2;0;0;0m    [0m  [38;2;34;34;34m▄[38;2;0;0;0;48;2;5;4;4m▄[48;2;1;0;0m▄[48;2;0;0;0m    [38;2;72;56;31;48;2;7;5;3m▄[38;2;231;181;106;48;2;200;157;95m▄[38;2;233;184;110;48;2;226;179;105m▄[38;2;99;84;62;48;2;168;134;85m▄[0m[7m[38;2;115;98;67m▄[38;2;150;124;84m▄[38;2;224;175;101m▄[0m[38;2;217;171;103;48;2;230;181;105m▄[38;2;232;183;109;48;2;231;182;107m▄[48;2;231;181;107m▄[38;2;223;176;104;48;2;229;179;104m▄[38;2;95;80;62;48;2;226;176;98m▄[0m[7m[38;2;159;131;90m▄[38;2;95;91;86m▄[0m  [38;2;3;3;3m      [0m
 [38;2;0;0;0m      [0m [7m[38;2;33;33;32m▄[38;2;1;1;1m▄[0m[38;2;21;21;21;48;2;0;0;0m▄[38;2;15;11;7;48;2;1;1;0m▄[38;2;172;135;76;48;2;7;5;2m▄[38;2;180;141;81;48;2;8;6;2m▄[38;2;218;170;100;48;2;156;119;64m▄[38;2;229;179;103;48;2;228;176;100m▄[38;2;231;180;105;48;2;231;181;107m▄[38;2;228;178;104;48;2;153;127;86m▄[0m[38;2;128;104;70m▄[0m  [38;2;150;121;78;48;2;131;107;70m▄[38;2;229;179;105;48;2;230;180;103m▄[38;2;229;179;103;48;2;231;183;108m▄[38;2;163;133;89;48;2;155;129;88m▄[0m     [38;2;0;0;0m      [0m
 [38;2;0;0;0m         [0m [7m[38;2;84;71;56m▄[0m[38;2;187;152;100;48;2;180;141;84m▄[38;2;213;165;97;48;2;215;170;101m▄[38;2;227;176;100;48;2;231;181;108m▄[38;2;229;179;104;48;2;230;180;104m▄[48;2;230;179;104m▄[38;2;230;179;106;48;2;230;179;105m▄[38;2;230;180;106;48;2;230;180;107m▄[38;2;230;179;106;48;2;225;176;104m▄[38;2;229;178;104;48;2;218;169;98m▄[48;2;228;177;104m [38;2;230;179;105;48;2;230;179;106m▄[38;2;216;170;100;48;2;228;178;104m▄[38;2;229;180;104;48;2;194;152;86m▄[38;2;213;169;101;48;2;199;158;95m▄[38;2;228;181;109;48;2;226;180;107m▄[38;2;139;122;97;48;2;113;101;85m▄[0m [38;2;8;8;8m       [0m
 [38;2;0;0;0m [0m [38;2;0;0;0m        [0m  [38;2;77;73;66;48;2;99;88;71m▄[38;2;232;182;109;48;2;228;176;98m▄[38;2;231;180;105;48;2;230;179;103m▄[38;2;231;180;106;48;2;230;180;106m▄[38;2;229;180;106m▄[38;2;201;156;89;48;2;230;179;105m▄[38;2;231;179;104;48;2;230;179;104m▄[38;2;230;178;102m▄[38;2;230;180;104;48;2;230;179;105m▄[48;2;230;180;105m [38;2;229;179;104;48;2;229;179;105m▄[38;2;230;180;106;48;2;228;178;105m▄[38;2;230;180;107;48;2;228;179;105m▄[38;2;228;179;105;48;2;227;178;103m▄[38;2;231;183;110;48;2;184;149;94m▄[0m[38;2;71;63;51m▄       [0m
 [38;2;0;0;0m [0m [38;2;8;8;8m      [0m    [38;2;60;60;56m▄[38;2;230;179;103;48;2;232;182;108m▄[38;2;232;182;106;48;2;231;181;105m▄[38;2;232;183;108;48;2;231;181;106m▄[48;2;219;173;104m▄[38;2;232;182;106;48;2;197;157;93m▄[38;2;231;180;104;48;2;186;143;79m▄[38;2;233;184;108;48;2;187;145;81m▄[38;2;228;180;105;48;2;195;153;89m▄[38;2;188;150;88;48;2;218;169;95m▄[38;2;72;70;67;48;2;228;177;100m▄[0m[7m[38;2;231;182;109m▄[38;2;224;176;104m▄[38;2;200;156;90m▄[38;2;152;124;83m▄[0m [38;2;0;0;0m       [0m
 [38;2;0;0;0m     [0m  [38;2;151;96;106m▄[38;2;227;117;140;48;2;83;76;77m▄[38;2;236;123;146;48;2;137;94;103m▄[38;2;237;122;146;48;2;185;112;127m▄[38;2;236;118;144;48;2;203;113;133m▄[38;2;175;95;99;48;2;165;94;103m▄[38;2;235;186;110;48;2;234;182;106m▄[38;2;234;184;109;48;2;232;182;107m▄[38;2;232;183;108m▄ [38;2;233;183;108;48;2;232;183;107m▄[38;2;233;185;110;48;2;233;184;108m▄[38;2;212;169;101;48;2;233;184;110m▄[38;2;131;82;87;48;2;154;123;80m▄[0m  [38;2;1;1;1m            [0m
 [38;2;0;0;0m    [0m [38;2;158;91;107m▄[38;2;235;116;142;48;2;197;107;125m▄[38;2;236;119;144;48;2;236;123;146m▄[38;2;237;122;145;48;2;236;124;146m▄[38;2;237;124;147;48;2;237;123;146m▄[38;2;238;122;147;48;2;237;120;145m▄[38;2;238;123;146;48;2;196;98;116m▄[38;2;214;119;134;48;2;156;98;84m▄[38;2;184;132;91;48;2;235;186;112m▄[38;2;231;179;104;48;2;233;183;108m▄[38;2;233;183;108;48;2;232;183;108m▄[38;2;233;185;110;48;2;232;183;109m▄[48;2;232;184;109m [38;2;232;185;111;48;2;231;182;108m▄[38;2;172;128;91;48;2;174;131;85m▄[38;2;223;121;139;48;2;239;126;146m▄[38;2;239;122;147;48;2;216;117;135m▄[38;2;211;113;131;48;2;80;63;66m▄[0m [38;2;28;26;27m           [0m
 [38;2;0;0;0m   [0m [38;2;82;78;78m▄[38;2;232;119;144;48;2;225;123;145m▄[38;2;145;76;88;48;2;222;121;140m▄[38;2;217;113;133;48;2;198;103;121m▄[38;2;207;108;127;48;2;223;112;134m▄[38;2;201;105;123;48;2;238;120;145m▄[38;2;196;106;121;48;2;238;125;148m▄[38;2;237;124;145;48;2;239;126;149m▄[38;2;238;123;147;48;2;238;125;150m▄[38;2;237;125;148;48;2;232;118;141m▄[38;2;238;127;150;48;2;181;110;101m▄[38;2;221;118;138;48;2;198;154;96m▄[38;2;177;115;95;48;2;234;185;110m▄[38;2;215;168;100;48;2;231;182;107m▄[38;2;233;182;106;48;2;232;183;108m▄[38;2;171;111;93;48;2;150;115;74m▄[38;2;241;122;147;48;2;207;103;124m▄[38;2;241;128;151;48;2;240;125;149m▄[38;2;209;115;132;48;2;241;132;154m▄[38;2;130;111;115;48;2;83;70;72m▄[0m [38;2;48;48;48m          [0m
 [38;2;0;0;0m [0m [38;2;0;0;0m  [0m [38;2;202;100;121;48;2;136;71;86m▄[38;2;237;119;141;48;2;227;109;133m▄[38;2;238;122;144;48;2;237;124;145m▄[38;2;238;123;146;48;2;237;125;146m▄[38;2;239;126;148;48;2;237;121;145m▄[38;2;240;127;149;48;2;236;122;145m▄[38;2;239;125;148;48;2;196;106;122m▄[38;2;239;122;146;48;2;195;103;120m▄[38;2;209;113;130;48;2;220;119;137m▄[38;2;200;111;126;48;2;238;124;147m▄[38;2;210;116;132;48;2;239;125;149m▄[38;2;196;111;126;48;2;241;133;153m▄[38;2;221;116;136;48;2;195;114;116m▄[38;2;129;85;92;48;2;172;131;80m▄[38;2;195;102;122;48;2;221;115;136m▄[38;2;193;99;116;48;2;241;126;149m▄[38;2;211;107;126;48;2;218;116;135m▄[38;2;240;122;147;48;2;194;99;118m▄[38;2;240;127;150;48;2;222;113;136m▄[0m[38;2;181;102;117m▄[0m [38;2;37;38;38m  [0m  [38;2;0;0;0m     [0m
 [38;2;0;0;0m    [0m   [7m[38;2;152;87;100m▄[38;2;186;110;125m▄[38;2;197;124;136m▄[38;2;232;138;156m▄[38;2;231;129;148m▄[38;2;238;134;152m▄[38;2;241;133;152m▄[38;2;239;129;149m▄[38;2;239;125;147m▄[38;2;234;119;142m▄[38;2;206;104;124m▄[38;2;131;119;125m▄[38;2;156;118;128m▄[38;2;240;129;151m▄[38;2;240;126;149m▄[0m[38;2;143;103;112;48;2;240;125;148m▄[0m[7m[38;2;209;113;130m▄[38;2;236;119;142m▄[38;2;78;58;61m▄[0m[38;2;15;13;13m      [0m  [38;2;0;0;0m [0m
 [38;2;0;0;0m                      [0m [38;2;0;0;0m            [0m
[?25h