[?25l[0m [38;2;0;0;0m                        [0m     [38;2;1;1;1m      [0m
 [38;2;0;0;0m    [0m [38;2;22;23;23m▄[38;2;5;5;5m▄[38;2;1;1;1m▄[38;2;0;0;0;48;2;27;27;27m▄[48;2;30;30;30m▄▄[48;2;33;33;33m▄[48;2;22;22;22m▄[48;2;32;32;32m▄[48;2;29;30;29m▄[0m[38;2;1;1;1m▄[38;2;11;11;11m▄[38;2;34;34;33m▄[0m  [38;2;32;32;32m▄[38;2;4;4;4m▄[38;2;0;0;0;48;2;34;34;34m▄[48;2;27;27;27m▄[48;2;24;24;24m▄[48;2;4;4;4m▄[48;2;3;3;3m▄[48;2;8;8;8m▄[38;2;1;0;0;48;2;31;31;31m▄[0m[38;2;43;43;43m▄[0m [38;2;6;6;6m    [0m
 [38;2;0;0;0m   [0m [38;2;3;3;3;48;2;22;22;22m▄[48;2;0;0;0m              [38;2;0;0;0;48;2;1;1;1m▄[48;2;0;0;0m       [38;2;13;13;13;48;2;4;4;4m▄[38;2;34;34;34;48;2;27;27;27m▄[0m[7m[38;2;45;45;44m▄[0m [38;2;12;12;12m    [0m
 [38;2;0;0;0m   [38;2;28;28;28;48;2;27;27;27m▄[38;2;14;14;14;48;2;1;1;1m▄[38;2;25;25;25;48;2;0;0;0m▄[38;2;8;8;8m▄             [38;2;6;4;2m▄[38;2;32;24;14m▄[38;2;2;1;0m▄      [38;2;2;1;1;48;2;16;16;16m▄[0m[38;2;40;40;40m▄    [0m
 [38;2;0;0;0m   [0m [38;2;31;31;31m▄[38;2;1;1;1;48;2;41;42;42m▄[38;2;0;0;0;48;2;10;10;10m▄[48;2;0;0;0m           [38;2;10;7;4m▄[38;2;198;147;88;48;2;30;22;13m▄[38;2;243;181;108;48;2;201;151;89m▄[38;2;243;182;109;48;2;243;183;109m▄[38;2;243;182;108;48;2;170;125;74m▄[38;2;151;112;67;48;2;11;7;4m▄[38;2;1;0;0;48;2;0;0;0m▄ [38;2;25;25;25m▄▄[38;2;2;2;1m▄[38;2;4;4;4;48;2;2;2;2m▄[0m [38;2;27;27;27m    [0m
 [38;2;0;0;0m   [0m [38;2;37;37;37;48;2;3;3;3m▄[48;2;0;0;0m          [38;2;17;13;8;48;2;1;0;0m▄[38;2;229;173;110;48;2;81;59;37m▄[38;2;111;84;52;48;2;4;2;1m▄[38;2;220;163;99;48;2;116;87;52m▄[38;2;243;181;109;48;2;243;182;110m▄[38;2;244;182;110;48;2;244;181;109m▄[48;2;243;182;109m▄[38;2;243;182;110m▄[38;2;243;182;111;48;2;240;179;105m▄[38;2;139;105;63;48;2;48;35;20m▄[38;2;2;2;1;48;2;1;0;0m▄[38;2;10;10;10;48;2;13;14;14m▄[0m [7m[38;2;59;59;58m▄[38;2;43;43;43m▄[0m [38;2;0;0;0m    [0m
 [38;2;0;0;0m    [0m [7m[38;2;12;12;12m▄[0m[38;2;12;12;11;48;2;0;0;0m▄[38;2;28;28;28m▄[0m[7m[38;2;11;11;11m▄[0m[38;2;10;10;10;48;2;14;14;14m▄[48;2;0;0;0m    [38;2;2;2;1m▄[38;2;190;147;94;48;2;105;79;49m▄[38;2;202;155;95;48;2;233;177;111m▄[38;2;115;94;66;48;2;242;183;112m▄[38;2;90;75;55;48;2;219;160;93m▄[38;2;191;150;99;48;2;244;182;109m▄[38;2;245;184;112;48;2;244;183;110m▄▄[38;2;243;182;111m▄[38;2;239;181;110;48;2;243;182;111m▄[38;2;144;115;77;48;2;228;170;99m▄[38;2;74;70;63;48;2;93;76;54m▄[0m[38;2;96;96;97m▄[0m [38;2;7;7;7m       [0m
 [38;2;0;0;0m      [0m  [38;2;36;36;36;48;2;31;31;31m▄[38;2;7;7;7;48;2;0;0;0m▄[38;2;2;1;1m▄ [38;2;3;2;1m▄[38;2;52;36;21m▄[38;2;76;57;33;48;2;21;15;8m▄[38;2;242;180;108;48;2;240;178;106m▄[38;2;244;183;113;48;2;225;170;101m▄[0m[38;2;145;115;79m▄[0m  [38;2;106;84;59;48;2;184;139;88m▄[38;2;243;182;111;48;2;243;181;109m▄[38;2;242;182;111;48;2;243;182;111m▄[0m[7m[38;2;142;115;80m▄[0m    [38;2;0;0;0m       [0m
 [38;2;0;0;0m         [0m [7m[38;2;37;37;36m▄[38;2;2;2;2m▄[0m[38;2;149;118;82;48;2;103;75;42m▄[38;2;202;154;94;48;2;177;134;81m▄[38;2;242;181;108;48;2;205;154;92m▄[38;2;243;182;110;48;2;244;183;112m▄[38;2;244;182;110;48;2;243;181;109m▄[48;2;243;181;110m▄[38;2;244;183;111;48;2;214;163;103m▄[38;2;244;183;112;48;2;181;143;97m▄[38;2;243;182;110;48;2;226;174;111m▄[48;2;244;183;113m▄[38;2;218;166;102;48;2;244;185;116m▄[38;2;234;176;106;48;2;224;172;112m▄[38;2;226;169;101;48;2;207;156;101m▄[38;2;122;100;73;48;2;104;86;65m▄[0m[38;2;122;100;73m         [0m
 [38;2;0;0;0m            [0m [7m[38;2;166;133;91m▄[0m[38;2;191;148;96;48;2;206;156;93m▄[38;2;244;181;110;48;2;243;180;107m▄[38;2;244;182;111;48;2;244;181;110m▄[38;2;242;182;111;48;2;244;183;111m▄[38;2;229;174;105;48;2;244;183;112m▄[38;2;243;182;110;48;2;244;184;112m▄[38;2;244;184;111m▄[38;2;245;185;112;48;2;244;183;111m▄[38;2;244;183;110;48;2;243;182;110m▄[48;2;243;182;109m▄[38;2;244;185;112;48;2;243;183;111m▄[38;2;245;186;114;48;2;206;160;103m▄[0m[38;2;125;103;76m▄        [0m
 [38;2;0;0;0m           [0m   [38;2;179;140;94;48;2;183;145;98m▄[38;2;244;183;112;48;2;243;183;111m▄[38;2;244;182;112;48;2;243;181;111m▄[38;2;244;181;111;48;2;225;168;103m▄[38;2;243;181;111;48;2;202;152;93m▄[38;2;244;181;112;48;2;199;151;91m▄[38;2;244;180;107m▄[38;2;233;177;108;48;2;200;152;91m▄[38;2;87;76;61;48;2;199;149;87m▄[0m[7m[38;2;199;154;98m▄[38;2;192;151;101m▄[38;2;145;113;77m▄[0m [38;2;0;0;0m        [0m
 [38;2;0;0;0m        [0m [38;2;143;85;100m▄[38;2;235;117;149m▄[38;2;238;124;153;48;2;168;103;120m▄[38;2;238;123;152;48;2;213;110;137m▄[38;2;213;101;133;48;2;237;124;152m▄[38;2;200;148;94;48;2;193;140;92m▄[38;2;245;183;114;48;2;244;182;111m▄[38;2;244;182;112;48;2;244;181;112m▄[48;2;244;181;111m [38;2;244;181;111;48;2;244;182;112m▄[38;2;243;181;111;48;2;244;183;113m▄[38;2;189;131;95;48;2;228;173;109m▄[38;2;228;115;145;48;2;91;78;76m▄[0m[38;2;103;63;74m▄[0m [38;2;4;4;4m           [0m
 [38;2;0;0;0m       [0m [38;2;164;97;114;48;2;97;65;73m▄[38;2;239;124;153;48;2;236;117;149m▄[38;2;239;123;152;48;2;238;118;150m▄[38;2;239;119;149;48;2;238;121;152m▄[38;2;238;119;150;48;2;221;116;142m▄[38;2;237;118;149;48;2;170;85;106m▄[38;2;225;116;141;48;2;198;142;91m▄[38;2;194;122;107;48;2;245;182;114m▄[38;2;226;168;105;48;2;245;182;112m▄[38;2;245;182;112;48;2;244;182;111m▄[38;2;245;183;112m▄[38;2;244;184;115;48;2;243;181;110m▄[38;2;147;90;82;48;2;188;116;102m▄[38;2;240;126;155;48;2;239;122;152m▄[38;2;238;121;152;48;2;229;119;146m▄[0m [38;2;63;55;58m           [0m
 [38;2;0;0;0m       [38;2;102;62;72;48;2;77;53;59m▄[38;2;201;105;127;48;2;236;119;148m▄[38;2;237;122;151;48;2;201;101;125m▄[38;2;239;121;152;48;2;196;105;125m▄[38;2;239;119;151;48;2;195;98;120m▄[38;2;240;121;151;48;2;196;98;120m▄[38;2;216;111;137;48;2;222;116;140m▄[38;2;197;103;124;48;2;239;121;150m▄[38;2;204;104;127;48;2;239;116;147m▄[38;2;241;125;153;48;2;205;108;123m▄[38;2;220;116;138;48;2;208;151;101m▄[38;2;206;146;104;48;2;245;183;116m▄[38;2;192;126;104;48;2;233;177;115m▄[38;2;239;114;147;48;2;202;109;122m▄[38;2;208;103;128;48;2;239;123;152m▄[38;2;210;109;132;48;2;195;97;121m▄[38;2;241;129;155;48;2;159;95;111m▄[0m[38;2;147;91;104m▄[0m [38;2;5;5;5m         [0m
 [38;2;0;0;0m      [38;2;109;73;82m▄[38;2;238;121;151;48;2;182;104;124m▄[38;2;238;120;150;48;2;238;118;150m▄[48;2;239;120;151m [48;2;239;121;151m [38;2;239;121;151;48;2;240;122;152m▄[48;2;239;122;151m▄[48;2;239;120;151m ▄[38;2;239;121;152;48;2;233;119;148m▄[38;2;240;123;153;48;2;197;103;124m▄[38;2;236;125;153;48;2;202;102;125m▄[38;2;139;81;95;48;2;184;99;115m▄[38;2;92;72;82;48;2;162;95;107m▄[38;2;236;114;146;48;2;196;106;126m▄[38;2;240;120;151;48;2;218;112;137m▄[38;2;240;119;150;48;2;239;119;150m▄[38;2;237;120;149;48;2;240;120;151m▄[38;2;240;118;149;48;2;231;119;146m▄[0m[38;2;117;73;85m▄         [0m
 [38;2;0;0;0m     [0m [38;2;233;114;145;48;2;186;98;121m▄[38;2;239;119;150;48;2;238;120;150m▄[38;2;239;121;151;48;2;239;120;150m▄[38;2;240;122;152;48;2;239;121;151m▄[48;2;240;122;152m [48;2;239;122;152m▄[38;2;238;121;150;48;2;240;122;152m▄ [38;2;239;122;151;48;2;239;121;151m▄[48;2;239;122;151m [38;2;240;122;152;48;2;239;122;153m▄[38;2;241;124;154;48;2;240;121;152m▄[38;2;194;113;134;48;2;152;93;111m▄[38;2;125;87;98;48;2;83;88;92m▄[38;2;225;114;142;48;2;228;119;148m▄[38;2;239;121;151;48;2;240;123;153m▄[38;2;239;122;152;48;2;240;122;152m▄[38;2;191;100;123;48;2;192;96;119m▄[38;2;239;122;152;48;2;239;117;148m▄[38;2;217;112;135;48;2;178;102;120m▄[0m [38;2;33;34;34m        [0m
 [38;2;0;0;0m     [38;2;134;86;98;48;2;94;58;67m▄[38;2;219;112;139;48;2;238;121;150m▄[38;2;216;114;138;48;2;239;120;151m▄[38;2;216;113;138;48;2;240;121;151m▄[38;2;216;111;136m▄[38;2;216;115;139;48;2;240;122;153m▄[38;2;216;117;140;48;2;242;129;156m▄[38;2;155;81;97;48;2;172;89;108m▄[38;2;214;114;137;48;2;239;122;151m▄[38;2;214;108;134;48;2;238;120;151m▄[38;2;214;109;134;48;2;238;120;150m▄[38;2;215;112;137;48;2;240;122;152m▄[38;2;217;114;138;48;2;241;123;154m▄[48;2;242;123;155m▄[38;2;173;88;107;48;2;193;102;123m▄[38;2;224;117;145;48;2;239;119;150m▄[38;2;216;115;140;48;2;240;121;152m▄[38;2;217;118;141m▄[38;2;217;119;142;48;2;205;104;128m▄[38;2;178;97;116;48;2;227;121;145m▄[38;2;217;107;135;48;2;242;126;152m▄[38;2;88;57;65;48;2;73;59;62m▄[0m[38;2;88;57;65m        [0m
 [38;2;0;0;0m     [0m  [38;2;0;0;0m             [0m [38;2;0;0;0m   [0m [38;2;0;0;0m          [0m
[?25h