[?25l[0m [38;2;46;20;20m▄[38;2;154;29;31;48;2;101;30;29m▄[38;2;158;31;31;48;2;158;30;30m▄▄[38;2;158;30;31;48;2;157;30;30m▄[38;2;157;30;31m▄[38;2;158;31;31m▄[38;2;157;31;31;48;2;158;31;30m▄[38;2;126;26;25;48;2;122;22;21m▄[38;2;117;22;21;48;2;160;30;30m▄[38;2;132;25;26;48;2;127;23;22m▄[38;2;152;30;31;48;2;136;28;27m▄[38;2;159;30;30;48;2;129;26;25m▄[38;2;155;29;28;48;2;134;24;22m▄[38;2;72;24;23;48;2;48;24;25m▄[0m[38;2;72;24;23m     [0m [38;2;132;25;24;48;2;125;23;23m▄[38;2;160;27;28;48;2;149;26;26m▄[38;2;153;27;27;48;2;122;20;19m▄[38;2;131;24;24;48;2;137;24;22m▄[38;2;151;29;28;48;2;138;30;27m▄[0m[38;2;56;28;27m▄  [0m
 [38;2;128;49;48;48;2;122;33;33m▄[38;2;127;44;42;48;2;160;32;33m▄[38;2;126;39;39;48;2;159;32;32m▄[38;2;129;44;43m▄[38;2;123;38;37;48;2;158;31;31m▄[38;2;121;36;35;48;2;158;31;32m▄[38;2;124;37;36m▄[38;2;126;37;37;48;2;157;32;32m▄[38;2;125;38;37;48;2;155;31;31m▄[38;2;123;37;36;48;2;134;24;25m▄[38;2;128;41;39;48;2;157;31;31m▄[38;2;128;39;38;48;2;159;30;30m▄[38;2;124;37;37;48;2;158;30;30m▄[38;2;124;39;38;48;2;154;29;30m▄[38;2;83;37;37;48;2;100;38;38m▄[0m[38;2;83;37;37m     [0m [38;2;106;41;40;48;2;140;28;27m▄[38;2;126;42;41;48;2;158;29;28m▄[38;2;120;38;38;48;2;153;27;28m▄[38;2;106;39;38;48;2;145;27;27m▄[38;2;130;43;41;48;2;155;30;30m▄[38;2;116;50;48;48;2;112;41;41m▄[0m [38;2;3;3;3m [0m
 [38;2;0;0;0m                             [0m
 [38;2;0;0;0m   [0m  [38;2;30;29;30m▄[38;2;23;23;23m▄[38;2;24;24;24m▄[38;2;41;41;41m▄[38;2;40;40;40m▄[38;2;42;42;42m▄[38;2;20;20;20m▄[38;2;21;21;21m▄[38;2;28;28;28m▄[0m  [38;2;16;16;16m      [0m  [38;2;23;23;23m▄[38;2;30;30;30m▄[38;2;18;18;18m▄[38;2;6;6;6m▄[38;2;3;3;3m▄[0m
 [38;2;0;0;0m [38;2;21;21;21m▄[38;2;1;1;1;48;2;29;29;29m▄[38;2;0;0;0;48;2;26;26;26m▄[48;2;3;3;3m▄[48;2;1;1;1m▄[48;2;0;0;0m        [48;2;1;1;1m▄[48;2;15;15;15m▄[48;2;26;26;25m▄[0m[38;2;1;1;1m▄[38;2;14;14;14m▄[38;2;26;26;26m▄[38;2;4;4;4m▄[38;2;0;0;0;48;2;25;26;25m▄[48;2;15;15;15m▄[48;2;1;1;1m▄[48;2;0;0;0m     [0m
  [38;2;1;1;1;48;2;10;10;10m▄[48;2;0;0;0m                           [0m
 [38;2;32;32;32;48;2;18;19;19m▄[38;2;21;21;21;48;2;1;1;1m▄[0m[7m[38;2;1;1;1m▄[0m[38;2;43;44;44;48;2;0;0;0m▄[38;2;11;11;11;48;2;1;1;1m▄[48;2;0;0;0m                        [0m
  [38;2;11;11;11m▄[38;2;0;0;0;48;2;27;27;27m▄[48;2;1;1;1m▄[48;2;0;0;0m               [38;2;2;1;0m▄[38;2;136;105;60;48;2;1;1;0m▄[38;2;243;192;115;48;2;82;65;38m▄[38;2;244;193;116;48;2;94;74;43m▄[38;2;158;122;73;48;2;4;3;1m▄[38;2;4;3;2;48;2;0;0;0m▄    [0m
  [7m[38;2;15;15;14m▄[0m[38;2;2;2;2;48;2;0;0;0m▄            [38;2;28;21;13m▄[38;2;184;145;90;48;2;35;27;16m▄[38;2;2;2;1;48;2;1;1;0m▄[38;2;55;42;25;48;2;2;2;1m▄[38;2;238;188;114;48;2;119;93;57m▄[38;2;243;190;115;48;2;242;189;111m▄[48;2;242;189;113m [38;2;241;188;112;48;2;243;189;113m▄[38;2;242;189;113;48;2;242;189;112m▄[38;2;239;187;112;48;2;127;98;58m▄[38;2;51;39;22;48;2;1;1;0m▄[48;2;0;0;0m [38;2;2;2;2;48;2;8;8;8m▄[0m[7m[38;2;10;10;10m▄[0m
 [38;2;0;0;0m [0m [7m[38;2;22;22;22m▄[0m[38;2;11;11;11;48;2;1;1;1m▄[38;2;1;1;1;48;2;0;0;0m▄[38;2;11;11;11m▄[0m[7m[38;2;1;1;1m▄[0m[38;2;29;29;29;48;2;35;35;35m▄[38;2;0;0;0;48;2;1;1;1m▄[48;2;0;0;0m     [38;2;55;43;25;48;2;1;1;0m▄[38;2;238;184;110;48;2;160;123;71m▄[38;2;231;181;108;48;2;233;182;108m▄[38;2;130;103;64;48;2;22;16;9m▄[38;2;234;185;114;48;2;186;143;85m▄[38;2;242;189;113;48;2;242;188;112m▄[48;2;242;189;113m   [48;2;242;189;114m▄[48;2;243;189;114m▄[38;2;238;188;115;48;2;169;131;78m▄[38;2;106;82;50;48;2;3;2;1m▄[38;2;0;0;0;48;2;2;1;1m▄[38;2;11;11;11;48;2;26;26;26m▄[0m
 [38;2;0;0;0m   [0m [7m[38;2;31;31;31m▄[0m [38;2;26;26;26m▄[38;2;0;0;0;48;2;4;4;4m▄[48;2;0;0;0m     [38;2;25;19;10;48;2;2;1;1m▄[38;2;237;185;111;48;2;167;134;87m▄[38;2;209;164;101;48;2;220;174;108m▄[38;2;171;166;158;48;2;175;136;80m▄[38;2;251;251;251;48;2;153;127;85m▄[38;2;238;239;238;48;2;185;147;91m▄[38;2;183;169;149;48;2;242;189;113m▄[38;2;228;178;108;48;2;242;190;114m▄[38;2;242;189;113m▄[48;2;242;189;114m▄[38;2;243;190;115;48;2;242;189;113m▄[38;2;198;165;118;48;2;241;189;113m▄[38;2;211;209;206;48;2;182;142;86m▄[38;2;232;232;232;48;2;134;105;62m▄[38;2;56;56;56;48;2;4;3;2m▄[0m[7m[38;2;13;13;12m▄[0m
 [38;2;0;0;0m     [0m [7m[38;2;28;28;28m▄[38;2;3;3;3m▄[0m[38;2;18;18;18;48;2;0;0;0m▄[38;2;1;1;1m▄ [38;2;45;34;20m▄[38;2;95;73;43;48;2;1;1;0m▄[38;2;161;126;75;48;2;101;79;48m▄[38;2;242;187;111;48;2;243;191;119m▄[38;2;242;186;109;48;2;239;190;118m▄[38;2;192;160;113;48;2;195;191;184m▄[38;2;227;227;226;48;2;250;250;250m▄[38;2;247;248;248;48;2;152;153;153m▄[38;2;251;251;251;48;2;248;248;248m▄[38;2;197;184;167;48;2;189;165;134m▄[38;2;242;190;115;48;2;242;190;116m▄[38;2;242;188;113;48;2;243;190;114m▄[38;2;203;158;94;48;2;230;180;109m▄[38;2;226;227;226;48;2;201;198;193m▄[38;2;249;249;249;48;2;184;184;184m▄[38;2;187;187;187;48;2;233;232;233m▄[0m[7m[38;2;79;79;80m▄[0m[38;2;19;19;19m [0m
 [38;2;0;0;0m        [0m [7m[38;2;22;22;22m▄[38;2;26;25;23m▄[0m[38;2;195;153;95;48;2;182;144;86m▄[38;2;199;153;89;48;2;161;128;75m▄[38;2;242;186;108;48;2;228;173;98m▄[38;2;243;188;111;48;2;241;186;108m▄[38;2;242;188;112;48;2;242;187;111m▄[38;2;242;187;111;48;2;242;189;115m▄[38;2;242;187;112;48;2;206;166;108m▄[38;2;242;189;114;48;2;197;176;145m▄[38;2;241;188;113;48;2;198;179;151m▄[38;2;240;186;110;48;2;199;156;99m▄[48;2;241;185;108m▄[38;2;240;185;108;48;2;242;187;111m▄[38;2;186;145;88;48;2;239;185;109m▄[38;2;196;155;94;48;2;189;162;123m▄[38;2;242;192;120;48;2;191;168;132m▄[38;2;192;155;99;48;2;165;138;98m▄[0m [38;2;9;10;10m [0m
 [38;2;0;0;0m           [7m[38;2;78;66;50m▄[38;2;171;136;89m▄[0m[38;2;196;154;94;48;2;214;167;101m▄[38;2;242;188;112;48;2;243;189;113m▄[48;2;242;187;111m [48;2;241;187;111m▄[38;2;242;189;114;48;2;242;188;112m▄[38;2;243;189;114;48;2;242;189;113m▄[48;2;242;188;113m [38;2;242;189;114;48;2;242;188;112m▄[38;2;242;189;113;48;2;240;187;111m▄[38;2;241;188;113;48;2;239;186;110m▄[38;2;241;189;114;48;2;237;185;110m▄[48;2;238;187;112m▄[38;2;242;190;115;48;2;241;189;113m▄[38;2;241;190;114;48;2;236;187;115m▄[0m[38;2;142;116;81m▄ [0m
 [38;2;0;0;0m             [38;2;182;148;100;48;2;182;147;96m▄[38;2;241;187;110;48;2;241;187;111m▄[38;2;242;188;113;48;2;242;188;112m▄[38;2;242;189;114;48;2;243;189;113m▄[38;2;229;179;107;48;2;242;189;114m▄[38;2;189;147;86;48;2;216;169;102m▄[38;2;189;148;87;48;2;242;187;112m▄[38;2;189;149;88;48;2;242;188;112m▄[38;2;188;148;88;48;2;242;190;115m▄[38;2;209;165;101;48;2;242;190;116m▄[38;2;214;169;103m▄[38;2;195;154;90;48;2;242;189;114m▄[38;2;183;148;96;48;2;242;189;112m▄[38;2;108;90;65;48;2;243;191;117m▄[0m[7m[38;2;137;112;78m▄[0m [0m
 [38;2;0;0;0m       [0m [38;2;106;72;78m▄[38;2;214;128;145m▄[38;2;246;143;164;48;2;83;57;62m▄[38;2;246;133;159;48;2;155;97;111m▄[38;2;228;133;152;48;2;185;120;135m▄[38;2;186;143;96;48;2;179;136;91m▄[38;2;243;189;115;48;2;242;187;111m▄[38;2;243;188;112;48;2;242;188;112m▄[38;2;242;188;113;48;2;242;189;113m▄[38;2;243;189;114m▄[38;2;243;190;115;48;2;242;189;114m▄[48;2;243;191;117m▄[38;2;242;187;111;48;2;241;189;116m▄[38;2;168;133;86;48;2;232;182;109m▄[0m[7m[38;2;164;133;82m▄[0m   [38;2;0;0;0m   [0m
 [38;2;0;0;0m     [0m [38;2;131;83;93m▄[38;2;247;135;159;48;2;152;93;103m▄[38;2;247;137;160;48;2;245;138;160m▄[38;2;246;140;161;48;2;245;139;160m▄[38;2;246;140;162;48;2;246;141;162m▄[48;2;213;123;141m▄[38;2;188;107;123;48;2;126;62;81m▄[38;2;176;130;86;48;2;187;142;86m▄[38;2;243;188;113;48;2;243;188;112m▄[38;2;243;189;114;48;2;243;188;113m▄[48;2;242;188;113m▄[48;2;242;189;113m▄[48;2;243;190;115m▄[38;2;242;190;115m▄[38;2;198;154;94;48;2;237;186;115m▄[38;2;228;128;148;48;2;179;105;114m▄[38;2;246;141;164;48;2;137;84;95m▄[0m[38;2;159;102;112m▄[0m [38;2;9;9;9m    [0m
 [38;2;0;0;0m     [38;2;126;80;88m▄[38;2;246;142;162;48;2;234;137;156m▄[38;2;203;121;134;48;2;246;138;159m▄[38;2;156;91;101;48;2;246;137;158m▄[38;2;183;101;115;48;2;247;136;159m▄[38;2;233;127;148;48;2;247;137;160m▄[38;2;247;137;161;48;2;246;137;161m▄[38;2;247;140;162;48;2;245;139;161m▄[38;2;247;139;161;48;2;232;133;151m▄[38;2;246;140;161;48;2;181;122;102m▄[38;2;203;120;128;48;2;220;173;106m▄[38;2;188;141;93;48;2;243;190;116m▄[38;2;243;190;116;48;2;243;190;115m▄[38;2;243;190;114;48;2;243;189;114m▄[38;2;242;190;113;48;2;242;189;113m▄[38;2;183;143;91;48;2;181;138;87m▄[38;2;208;121;136;48;2;195;105;123m▄[38;2;245;138;160;48;2;245;146;166m▄[38;2;243;134;155;48;2;243;143;162m▄[0m[38;2;69;50;53m▄[0m [38;2;0;0;0m   [0m
[?25h