[?25l[0m [38;2;0;0;0m   [0m   [7m[38;2;82;27;28m▄[38;2;110;35;36m▄[38;2;144;48;49m▄[38;2;154;38;40m▄[38;2;150;33;36m▄[38;2;142;25;29m▄[38;2;142;22;26m▄[38;2;150;24;28m▄[38;2;109;37;38m▄[0m [38;2;2;2;2m    [0m [7m[38;2;116;39;41m▄[38;2;150;43;46m▄[38;2;128;42;44m▄[38;2;112;40;41m▄[38;2;80;30;32m▄[0m  [38;2;0;0;0m [0m
 [38;2;0;0;0m   [0m [38;2;26;26;26m▄[38;2;25;25;25m▄[38;2;15;15;15m▄[38;2;35;35;35m▄[38;2;26;25;25m▄[38;2;17;17;16m▄[38;2;21;21;21m▄[38;2;23;23;22m▄[0m   [38;2;3;3;3m  [0m  [38;2;22;22;22m▄[38;2;21;21;21m▄[38;2;1;1;1m▄▄[38;2;0;0;0;48;2;21;21;21m▄[48;2;35;35;34m▄[48;2;34;34;34m▄[38;2;1;0;0;48;2;19;20;19m▄[0m[38;2;8;8;7m▄[38;2;23;23;23m▄[0m
 [38;2;0;0;0m [38;2;27;27;27m▄[38;2;1;1;1;48;2;31;31;31m▄[38;2;0;0;0;48;2;3;3;3m▄[48;2;0;0;0m        [48;2;1;1;1m▄[48;2;2;2;2m▄[48;2;20;20;20m▄[48;2;23;23;23m▄[0m[38;2;1;1;1m▄[38;2;0;0;0;48;2;20;20;20m▄[48;2;1;1;1m▄[48;2;0;0;0m         [48;2;1;1;1m▄[0m
 [38;2;20;20;20m▄[38;2;2;1;1;48;2;7;7;7m▄[48;2;0;0;0m                         [38;2;11;11;11;48;2;24;24;24m▄[38;2;30;30;29;48;2;41;41;41m▄[0m
 [7m[38;2;6;6;6m▄[38;2;2;2;2m▄[0m[38;2;40;40;40;48;2;1;1;1m▄[48;2;0;0;0m                         [38;2;0;0;0;48;2;1;1;1m▄[0m
 [38;2;29;29;29m▄[38;2;0;0;0;48;2;22;23;22m▄[48;2;1;1;1m▄[48;2;0;0;0m                [38;2;40;31;17m▄[38;2;200;155;89;48;2;23;17;9m▄[38;2;210;162;92;48;2;21;15;8m▄[38;2;82;62;36;48;2;0;0;0m▄[38;2;1;1;0m▄     [0m
 [7m[38;2;21;22;21m▄[0m[38;2;2;2;2;48;2;1;0;0m▄[48;2;0;0;0m             [38;2;34;26;14m▄[38;2;4;2;1m▄[38;2;1;1;0m▄[38;2;114;89;50;48;2;11;8;4m▄[38;2;216;168;97;48;2;182;139;78m▄[38;2;217;167;97;48;2;217;167;96m▄[38;2;218;169;98;48;2;220;171;100m▄[38;2;219;170;99;48;2;217;169;99m▄[38;2;199;154;89;48;2;67;51;30m▄[38;2;16;11;6;48;2;0;0;0m▄[38;2;1;1;1m▄[0m[7m[38;2;29;30;29m▄[38;2;8;8;8m▄[0m[38;2;22;22;22;48;2;0;0;0m▄[0m
  [7m[38;2;16;16;16m▄[0m[38;2;5;5;5;48;2;1;0;0m▄[48;2;0;0;0m [38;2;7;8;7m▄[38;2;7;7;7m▄        [38;2;92;70;39;48;2;5;4;2m▄[38;2;218;169;97;48;2;180;140;83m▄[38;2;165;128;75;48;2;52;39;22m▄[38;2;92;72;41;48;2;15;11;6m▄[38;2;218;170;98;48;2;205;160;91m▄[48;2;218;170;98m [38;2;218;169;98;48;2;217;169;98m▄[38;2;218;170;99m▄[38;2;219;171;99;48;2;218;170;99m▄[38;2;218;170;100;48;2;219;171;100m▄[38;2;194;150;85;48;2;114;87;51m▄[38;2;49;40;28;48;2;2;1;1m▄[0m   [0m
 [38;2;0;0;0m  [7m[38;2;23;23;22m▄[38;2;19;19;20m▄[0m[38;2;23;23;23m▄[38;2;0;0;0;48;2;8;8;8m▄[48;2;0;0;0m       [38;2;57;43;25;48;2;4;3;1m▄[38;2;213;166;97;48;2;188;146;87m▄[38;2;205;157;91;48;2;209;164;97m▄[38;2;149;121;81;48;2;223;175;105m▄[38;2;143;124;95;48;2;176;137;80m▄[38;2;181;146;94;48;2;220;171;101m▄[38;2;219;171;100;48;2;220;171;100m▄[38;2;220;172;100;48;2;219;171;99m▄[38;2;220;171;100;48;2;219;171;100m▄[38;2;219;170;99m▄[38;2;205;161;96;48;2;219;170;100m▄[38;2;177;167;154;48;2;206;161;91m▄[38;2;230;230;230;48;2;146;119;73m▄[38;2;112;112;112;48;2;53;53;53m▄[0m [38;2;25;25;25m [0m
 [38;2;0;0;0m   [0m [7m[38;2;20;20;20m▄[0m[38;2;15;15;15;48;2;0;0;0m▄[38;2;1;1;1m▄[38;2;10;10;10m▄[38;2;27;27;28m▄   [48;2;1;1;0m [38;2;172;133;77;48;2;120;94;54m▄[38;2;224;175;105;48;2;221;175;106m▄[38;2;200;159;99;48;2;148;118;74m▄[38;2;218;217;215;48;2;224;223;224m▄[38;2;234;234;235;48;2;251;251;251m▄[38;2;169;169;169;48;2;236;236;236m▄[38;2;236;237;237;48;2;170;151;125m▄[38;2;179;141;86;48;2;218;170;98m▄[38;2;221;173;101;48;2;220;171;100m▄[38;2;223;177;108;48;2;222;174;104m▄[38;2;179;169;155;48;2;171;151;123m▄[38;2;250;250;250;48;2;241;242;241m▄[38;2;198;196;196;48;2;178;178;179m▄[0m[7m[38;2;122;121;121m▄[0m[38;2;36;36;36m  [0m
 [38;2;0;0;0m     [0m [7m[38;2;30;30;30m▄[0m [38;2;10;10;10;48;2;18;18;18m▄[38;2;1;1;0;48;2;0;0;0m▄[38;2;26;19;9m▄[38;2;164;123;69;48;2;20;15;8m▄[38;2;168;131;76;48;2;23;17;9m▄[38;2;219;170;100;48;2;210;163;96m▄[48;2;222;172;100m [38;2;221;171;99;48;2;222;174;103m▄[38;2;220;171;100;48;2;185;153;108m▄[38;2;214;167;98;48;2;199;196;191m▄[38;2;185;145;84;48;2;235;236;236m▄[38;2;200;155;89;48;2;209;208;207m▄[38;2;218;169;99;48;2;186;147;91m▄[38;2;219;171;102;48;2;221;174;103m▄[38;2;195;153;90;48;2;221;174;102m▄[38;2;169;132;77;48;2;183;150;100m▄[38;2;183;144;85;48;2;182;162;133m▄[38;2;219;173;102;48;2;188;152;98m▄[0m[38;2;41;34;24m▄  [0m
 [38;2;0;0;0m        [0m [7m[38;2;25;25;24m▄[38;2;66;53;35m▄[0m[38;2;161;124;72;48;2;174;136;81m▄[38;2;194;149;80;48;2;206;158;89m▄[38;2;216;167;95;48;2;221;170;97m▄[38;2;222;173;101;48;2;222;172;101m▄[48;2;222;173;101m [48;2;221;173;101m [38;2;221;172;100;48;2;221;172;102m▄[38;2;220;171;100;48;2;220;171;101m▄[48;2;219;170;100m▄[48;2;220;172;101m  [38;2;220;172;102;48;2;217;170;99m▄[38;2;221;173;102;48;2;221;173;101m▄[48;2;219;171;98m▄[38;2;222;174;102;48;2;221;174;103m▄[38;2;210;165;97;48;2;126;102;66m▄[0m[38;2;50;44;34m▄ [0m
 [38;2;0;0;0m           [0m [7m[38;2;66;58;46m▄[0m[38;2;208;164;100;48;2;222;175;106m▄[38;2;222;173;101;48;2;222;174;102m▄[38;2;221;172;100;48;2;222;173;101m▄[38;2;222;173;101;48;2;221;173;101m▄[38;2;221;174;106m▄[38;2;191;150;90;48;2;221;172;101m▄[38;2;224;173;102;48;2;221;172;102m▄[38;2;220;170;98m▄[38;2;221;172;101;48;2;221;173;102m▄[38;2;223;174;103;48;2;221;173;103m▄[38;2;222;174;102;48;2;222;174;104m▄[38;2;223;175;104;48;2;221;173;102m▄[38;2;195;152;88;48;2;221;174;103m▄[38;2;114;92;61;48;2;222;177;108m▄[0m[7m[38;2;100;82;55m▄[0m[38;2;14;13;12m [0m
 [38;2;0;0;0m            [0m [38;2;167;129;75;48;2;181;140;81m▄[38;2;222;172;100;48;2;222;172;99m▄[38;2;223;173;101;48;2;221;172;100m▄[38;2;222;174;102;48;2;223;174;102m▄[48;2;208;163;97m▄[38;2;222;173;101;48;2;187;146;85m▄[38;2;221;172;100;48;2;162;124;70m▄[38;2;221;174;101;48;2;166;129;72m▄[38;2;223;174;103;48;2;175;137;81m▄[38;2;161;128;79;48;2;170;134;78m▄[0m[7m[38;2;104;87;61m▄[38;2;58;50;38m▄[0m  [38;2;0;0;0m  [0m
 [38;2;0;0;0m        [0m [38;2;120;77;89m▄[38;2;216;124;151m▄[38;2;238;122;159;48;2;93;62;72m▄[38;2;182;94;123;48;2;124;77;92m▄[38;2;189;148;89;48;2;171;133;79m▄[38;2;224;175;103;48;2;223;173;101m▄[38;2;222;173;100;48;2;222;172;100m▄[38;2;221;172;100m▄[48;2;222;173;101m▄[38;2;222;174;102;48;2;223;174;102m▄[38;2;223;175;103m▄[38;2;197;154;93;48;2;222;174;101m▄[38;2;49;37;40;48;2;92;75;51m▄[0m [38;2;13;13;13m      [0m
 [38;2;0;0;0m     [0m [38;2;65;50;54m▄[38;2;208;109;138;48;2;53;43;46m▄[38;2;235;124;158;48;2;185;103;128m▄[38;2;236;129;161;48;2;237;136;166m▄[38;2;236;131;162;48;2;237;134;165m▄[38;2;237;134;164;48;2;204;119;142m▄[38;2;229;130;158;48;2;94;55;64m▄[38;2;156;102;91;48;2;214;166;96m▄[38;2;198;152;90;48;2;222;172;100m▄[38;2;221;171;99;48;2;221;172;100m▄[38;2;222;173;102m▄[38;2;223;175;103;48;2;222;173;101m▄[48;2;222;174;102m [38;2;221;171;99;48;2;222;173;101m▄[38;2;150;109;76;48;2;155;117;72m▄[38;2;236;131;163;48;2;221;118;150m▄[38;2;234;138;165;48;2;125;76;89m▄[0m[38;2;109;71;80m▄[0m [38;2;3;4;4m    [0m
 [38;2;0;0;0m    [0m [38;2;137;81;98m▄[38;2;232;127;159;48;2;206;119;144m▄[38;2;145;84;99;48;2;238;132;163m▄[38;2;145;81;97;48;2;236;127;159m▄[38;2;148;80;98;48;2;236;125;158m▄[38;2;163;87;108;48;2;236;128;160m▄[38;2;230;129;157;48;2;237;132;163m▄[48;2;238;135;165m [38;2;238;131;163;48;2;239;136;165m▄[38;2;237;128;159;48;2;180;100;116m▄[38;2;218;124;148;48;2;161;120;77m▄[38;2;155;105;89;48;2;223;176;107m▄[38;2;208;163;94;48;2;223;176;104m▄[38;2;222;173;99;48;2;222;174;101m▄[38;2;223;176;104;48;2;221;172;99m▄[38;2;154;114;76;48;2;159;114;79m▄[38;2;227;125;154;48;2;195;108;133m▄[38;2;234;125;157;48;2;235;134;163m▄[38;2;165;87;109;48;2;185;106;127m▄[0m [38;2;27;26;26m    [0m
 [38;2;0;0;0m    [0m [38;2;112;62;76;48;2;194;99;127m▄[38;2;208;111;140;48;2;161;88;106m▄[38;2;236;128;159;48;2;194;108;131m▄[38;2;236;131;160;48;2;237;136;164m▄[38;2;237;133;162;48;2;238;133;162m▄[38;2;238;133;162;48;2;223;125;152m▄[38;2;237;130;162;48;2;155;86;104m▄[38;2;223;122;152;48;2;157;87;104m▄[38;2;154;85;103;48;2;230;123;153m▄[38;2;164;91;109;48;2;237;129;158m▄[38;2;229;129;155;48;2;238;134;161m▄[38;2;236;125;157;48;2;235;132;160m▄[38;2;236;122;155;48;2;161;95;98m▄[38;2;177;103;112;48;2;194;151;88m▄[38;2;157;123;81;48;2;223;177;107m▄[38;2;226;127;155;48;2;171;103;106m▄[38;2;228;127;153;48;2;235;125;156m▄[38;2;149;82;100;48;2;227;125;154m▄[38;2;233;129;160;48;2;147;81;100m▄[38;2;238;132;163;48;2;164;90;112m▄[0m[38;2;142;85;100m▄[0m [38;2;11;11;11m  [0m
 [38;2;0;0;0m   [0m [38;2;102;66;75m▄[38;2;235;131;160;48;2;177;100;121m▄[38;2;236;131;160;48;2;236;129;160m▄[38;2;237;131;161;48;2;235;130;160m▄[48;2;237;131;161m [38;2;237;131;162;48;2;237;132;162m▄ [38;2;237;132;162;48;2;237;131;162m▄[38;2;237;131;162;48;2;236;131;161m▄[48;2;237;132;162m [38;2;237;132;162;48;2;230;129;157m▄[38;2;237;131;162;48;2;166;91;111m▄[38;2;236;132;162;48;2;162;87;106m▄[38;2;231;134;160;48;2;182;100;122m▄[38;2;191;107;130;48;2;227;127;153m▄[38;2;99;95;100;48;2;96;76;80m▄[38;2;149;90;108;48;2;166;91;111m▄[38;2;235;122;155;48;2;172;99;117m▄[38;2;236;130;160;48;2;234;132;161m▄[38;2;237;132;162;48;2;237;129;161m▄[38;2;236;133;162;48;2;238;132;162m▄[38;2;235;127;157;48;2;233;135;161m▄[38;2;141;79;95;48;2;51;36;40m▄[0m [38;2;10;10;10m [0m
[?25h