[?25l[0m [38;2;0;0;0m [0m [38;2;5;5;5m                     [0m
 [38;2;0;0;0m      [0m [38;2;11;11;11m▄[38;2;10;9;9m▄[38;2;13;13;13m▄[38;2;10;10;10m▄▄[0m [38;2;6;6;5m  [0m [38;2;11;11;11m▄[38;2;16;16;16m▄[0m [38;2;3;3;3m    [0m
 [38;2;0;0;0m     [0m [7m[38;2;12;12;12m▄[0m[38;2;15;15;15;48;2;5;5;5m▄[38;2;5;5;4m▄   [38;2;5;5;5;48;2;7;7;7m▄[0m[38;2;5;5;5m▄[38;2;9;9;9m▄[38;2;5;5;5;48;2;8;8;8m▄[38;2;5;5;4;48;2;5;5;5m▄[48;2;12;12;11m▄[38;2;5;5;5;48;2;11;11;11m▄[38;2;10;10;10;48;2;9;9;8m▄[0m [38;2;12;12;12m  [0m
 [38;2;0;0;0m      [38;2;10;10;9;48;2;10;10;10m▄[48;2;5;5;5m [38;2;9;9;9m▄[38;2;6;5;4m▄[38;2;111;82;49;48;2;5;5;4m▄[38;2;135;99;59;48;2;5;5;5m▄ [38;2;5;5;5;48;2;5;5;4m▄▄[38;2;5;5;4;48;2;5;5;5m▄  [38;2;5;5;5;48;2;5;5;4m▄[48;2;8;8;8m▄[0m [38;2;6;6;6m  [0m
 [38;2;0;0;0m      [7m[38;2;10;9;9m▄[0m [38;2;66;52;37;48;2;9;9;9m▄[38;2;236;174;103;48;2;150;110;65m▄[38;2;244;180;109;48;2;244;179;108m▄[38;2;244;181;109;48;2;242;178;107m▄[38;2;165;121;72;48;2;37;28;17m▄[38;2;237;174;104;48;2;86;64;39m▄[38;2;38;29;18;48;2;5;5;5m▄[38;2;5;5;5;48;2;5;5;4m▄[48;2;5;5;5m  [38;2;5;5;4m▄▄[0m[7m[38;2;7;7;7m▄[0m[38;2;6;6;6m  [0m
 [38;2;0;0;0m       [0m  [38;2;143;106;66m▄[48;2;244;179;108m [38;2;95;73;48;48;2;203;150;92m▄[0m [38;2;181;134;81;48;2;193;143;87m▄[38;2;175;128;77;48;2;124;91;55m▄[38;2;21;17;11;48;2;5;5;5m▄[38;2;7;7;6m▄[0m[7m[38;2;7;7;6m▄[0m[38;2;7;7;6;48;2;5;5;4m▄[38;2;7;7;7;48;2;6;6;5m▄[0m [38;2;0;0;0m  [0m
 [38;2;0;0;0m       [0m [38;2;193;137;91;48;2;203;150;92m▄[38;2;242;174;112;48;2;234;173;105m▄[38;2;245;181;110;48;2;243;179;108m▄[38;2;232;171;104;48;2;244;180;108m▄[38;2;236;174;105;48;2;242;178;107m▄[48;2;244;180;109m [38;2;149;112;69;48;2;240;177;107m▄[0m[7m[38;2;164;122;74m▄[0m [38;2;0;0;0m [0m   [38;2;0;0;0m  [0m
 [38;2;0;0;0m        [0m [38;2;112;60;76m▄[38;2;203;106;117;48;2;99;47;49m▄[38;2;234;158;111;48;2;132;60;59m▄[38;2;244;180;109;48;2;225;162;100m▄[38;2;238;175;106;48;2;244;180;109m▄[0m[38;2;190;100;129m▄[38;2;140;74;95m▄[0m [38;2;26;15;18m      [0m
 [38;2;0;0;0m       [38;2;184;97;126m▄[38;2;227;118;154;48;2;220;113;148m▄[38;2;240;123;162;48;2;241;123;162m▄[38;2;241;124;163;48;2;224;133;134m▄[38;2;230;136;138;48;2;244;179;109m▄[38;2;240;175;108;48;2;244;180;110m▄[38;2;237;170;111;48;2;234;173;105m▄[38;2;229;118;154;48;2;233;120;157m▄[48;2;241;125;163m [38;2;232;120;156;48;2;211;110;143m▄[0m [38;2;43;23;30m     [0m
 [38;2;0;0;0m      [38;2;125;66;86m▄[38;2;241;124;162;48;2;212;110;143m▄[38;2;241;125;163;48;2;241;125;164m▄[48;2;231;119;156m▄[38;2;241;125;164;48;2;230;118;155m▄[38;2;233;121;158;48;2;237;122;160m▄[38;2;211;115;147;48;2;229;138;135m▄[38;2;208;117;147;48;2;228;131;139m▄[38;2;231;119;156;48;2;240;123;162m▄[38;2;241;124;162;48;2;230;119;155m▄[38;2;240;124;162;48;2;237;122;160m▄[38;2;233;121;158;48;2;137;73;94m▄[0m [38;2;15;10;12m    [0m
 [38;2;0;0;0m     [0m [38;2;161;85;110;48;2;208;108;141m▄[38;2;236;124;161;48;2;241;125;163m▄[38;2;241;126;164m▄[38;2;232;120;157m▄ [38;2;241;125;163;48;2;241;125;164m▄[48;2;220;124;157m▄[38;2;229;118;155;48;2;208;123;153m▄[38;2;241;126;165;48;2;241;125;164m▄[48;2;241;126;164m [38;2;225;118;153;48;2;229;118;155m▄[38;2;179;95;122;48;2;241;125;163m▄[0m [38;2;48;27;33m    [0m
 [38;2;0;0;0m       [0m  [7m[38;2;122;64;83m▄[38;2;157;82;107m▄[38;2;169;90;116m▄[38;2;165;88;113m▄[38;2;139;74;95m▄[0m   [38;2;0;0;0m      [0m
[?25h