[?25l[0m [38;2;141;38;35;48;2;102;26;23m▄[38;2;154;23;17;48;2;152;23;18m▄[38;2;152;22;18;48;2;151;22;17m▄[38;2;153;23;18;48;2;151;22;18m▄[38;2;157;23;17;48;2;154;22;17m▄[38;2;128;17;12;48;2;130;17;13m▄[38;2;153;22;19;48;2;154;22;17m▄[38;2;149;21;18;48;2;150;21;17m▄[38;2;146;20;17;48;2;133;19;15m▄[38;2;144;20;17;48;2;99;14;9m▄[38;2;148;21;16;48;2;151;22;17m▄[38;2;150;22;16;48;2;150;22;17m▄[38;2;150;22;17;48;2;152;22;18m▄[38;2;149;22;18;48;2;155;23;19m▄[38;2;147;21;17;48;2;144;20;16m▄[38;2;96;24;22;48;2;71;27;25m▄[0m[38;2;96;24;22m      [38;2;102;31;29;48;2;82;19;17m▄[38;2;153;22;17;48;2;147;20;17m▄[38;2;152;23;16;48;2;157;23;17m▄[38;2;149;22;16;48;2;121;17;12m▄[38;2;115;15;11;48;2;130;19;12m▄[38;2;139;21;15;48;2;146;23;17m▄[38;2;87;32;31;48;2;48;31;30m▄[0m
  [7m[38;2;89;38;36m▄[38;2;148;38;35m▄[38;2;156;24;19m▄[0m[38;2;100;35;32;48;2;154;24;18m▄[38;2;115;37;32;48;2;119;17;12m▄[38;2;149;29;26;48;2;149;21;18m▄[38;2;154;23;18;48;2;150;22;18m▄[38;2;155;24;18;48;2;151;22;17m▄[38;2;153;23;17m▄ [38;2;149;21;17;48;2;149;22;17m▄[38;2;150;21;17;48;2;148;22;17m▄[38;2;152;23;18;48;2;149;22;17m▄[38;2;154;24;18;48;2;151;23;18m▄[38;2;139;24;17;48;2;125;26;21m▄[0m [38;2;20;19;20m     [38;2;103;36;32;48;2;103;35;32m▄[38;2;156;24;19;48;2;151;22;17m▄[38;2;149;22;16;48;2;149;22;17m▄[38;2;147;32;27m▄[38;2;122;45;40;48;2;124;17;12m▄[0m[7m[38;2;157;24;16m▄[38;2;124;40;36m▄[0m
 [38;2;0;0;0m      [0m   [7m[38;2;90;28;26m▄[38;2;123;45;43m▄[38;2;119;30;27m▄[38;2;155;54;50m▄[38;2;156;43;39m▄[38;2;152;36;31m▄[38;2;144;36;30m▄[0m [38;2;0;0;0m     [0m [7m[38;2;89;37;35m▄[0m  [38;2;0;0;0m   [0m
 [38;2;0;0;0m [0m [38;2;29;29;29m▄[38;2;3;3;3m▄[38;2;1;1;1m▄[38;2;0;0;0;48;2;25;25;25m▄[48;2;10;10;10m▄[48;2;4;4;4m▄[48;2;17;17;17m▄[48;2;16;16;16m▄[38;2;1;1;1;48;2;26;26;26m▄[0m[38;2;2;2;1m▄[38;2;1;1;1m▄[38;2;19;19;19m▄[38;2;25;24;24m▄[38;2;30;29;29m▄[0m [38;2;18;18;18m     [0m  [38;2;22;22;22m▄[38;2;32;32;32m▄[38;2;11;11;11m▄[38;2;2;2;2m▄[38;2;1;1;1m▄[0m
  [38;2;10;10;10;48;2;22;22;22m▄[38;2;0;0;0;48;2;1;1;1m▄[48;2;0;0;0m            [48;2;1;1;1m▄[48;2;4;4;4m▄[48;2;30;30;30m▄[0m[38;2;1;1;1m▄[38;2;25;25;25m▄[38;2;8;8;8m▄[38;2;0;0;0;48;2;25;25;25m▄[48;2;14;14;14m▄[48;2;1;1;1m▄[48;2;0;0;0m     [0m
 [38;2;21;21;21m▄[38;2;1;1;1;48;2;2;2;2m▄[38;2;2;2;2;48;2;0;0;0m▄▄[38;2;4;4;4m▄                        [0m
 [7m[38;2;43;43;43m▄[38;2;23;23;23m▄[0m[38;2;19;19;19m▄[38;2;1;1;1;48;2;40;40;40m▄[38;2;0;0;0;48;2;12;12;12m▄[48;2;0;0;0m                 [38;2;1;1;0m▄      [0m
  [38;2;17;17;17;48;2;10;10;10m▄[48;2;0;0;0m               [38;2;5;4;1m▄ [38;2;1;1;0m▄[38;2;84;65;37;48;2;1;0;0m▄[38;2;222;173;99;48;2;89;69;40m▄[38;2;226;178;105;48;2;194;152;89m▄[38;2;228;179;105;48;2;97;75;43m▄[38;2;127;98;58;48;2;3;2;1m▄[38;2;2;1;1;48;2;0;0;0m▄   [0m
 [38;2;0;0;0m [7m[38;2;26;26;26m▄[0m[38;2;8;8;8;48;2;1;1;1m▄[48;2;0;0;0m [38;2;1;1;1m▄[38;2;9;9;9m▄[38;2;39;39;39m▄[38;2;1;1;1m▄       [38;2;58;45;27;48;2;1;1;0m▄[38;2;223;176;107;48;2;94;73;45m▄[38;2;153;120;71;48;2;84;66;38m▄[38;2;4;3;1;48;2;1;0;0m▄[38;2;157;121;72;48;2;39;30;18m▄[38;2;227;177;105;48;2;219;172;104m▄[38;2;228;178;105;48;2;226;177;104m▄[48;2;227;177;104m▄[38;2;227;178;105;48;2;228;178;105m▄[48;2;228;178;104m▄[38;2;203;158;92;48;2;81;63;37m▄[38;2;10;7;4;48;2;1;1;0m▄[38;2;1;1;1;48;2;0;0;0m▄[38;2;27;27;27;48;2;13;13;13m▄[0m
 [38;2;0;0;0m  [7m[38;2;32;32;31m▄[38;2;15;15;15m▄[38;2;17;17;17m▄[0m[38;2;29;29;29m▄[38;2;1;1;1;48;2;18;18;19m▄[48;2;0;0;0m      [38;2;1;1;0m▄[38;2;104;82;50;48;2;12;9;5m▄[38;2;230;183;111;48;2;193;151;88m▄[38;2;205;162;96;48;2;226;175;102m▄[38;2;228;180;108;48;2;223;174;103m▄[38;2;200;156;95;48;2;106;81;48m▄[38;2;228;179;107;48;2;225;176;105m▄[38;2;227;178;105;48;2;227;177;105m▄[38;2;228;178;105m▄[48;2;228;178;105m [38;2;227;178;104;48;2;228;178;106m▄[38;2;227;177;104;48;2;228;178;105m▄[38;2;226;177;102m▄[38;2;192;154;93;48;2;94;77;51m▄[38;2;45;41;36;48;2;2;2;2m▄[0m [0m
 [38;2;0;0;0m    [0m [38;2;18;18;18;48;2;7;7;7m▄[48;2;0;0;0m      [38;2;1;0;0m▄[38;2;74;56;31;48;2;9;7;4m▄[38;2;223;173;101;48;2;201;157;93m▄[38;2;225;176;104;48;2;212;166;97m▄[38;2;187;176;162;48;2;168;136;89m▄[38;2;251;251;251;48;2;174;156;131m▄[38;2;251;252;252;48;2;175;155;126m▄[38;2;214;212;209;48;2;207;164;99m▄[38;2;196;158;103;48;2;227;178;106m▄[38;2;228;177;103;48;2;227;178;105m▄[38;2;228;177;104;48;2;228;178;104m▄[38;2;228;178;106;48;2;227;178;105m▄[38;2;198;164;115;48;2;227;179;106m▄[38;2;223;222;220;48;2;197;155;92m▄[38;2;250;250;250;48;2;148;131;101m▄[38;2;142;143;142;48;2;55;53;51m▄[0m [0m
 [38;2;0;0;0m     [0m [7m[38;2;20;20;20m▄[0m[38;2;19;20;19;48;2;0;0;0m▄[38;2;1;1;1m▄[38;2;7;6;6m▄[38;2;71;61;46m▄[38;2;205;162;99;48;2;2;2;1m▄[38;2;141;109;62;48;2;3;2;1m▄[38;2;206;160;96;48;2;156;121;73m▄[38;2;227;176;105;48;2;227;178;107m▄[38;2;226;176;103;48;2;227;179;107m▄[38;2;203;162;102;48;2;193;179;159m▄[38;2;210;205;198;48;2;249;249;250m▄[38;2;248;248;248;48;2;230;231;231m▄[38;2;240;240;240;48;2;168;168;168m▄[38;2;206;203;200;48;2;198;190;179m▄[38;2;224;177;107;48;2;227;179;106m▄[38;2;229;180;109;48;2;228;179;106m▄[38;2;227;178;106;48;2;229;179;106m▄[38;2;187;181;171;48;2;192;183;171m▄[38;2;239;239;239;48;2;156;156;156m▄[38;2;212;210;207;48;2;251;251;251m▄[0m[7m[38;2;145;145;146m▄[0m[38;2;62;59;54m [0m
 [38;2;0;0;0m       [0m [7m[38;2;30;30;30m▄[38;2;32;32;32m▄[0m[38;2;141;117;80;48;2;166;139;100m▄[38;2;188;147;85;48;2;139;109;63m▄[38;2;225;177;104;48;2;189;146;84m▄[38;2;227;178;104;48;2;224;172;99m▄[38;2;228;178;106;48;2;227;176;104m▄[38;2;228;179;106;48;2;228;178;106m▄[38;2;229;179;106;48;2;229;180;108m▄[48;2;218;173;106m▄[38;2;229;179;107;48;2;186;159;118m▄[48;2;193;174;142m▄[38;2;227;177;106;48;2;192;157;104m▄[38;2;228;178;107;48;2;227;177;103m▄[38;2;216;170;102;48;2;229;180;107m▄[38;2;193;152;92;48;2;210;165;98m▄[38;2;223;175;105;48;2;168;135;87m▄[38;2;195;152;89;48;2;185;154;111m▄[38;2;225;176;101;48;2;208;165;100m▄[38;2;99;82;57;48;2;110;93;68m▄[0m[38;2;99;82;57m [0m
 [38;2;0;0;0m          [0m [7m[38;2;177;142;92m▄[0m[38;2;100;85;62;48;2;200;158;98m▄[38;2;230;180;108;48;2;227;179;107m▄[38;2;230;180;107;48;2;229;179;106m▄[38;2;230;180;108;48;2;228;178;105m▄[38;2;230;181;109;48;2;229;179;107m▄[38;2;229;180;108;48;2;229;180;107m▄[48;2;229;179;107m  [38;2;229;179;107;48;2;229;179;108m▄[48;2;229;180;108m [38;2;229;179;108m▄[38;2;228;179;108;48;2;227;178;107m▄[38;2;229;179;108;48;2;228;179;106m▄[38;2;229;180;109;48;2;228;180;109m▄[38;2;230;182;110;48;2;230;184;114m▄[38;2;216;172;103;48;2;127;106;71m▄[0m [0m
 [38;2;0;0;0m            [0m [38;2;227;177;107;48;2;228;178;105m▄[38;2;230;180;107;48;2;230;181;107m▄[48;2;230;181;108m [38;2;210;166;100;48;2;227;178;107m▄[38;2;186;147;87;48;2;218;172;103m▄[38;2;188;147;86;48;2;230;180;109m▄[38;2;205;160;95;48;2;229;179;107m▄[38;2;232;182;109;48;2;230;180;107m▄[38;2;230;180;107;48;2;229;180;108m▄[38;2;229;180;107;48;2;229;179;108m▄[48;2;229;180;108m [38;2;228;178;106;48;2;230;181;110m▄[38;2;230;179;104;48;2;229;181;109m▄[38;2;223;176;106;48;2;229;180;108m▄[38;2;171;140;93;48;2;228;179;105m▄[0m[7m[38;2;115;93;62m▄[0m
 [38;2;0;0;0m      [0m  [38;2;153;100;106m▄[38;2;213;124;135m▄[38;2;240;132;148m▄[38;2;243;140;157;48;2;94;69;72m▄[38;2;177;108;113;48;2;90;69;68m▄[38;2;225;176;105;48;2;223;174;103m▄[48;2;229;178;106m [38;2;230;179;107;48;2;230;180;108m▄[38;2;230;181;109;48;2;231;182;110m▄[38;2;231;182;110;48;2;230;181;108m▄[48;2;232;183;111m▄[38;2;230;182;109;48;2;214;170;105m▄[38;2;228;179;106;48;2;184;145;86m▄[38;2;219;172;104;48;2;185;143;83m▄[38;2;130;106;72;48;2;175;138;80m▄[0m[7m[38;2;114;97;70m▄[38;2;103;87;61m▄[38;2;75;63;46m▄[0m  [38;2;0;0;0m [0m
 [38;2;0;0;0m    [0m [38;2;188;111;120m▄[38;2;242;133;148;48;2;145;89;95m▄[38;2;241;132;146;48;2;234;126;141m▄[38;2;241;134;148;48;2;241;136;149m▄[38;2;241;139;151;48;2;242;138;151m▄[38;2;182;109;115;48;2;243;133;149m▄[38;2;133;65;77;48;2;218;121;136m▄[38;2;138;84;70;48;2;150;91;89m▄[38;2;230;179;106;48;2;230;183;112m▄[48;2;230;181;108m [38;2;230;181;108;48;2;230;180;107m▄[38;2;230;180;108;48;2;230;181;108m▄[48;2;230;181;109m [38;2;230;182;110m▄[38;2;230;183;112;48;2;230;181;108m▄[38;2;179;128;96;48;2;210;165;100m▄[0m[38;2;185;116;123m▄[0m [38;2;35;28;29m      [0m
 [38;2;0;0;0m   [38;2;75;54;56m▄[38;2;241;141;153;48;2;165;100;109m▄[38;2;242;137;150;48;2;241;132;147m▄[38;2;242;134;147;48;2;242;134;148m▄[38;2;242;135;149;48;2;242;135;148m▄[38;2;243;135;148;48;2;242;136;149m▄[38;2;243;134;148;48;2;243;137;150m▄[48;2;243;140;152m▄[38;2;243;135;148;48;2;220;122;134m▄[38;2;242;136;149;48;2;154;94;83m▄[38;2;218;128;132;48;2;198;153;91m▄[38;2;179;125;94;48;2;232;182;111m▄[38;2;222;175;107;48;2;231;181;109m▄[38;2;231;181;109;48;2;230;181;108m▄▄[38;2;230;181;108;48;2;230;182;110m▄[38;2;219;172;103;48;2;231;183;113m▄[38;2;161;80;88;48;2;180;110;105m▄[38;2;234;125;140;48;2;241;130;145m▄[38;2;241;133;147;48;2;196;110;122m▄[0m[38;2;124;81;85m▄     [0m
 [38;2;0;0;0m  [0m [38;2;197;109;122;48;2;172;111;118m▄[38;2;241;134;148;48;2;243;140;152m▄[38;2;205;119;127;48;2;244;139;151m▄[38;2;152;90;94;48;2;243;139;150m▄[38;2;187;109;116;48;2;243;134;147m▄[38;2;181;102;109;48;2;243;131;145m▄[38;2;176;95;103;48;2;243;132;146m▄[38;2;218;120;130;48;2;243;134;148m▄[38;2;244;136;149;48;2;243;136;149m▄[38;2;243;136;149;48;2;243;137;149m▄[38;2;242;135;148;48;2;242;136;148m▄[38;2;242;134;147;48;2;241;135;145m▄[38;2;243;135;149;48;2;190;117;110m▄[38;2;211;123;129;48;2;201;157;97m▄[38;2;182;139;88;48;2;231;181;109m▄[38;2;228;177;101;48;2;229;180;107m▄[38;2;190;144;89;48;2;214;169;100m▄[38;2;230;129;140;48;2;143;75;83m▄[38;2;242;134;147;48;2;240;132;146m▄[38;2;242;136;147;48;2;241;139;150m▄[38;2;164;102;106;48;2;186;116;122m▄[0m [38;2;3;3;3m    [0m
 [38;2;0;0;0m  [0m [38;2;182;108;118;48;2;204;109;122m▄[38;2;197;109;120;48;2;241;126;141m▄[38;2;218;113;127;48;2;185;103;111m▄[38;2;242;130;145;48;2;229;129;140m▄[38;2;243;133;147;48;2;243;135;149m▄[38;2;244;134;148;48;2;243;131;145m▄[38;2;244;135;148;48;2;245;133;146m▄[38;2;244;134;148;48;2;210;116;126m▄[38;2;242;133;147;48;2;187;107;113m▄[38;2;241;134;147;48;2;184;104;111m▄[38;2;197;110;118;48;2;231;131;140m▄[38;2;190;109;115;48;2;243;136;148m▄[38;2;219;124;133;48;2;243;135;149m▄[38;2;243;134;147;48;2;243;134;148m▄[38;2;243;137;149;48;2;219;124;131m▄[38;2;186;118;112;48;2;206;159;100m▄[38;2;205;121;125;48;2;191;121;109m▄[38;2;244;137;147;48;2;241;134;145m▄[38;2;199;111;119;48;2;241;138;149m▄[38;2;201;112;121;48;2;216;127;134m▄[38;2;242;127;143;48;2;167;96;104m▄[0m[38;2;175;97;107m▄[0m [38;2;15;14;15m   [0m
[?25h