[?25l[0m [38;2;0;0;0m                   [0m [38;2;109;75;38m▄[38;2;202;134;67m▄[38;2;167;109;53m▄[0m [38;2;48;32;15m     [0m
 [38;2;0;0;0m               [0m  [38;2;72;51;27m [0m [38;2;148;98;50m▄[38;2;218;146;75;48;2;214;143;71m▄[38;2;217;144;72;48;2;212;142;72m▄[38;2;220;149;78;48;2;216;146;74m▄[38;2;215;142;72;48;2;212;142;72m▄[0m[38;2;162;107;54m▄    [0m
 [38;2;0;0;0m             [38;2;116;77;37m▄[0m [38;2;214;143;72;48;2;175;115;53m▄[0m[38;2;170;117;61m▄[0m [38;2;131;88;44m▄[38;2;219;148;76;48;2;218;146;73m▄[38;2;216;143;72;48;2;219;147;76m▄[38;2;212;140;70;48;2;215;141;70m▄[38;2;216;143;72;48;2;217;142;69m▄[38;2;215;143;71;48;2;215;142;71m▄[38;2;203;133;63;48;2;202;136;72m▄[0m [38;2;30;19;9m   [0m
 [38;2;0;0;0m            [0m [38;2;177;119;61;48;2;152;100;49m▄[38;2;179;118;59;48;2;189;123;58m▄[38;2;148;97;44;48;2;189;125;60m▄[38;2;100;68;30;48;2;206;140;70m▄[38;2;139;94;42;48;2;117;79;37m▄[38;2;125;81;40;48;2;191;123;58m▄[38;2;217;146;74;48;2;211;135;62m▄[38;2;218;146;74;48;2;215;142;72m▄[38;2;214;141;70;48;2;211;141;74m▄[38;2;215;142;70;48;2;213;141;73m▄[38;2;216;143;71;48;2;213;140;67m▄[38;2;117;79;38;48;2;183;121;57m▄[38;2;115;79;39;48;2;177;122;63m▄[0m [38;2;47;33;16m  [0m
 [38;2;0;0;0m            [38;2;120;78;37;48;2;121;82;41m▄[38;2;211;139;71;48;2;214;141;71m▄[38;2;157;103;53;48;2;97;63;29m▄[38;2;87;81;73;48;2;120;78;35m▄[38;2;215;204;189;48;2;81;76;71m▄[38;2;235;225;212;48;2;128;122;115m▄[38;2;221;212;200;48;2;121;109;98m▄[38;2;133;123;111;48;2;117;78;40m▄[38;2;172;117;60;48;2;219;149;76m▄[38;2;215;142;68;48;2;216;145;73m▄[38;2;215;139;66;48;2;217;141;67m▄[38;2;139;92;45;48;2;218;146;73m▄[0m [38;2;226;216;204;48;2;103;99;93m▄[38;2;233;224;212;48;2;197;188;177m▄[0m[38;2;159;153;145m▄ [0m
 [38;2;0;0;0m        [38;2;111;74;37m▄[38;2;215;145;73m▄[0m  [38;2;220;147;75;48;2;200;132;66m▄[38;2;216;142;72;48;2;210;139;71m▄[38;2;201;133;67;48;2;180;117;56m▄[38;2;134;111;88;48;2;115;110;103m▄[38;2;214;205;193;48;2;238;228;217m▄[38;2;237;228;216;48;2;230;220;208m▄[38;2;186;179;168;48;2;157;148;137m▄[38;2;239;231;219;48;2;229;219;204m▄[38;2;156;150;142;48;2;100;93;83m▄[38;2;181;121;61;48;2;194;130;64m▄[38;2;221;149;78;48;2;217;145;74m▄[38;2;157;106;56;48;2;113;75;38m▄[38;2;178;170;160;48;2;199;192;181m▄[38;2;223;214;202;48;2;231;223;213m▄[38;2;119;115;109;48;2;189;180;169m▄[0m[7m[38;2;126;121;115m▄[0m[38;2;0;0;0m [0m
 [38;2;0;0;0m       [0m [38;2;183;124;60;48;2;149;98;46m▄[38;2;85;52;25;48;2;92;62;31m▄[38;2;98;63;30;48;2;137;88;40m▄[38;2;214;143;74;48;2;124;83;41m▄[38;2;219;144;70;48;2;221;148;77m▄[38;2;212;141;70;48;2;217;145;76m▄[38;2;213;142;72;48;2;216;140;68m▄[38;2;216;143;71;48;2;192;128;64m▄[38;2;191;124;60;48;2;119;101;82m▄[38;2;129;88;51;48;2;162;155;145m▄[38;2;84;74;62;48;2;236;225;209m▄[38;2;76;66;56;48;2;235;225;210m▄[38;2;159;109;59;48;2;104;102;97m▄[38;2;214;141;70;48;2;202;134;67m▄[38;2;213;137;65;48;2;218;142;70m▄[38;2;217;146;77;48;2;221;146;72m▄[38;2;192;126;63;48;2;90;75;58m▄[38;2;190;126;63;48;2;104;96;87m▄[38;2;180;123;62;48;2;110;77;39m▄[0m [38;2;3;2;1m [0m
 [38;2;0;0;0m       [0m [7m[38;2;163;108;51m▄[0m[38;2;130;88;41;48;2;126;84;39m▄[38;2;136;91;45;48;2;194;126;60m▄[38;2;211;139;70;48;2;216;142;69m▄[38;2;219;144;71;48;2;219;145;72m▄[38;2;217;143;72;48;2;214;142;71m▄[38;2;217;144;73;48;2;215;143;74m▄[38;2;218;144;73;48;2;218;146;76m▄[38;2;220;147;75;48;2;219;146;74m▄[38;2;216;145;75;48;2;212;140;70m▄[38;2;218;145;74;48;2;217;143;73m▄[38;2;220;146;74;48;2;217;142;71m▄[38;2;218;145;74;48;2;218;147;78m▄[38;2;216;142;70;48;2;214;144;76m▄[38;2;218;144;74;48;2;216;144;75m▄[38;2;144;92;44;48;2;214;142;73m▄[38;2;130;84;41;48;2;187;123;60m▄[38;2;119;77;36;48;2;176;114;53m▄[38;2;171;112;52;48;2;129;90;45m▄[0m [38;2;37;24;12m [0m
 [38;2;0;0;0m          [0m [38;2;214;144;72;48;2;207;137;70m▄[38;2;222;147;74;48;2;222;150;81m▄[38;2;215;142;71;48;2;219;144;75m▄[38;2;215;143;73;48;2;216;141;71m▄[38;2;218;144;73;48;2;218;143;72m▄[48;2;219;144;73m▄[38;2;214;142;71;48;2;216;142;72m▄[38;2;219;146;75;48;2;220;146;74m▄[38;2;219;145;73;48;2;223;148;76m▄[38;2;218;144;74;48;2;221;147;75m▄[38;2;215;142;74;48;2;218;145;75m▄[38;2;219;146;75;48;2;219;146;76m▄[48;2;217;142;71m▄[38;2;212;140;71;48;2;212;138;69m▄[38;2;216;143;71;48;2;216;143;75m▄[38;2;214;143;74;48;2;215;141;69m▄[38;2;203;136;71;48;2;144;96;49m▄[0m [0m
 [38;2;0;0;0m          [0m [38;2;210;139;70;48;2;207;134;64m▄[38;2;225;151;80;48;2;221;146;72m▄[38;2;219;144;73;48;2;217;145;75m▄[38;2;219;145;73;48;2;215;143;73m▄[38;2;220;144;73;48;2;220;148;76m▄[38;2;222;147;75;48;2;219;145;74m▄[38;2;219;145;75;48;2;215;141;70m▄[38;2;218;122;85;48;2;215;141;71m▄[38;2;216;101;91;48;2;217;141;75m▄[38;2;212;76;97;48;2;214;135;80m▄[38;2;209;80;101;48;2;209;128;76m▄[38;2;215;101;97;48;2;217;140;76m▄[38;2;215;108;79;48;2;218;143;73m▄[38;2;211;109;83;48;2;212;139;71m▄[38;2;154;95;56;48;2;216;143;70m▄[38;2;120;78;36;48;2;213;139;68m▄[0m[7m[38;2;189;125;65m▄[0m [0m
 [38;2;0;0;0m      [0m  [38;2;171;73;96m▄[38;2;171;68;95m▄[0m [38;2;207;133;64;48;2;213;142;74m▄[38;2;223;149;77;48;2;225;151;79m▄[38;2;217;145;76;48;2;217;142;72m▄[38;2;217;146;76;48;2;219;143;72m▄[38;2;219;145;74;48;2;223;149;77m▄[38;2;220;147;76;48;2;222;147;75m▄[38;2;215;145;78;48;2;216;142;72m▄[38;2;215;142;76;48;2;200;111;82m▄[38;2;211;117;83;48;2;191;79;87m▄[38;2;193;74;89;48;2;163;58;72m▄[38;2;188;73;89;48;2;130;48;58m▄[0m    [38;2;0;0;0m   [0m
 [38;2;0;0;0m   [0m  [38;2;210;92;120m▄[38;2;219;96;127;48;2;133;58;78m▄[38;2;215;92;125;48;2;213;89;121m▄[38;2;170;68;94;48;2;211;93;123m▄[38;2;81;29;44;48;2;172;74;99m▄[0m [38;2;224;149;78;48;2;216;143;70m▄[38;2;226;151;81;48;2;226;151;79m▄[38;2;219;145;74;48;2;220;147;77m▄[38;2;221;147;76;48;2;219;146;75m▄[38;2;220;146;75;48;2;223;149;77m▄[38;2;221;147;76;48;2;222;147;76m▄[38;2;217;145;75;48;2;217;144;72m▄[38;2;219;146;75;48;2;218;144;74m▄[0m[7m[38;2;167;111;57m▄[0m  [38;2;1;1;1m       [0m
 [38;2;0;0;0m [0m [38;2;195;86;111m▄[38;2;209;84;115;48;2;170;72;95m▄[38;2;213;88;119;48;2;214;88;119m▄[38;2;208;86;115;48;2;216;92;122m▄[38;2;218;92;122;48;2;220;92;123m▄[38;2;212;89;120;48;2;215;90;121m▄[38;2;195;82;109;48;2;81;33;44m▄[0m[7m[38;2;68;25;38m▄[38;2;145;92;46m▄[0m[38;2;201;130;63;48;2;222;149;79m▄[38;2;220;147;74;48;2;223;147;75m▄[38;2;213;142;73;48;2;217;143;73m▄[38;2;212;142;74;48;2;217;143;74m▄[38;2;219;147;77;48;2;220;146;76m▄[38;2;218;146;76;48;2;221;148;77m▄[38;2;214;142;74;48;2;217;145;76m▄[38;2;176;115;57;48;2;215;146;78m▄[0m [38;2;211;85;118;48;2;212;92;124m▄[38;2;207;89;120;48;2;129;56;75m▄[0m [38;2;92;42;54m      [0m
  [38;2;200;83;114;48;2;175;76;100m▄[38;2;202;84;115;48;2;218;99;128m▄[38;2;153;62;84;48;2;217;92;124m▄[38;2;103;46;59;48;2;218;93;123m▄[38;2;130;56;72;48;2;214;91;119m▄[38;2;216;92;124;48;2;221;94;124m▄[38;2;216;87;119;48;2;215;87;118m▄[38;2;217;86;116;48;2;217;92;121m▄[38;2;220;93;122;48;2;219;90;121m▄[38;2;218;93;122;48;2;101;40;54m▄[38;2;196;83;107;48;2;89;46;41m▄[38;2;133;55;71;48;2;167;110;57m▄[38;2;107;65;43;48;2;205;137;71m▄[38;2;210;139;73;48;2;216;145;77m▄[38;2;219;144;73;48;2;221;148;78m▄[38;2;220;143;70;48;2;222;148;77m▄[38;2;220;145;73;48;2;215;140;68m▄[38;2;197;134;68;48;2;167;110;54m▄[0m [38;2;172;72;98;48;2;179;80;102m▄[38;2;216;90;120;48;2;218;99;127m▄[38;2;215;89;121;48;2;203;93;120m▄[0m [38;2;73;33;43m     [0m
  [38;2;177;76;98;48;2;196;76;108m▄[38;2;83;34;45;48;2;153;58;81m▄[38;2;185;73;100;48;2;93;38;51m▄[38;2;219;91;121;48;2;176;75;99m▄[38;2;215;90;119;48;2;132;50;67m▄[38;2;195;76;106;48;2;102;38;53m▄[38;2;154;67;89;48;2;139;58;78m▄[38;2;78;30;42;48;2;173;73;96m▄[38;2;78;34;43;48;2;222;101;127m▄[38;2;193;89;111;48;2;216;91;119m▄[38;2;219;99;124;48;2;217;85;115m▄[38;2;220;92;119;48;2;223;98;125m▄[38;2;211;84;110;48;2;179;76;96m▄[38;2;192;82;104;48;2;108;51;46m▄[38;2;131;66;62;48;2;167;109;56m▄[38;2;171;112;56;48;2;225;150;79m▄[38;2;219;146;75;48;2;219;145;72m▄[38;2;168;115;64;48;2;221;147;74m▄[0m [38;2;217;87;118;48;2;212;88;118m▄[38;2;215;92;121;48;2;217;88;119m▄[38;2;163;72;93;48;2;214;92;121m▄[0m[38;2;130;57;75m▄[0m [38;2;102;44;57m    [0m
  [38;2;181;74;98m▄[38;2;221;95;125;48;2;216;94;122m▄[38;2;221;97;128;48;2;217;88;119m▄[38;2;219;91;123;48;2;216;91;121m▄[38;2;218;90;120;48;2;212;93;121m▄[38;2;223;95;126;48;2;218;87;119m▄[38;2;216;87;120;48;2;213;88;119m▄[38;2;219;92;123;48;2;212;89;120m▄[38;2;222;96;126;48;2;196;79;109m▄[38;2;210;83;112;48;2;59;26;32m▄[38;2;102;43;56;48;2;164;71;92m▄[38;2;117;51;63;48;2;203;84;109m▄[38;2;143;65;81;48;2;215;94;118m▄[38;2;212;90;116;48;2;214;96;120m▄[38;2;218;94;123;48;2;214;94;119m▄[0m[38;2;222;93;123m▄[7m[38;2;159;101;51m▄[0m [38;2;221;91;122;48;2;207;87;114m▄[38;2;221;90;122;48;2;218;96;125m▄[38;2;139;57;77;48;2;207;87;117m▄[38;2;156;68;88;48;2;124;54;70m▄[38;2;221;90;121;48;2;162;66;89m▄[38;2;215;93;123;48;2;205;84;112m▄[0m[38;2;215;89;119m▄[0m [38;2;5;2;2m  [0m
 [38;2;155;67;87;48;2;142;60;77m▄[38;2;212;93;121;48;2;209;88;114m▄[38;2;214;88;118;48;2;219;92;123m▄[38;2;216;87;119;48;2;221;93;125m▄[38;2;214;89;119;48;2;219;91;124m▄[38;2;207;90;116;48;2;213;88;117m▄[38;2;205;88;116;48;2;220;92;123m▄[38;2;213;90;120;48;2;219;94;124m▄[38;2;212;88;118;48;2;220;93;123m▄[38;2;216;91;120;48;2;220;94;123m▄[38;2;210;95;120;48;2;213;85;115m▄[38;2;214;93;120;48;2;218;91;120m▄[38;2;217;89;118;48;2;188;85;108m▄[38;2;209;85;112;48;2;142;58;77m▄[38;2;194;84;109;48;2;98;38;52m▄[38;2;132;58;74;48;2;150;63;84m▄[0m[7m[38;2;224;100;128m▄[38;2;153;69;89m▄[0m [7m[38;2;222;89;123m▄[0m[38;2;139;57;76;48;2;141;61;81m▄[38;2;206;86;114;48;2;144;61;79m▄[38;2;213;88;117;48;2;222;94;122m▄[38;2;196;77;106;48;2;155;65;85m▄[38;2;111;44;60;48;2;206;80;111m▄[38;2;220;99;129;48;2;222;95;125m▄[0m[38;2;149;61;83m▄  [0m
[38;2;104;45;59m▄[38;2;213;90;120;48;2;188;83;106m▄[38;2;215;89;119;48;2;216;90;119m▄[38;2;220;94;125;48;2;217;93;122m▄[38;2;216;89;121;48;2;220;97;128m▄[38;2;214;90;120;48;2;217;89;121m▄[38;2;214;96;123;48;2;215;89;118m▄[38;2;133;59;77;48;2;126;54;71m▄[38;2;162;71;92;48;2;196;84;111m▄[38;2;217;94;123;48;2;221;99;127m▄[38;2;220;97;125;48;2;221;97;126m▄[38;2;213;89;119;48;2;213;94;121m▄[38;2;215;91;120;48;2;217;96;124m▄[38;2;221;96;124;48;2;222;96;124m▄[38;2;218;96;122;48;2;218;95;122m▄[38;2;216;93;122;48;2;216;96;123m▄[38;2;218;94;126;48;2;222;100;130m▄[38;2;216;91;123;48;2;222;97;129m▄[0m [38;2;94;111;114;48;2;65;78;79m▄[38;2;106;50;64;48;2;153;68;86m▄[38;2;219;97;125;48;2;218;93;121m▄[38;2;213;88;117;48;2;211;88;117m▄[38;2;220;93;123;48;2;219;94;122m▄[38;2;219;94;124;48;2;224;99;128m▄[0m [38;2;217;89;123;48;2;222;96;128m▄[38;2;205;86;117;48;2;169;70;96m▄[0m [38;2;91;40;52m [0m
                             [38;2;0;0;0m [0m
 [38;2;0;0;0m           [0m   [38;2;112;52;71m▄[0m    [38;2;9;4;6m          [0m
[?25h