[?25l[0m [38;2;0;0;0m              [0m  [38;2;2;2;2m                   [0m
 [38;2;0;0;0m             [0m [38;2;94;107;113;48;2;125;143;153m▄[38;2;60;66;69;48;2;83;93;97m▄[0m[38;2;60;66;69m                   [0m
 [38;2;0;0;0m              [38;2;53;61;64;48;2;56;64;67m▄[0m[38;2;49;56;59m▄                   [0m
 [38;2;0;0;0m             [0m [38;2;121;136;143;48;2;53;61;65m▄[38;2;138;158;167;48;2;70;81;86m▄[0m[38;2;71;77;80m▄[0m [38;2;26;26;26m                 [0m
 [38;2;0;0;0m           [0m [38;2;110;131;140m▄[38;2;126;152;162;48;2;107;123;130m▄[38;2;125;152;162;48;2;112;135;144m▄[38;2;125;152;163;48;2;112;134;143m▄[38;2;127;154;164;48;2;124;150;160m▄[38;2;127;154;165;48;2;123;147;157m▄[38;2;128;154;165;48;2;90;103;108m▄[0m[38;2;107;125;132m▄[0m [38;2;12;12;12m              [0m
 [38;2;0;0;0m          [0m [38;2;107;128;137;48;2;84;96;101m▄[38;2;126;152;163;48;2;126;152;162m▄[48;2;126;152;163m [38;2;126;153;164;48;2;126;153;163m▄[38;2;127;154;164;48;2;127;153;164m▄[38;2;127;154;165;48;2;127;154;164m▄[38;2;128;154;165;48;2;127;154;165m▄[48;2;128;155;166m [38;2;128;155;166;48;2;128;155;167m▄[38;2;104;122;128;48;2;63;71;74m▄[0m [38;2;1;1;1m             [0m
 [38;2;0;0;0m          [0m [38;2;123;150;160;48;2;119;144;154m▄[48;2;127;153;164m [38;2;126;153;164m▄[38;2;125;151;161m▄[38;2;116;138;147;48;2;127;154;165m▄[38;2;112;135;144;48;2;128;154;165m▄[48;2;129;155;166m▄▄[38;2;111;134;143;48;2;130;157;167m▄[38;2;105;126;134;48;2;114;135;143m▄[0m   [38;2;5;5;5m           [0m
 [38;2;0;0;0m          [0m [38;2;120;145;156;48;2;124;151;161m▄[38;2;112;134;144;48;2;129;156;166m▄[38;2;159;183;195;48;2;124;146;155m▄[38;2;129;147;152;48;2;147;170;181m▄[38;2;130;129;94;48;2;127;146;156m▄[38;2;198;196;133;48;2;109;124;132m▄[38;2;178;177;124;48;2;109;122;130m▄[38;2;73;73;52;48;2;105;118;125m▄[38;2;121;120;85;48;2;98;112;119m▄[38;2;200;197;136;48;2;99;111;119m▄[38;2;183;181;125;48;2;101;114;120m▄[38;2;44;44;32;48;2;90;104;110m▄[38;2;61;70;74;48;2;109;117;121m▄[0m [38;2;53;58;60m          [0m
 [38;2;0;0;0m          [0m [38;2;111;133;143;48;2;122;146;156m▄[38;2;119;141;150;48;2;115;137;146m▄[38;2;160;184;196;48;2;151;178;191m▄[38;2;159;172;153;48;2;169;179;153m▄[38;2;248;245;163;48;2;248;244;176m▄[38;2;201;200;140;48;2;160;158;112m▄[38;2;241;238;168;48;2;229;227;153m▄[38;2;207;205;140;48;2;212;211;147m▄[38;2;241;238;161;48;2;238;235;170m▄[38;2;235;233;161;48;2;215;213;151m▄[38;2;219;217;153;48;2;174;172;121m▄[38;2;126;125;92;48;2;153;150;104m▄[38;2;44;50;52;48;2;20;23;23m▄[38;2;77;82;85;48;2;98;106;109m▄[0m [38;2;0;0;0m         [0m
 [38;2;0;0;0m          [0m [38;2;116;137;145;48;2;109;131;141m▄[38;2;128;155;166;48;2;124;150;160m▄[38;2;122;147;156;48;2;145;166;176m▄[38;2;131;153;162;48;2;153;177;188m▄[38;2;133;155;162;48;2;171;179;151m▄[38;2;127;149;157;48;2;196;200;156m▄[38;2;128;151;159;48;2;190;194;153m▄[38;2;134;156;165;48;2;122;127;110m▄[38;2;133;155;164;48;2;161;166;133m▄[38;2;126;149;159;48;2;182;187;154m▄[38;2;89;98;102;48;2;180;187;157m▄[0m[7m[38;2;86;96;98m▄[38;2;112;122;128m▄[0m [38;2;0;0;0m          [0m
 [38;2;0;0;0m          [0m [38;2;111;130;137;48;2;114;134;141m▄[38;2;131;157;167;48;2;130;156;166m▄[38;2;132;151;150;48;2;130;157;167m▄[38;2;154;160;136;48;2;128;155;167m▄[38;2;196;198;152;48;2;132;159;169m▄[38;2;160;164;134;48;2;134;160;170m▄[38;2;193;198;159;48;2;131;158;169m▄[38;2;161;165;136;48;2;132;158;170m▄[38;2;195;197;157;48;2;136;162;173m▄[38;2;68;70;70;48;2;130;157;168m▄[0m       [38;2;1;1;1m       [0m
 [38;2;0;0;0m           [38;2;106;123;130;48;2;112;130;137m▄[38;2;131;158;169;48;2;126;154;165m▄[38;2;164;165;137;48;2;167;169;136m▄[38;2;170;168;129;48;2;173;172;134m▄[38;2;212;210;159;48;2;213;212;161m▄[38;2;168;168;134;48;2;167;167;130m▄[38;2;213;212;170;48;2;213;212;168m▄[38;2;171;170;133;48;2;170;170;135m▄[38;2;203;201;150;48;2;206;204;153m▄[38;2;77;68;57;48;2;80;66;46m▄[38;2;82;69;52;48;2;75;57;32m▄[38;2;81;57;28;48;2;85;58;20m▄[38;2;85;48;7;48;2;79;34;10m▄[38;2;92;32;5;48;2;145;39;4m▄[38;2;69;38;4;48;2;71;35;12m▄[38;2;88;50;14;48;2;78;54;28m▄[38;2;118;78;51;48;2;102;79;61m▄[0m [38;2;9;8;9m      [0m
 [38;2;0;0;0m          [0m [38;2;88;101;107;48;2;100;116;122m▄[38;2;136;160;172;48;2;132;158;169m▄[38;2;130;156;168;48;2;136;153;150m▄[38;2;130;156;166;48;2;168;167;132m▄[38;2;122;145;152;48;2;241;239;179m▄[38;2;114;135;140;48;2;196;194;147m▄[38;2;119;140;144;48;2;247;244;185m▄[38;2;115;138;146;48;2;202;200;159m▄[38;2;130;155;166;48;2;220;217;162m▄[38;2;123;142;150;48;2;103;108;108m▄[0m       [38;2;0;0;0m       [0m
 [38;2;0;0;0m        [0m [38;2;111;122;129m▄[38;2;161;185;196;48;2;95;105;109m▄[38;2;162;186;197;48;2;152;175;186m▄[38;2;163;186;197;48;2;140;160;168m▄[38;2;162;186;198;48;2;132;153;162m▄[48;2;123;144;154m▄[48;2;123;146;155m▄[38;2;162;186;197;48;2;123;146;154m▄[38;2;160;184;196;48;2;123;145;154m▄[38;2;159;183;195;48;2;120;143;152m▄[38;2;159;184;196;48;2;131;153;162m▄[38;2;161;185;197;48;2;139;161;170m▄[48;2;103;116;122m▄[0m[38;2;134;149;157m▄[0m [38;2;22;22;23m           [0m
 [38;2;0;0;0m       [0m [38;2;93;111;119;48;2;96;106;110m▄[38;2;115;134;143;48;2;162;186;199m▄[38;2;135;155;163;48;2;164;186;198m▄[38;2;141;161;170;48;2;164;187;198m▄[38;2;138;158;168;48;2;163;186;197m▄[38;2;145;166;177;48;2;163;186;198m▄[38;2;156;178;189m▄[38;2;161;184;195;48;2;162;186;197m▄[48;2;161;185;196m▄[38;2;159;183;193;48;2;160;184;195m▄[38;2;155;178;188m▄[38;2;146;167;177;48;2;161;185;196m▄[38;2;137;158;167;48;2;161;185;197m▄[38;2;132;153;162;48;2;162;186;197m▄[38;2;127;150;160;48;2;159;184;196m▄[38;2;121;144;154;48;2;121;139;147m▄[0m[38;2;50;57;60m▄[0m [38;2;1;1;1m         [0m
 [38;2;0;0;0m     [0m [38;2;98;112;119m▄[38;2;102;124;133;48;2;120;144;154m▄[38;2;95;118;127;48;2;131;156;167m▄[38;2;109;133;142;48;2;128;154;164m▄[38;2;116;142;153;48;2;111;135;144m▄[38;2;122;146;155;48;2;126;153;164m▄[38;2;131;157;167;48;2;130;156;167m▄[38;2;132;158;168;48;2;130;155;166m▄[48;2;124;148;158m▄[38;2;133;159;169;48;2;117;140;149m▄[38;2;131;157;168;48;2;115;138;147m▄[48;2;117;140;149m▄[38;2;130;156;167;48;2;122;147;157m▄[38;2;131;157;168;48;2;127;153;163m▄[38;2;135;161;171;48;2;128;155;166m▄[38;2;131;156;166m▄[38;2;111;134;144;48;2;132;158;169m▄[38;2;126;154;166;48;2;132;160;170m▄[38;2;111;134;144;48;2;104;127;137m▄[0m [38;2;48;53;55m         [0m
 [38;2;0;0;0m     [0m [38;2;82;92;95;48;2;80;92;96m▄[38;2;115;138;148;48;2;99;125;135m▄[38;2;116;138;148;48;2;100;125;136m▄[38;2;99;119;127;48;2;90;112;122m▄[38;2;118;139;148;48;2;133;159;170m▄[38;2;119;140;147;48;2;108;129;137m▄[38;2;108;126;133;48;2;106;128;137m▄[38;2;119;140;149;48;2;116;139;149m▄[38;2;116;138;147;48;2;116;139;147m▄[38;2;122;143;152;48;2;115;139;147m▄[38;2;123;144;153;48;2;115;140;148m▄[38;2;122;144;153;48;2;116;140;148m▄[38;2;121;143;151;48;2;115;137;146m▄[38;2;122;144;152;48;2;121;143;152m▄[38;2;118;140;149;48;2;117;141;151m▄[38;2;120;142;151;48;2;116;141;152m▄[38;2;122;144;151;48;2;126;156;168m▄[38;2;102;123;132;48;2;114;139;151m▄[38;2;75;90;96;48;2;103;123;132m▄[0m[38;2;69;84;91m▄         [0m
 [38;2;0;0;0m      [0m                    [38;2;0;0;0m         [0m
[?25h