[?25l[0m [38;2;0;0;0m         [0m [38;2;140;154;160;48;2;131;144;148m▄[38;2;129;143;148;48;2;121;134;138m▄[0m [38;2;22;21;22m                [0m
 [38;2;0;0;0m          [38;2;61;68;71;48;2;60;65;66m▄[38;2;66;73;75;48;2;57;62;63m▄[0m[38;2;66;73;75m                 [0m
 [38;2;0;0;0m          [38;2;72;81;84;48;2;86;95;97m▄[38;2;82;93;95m▄[0m [38;2;3;3;3m                [0m
 [38;2;0;0;0m        [0m [38;2;102;109;112m▄[38;2;166;180;184;48;2;73;82;83m▄[38;2;162;175;180;48;2;81;90;92m▄[0m[38;2;110;121;124m▄[0m  [38;2;3;3;3m              [0m
 [38;2;0;0;0m      [0m [38;2;124;140;145m▄[38;2;144;163;168;48;2;79;88;91m▄[38;2;143;162;167;48;2;114;131;134m▄[38;2;141;161;166;48;2;120;136;140m▄[38;2;141;160;166;48;2;117;133;138m▄[48;2;127;146;151m▄[38;2;142;161;166;48;2;125;145;150m▄[48;2;106;118;120m▄[38;2;139;158;163;48;2;50;53;53m▄[0m[38;2;87;96;99m▄[0m [38;2;13;13;13m           [0m
 [38;2;0;0;0m    [0m [38;2;87;96;98m▄[38;2;144;163;168;48;2;126;143;148m▄[48;2;143;162;167m  [38;2;143;161;166m▄[48;2;142;161;166m▄    [38;2;142;160;166;48;2;142;160;165m▄[38;2;141;160;165;48;2;142;161;166m▄[38;2;129;146;151;48;2;84;91;94m▄[0m [38;2;28;29;29m          [0m
 [38;2;0;0;0m    [0m [38;2;139;157;162;48;2;118;133;138m▄[38;2;142;161;166;48;2;143;162;167m▄[38;2;143;161;167m▄[48;2;143;161;167m [48;2;143;161;166m [48;2;142;161;166m [48;2;143;161;166m [38;2;143;161;166;48;2;142;161;166m▄[38;2;142;161;166;48;2;143;161;166m▄[38;2;142;160;165;48;2;142;161;166m▄[38;2;141;160;165;48;2;142;160;166m▄[38;2;142;160;165;48;2;141;160;166m▄[38;2;144;162;166;48;2;140;160;165m▄[38;2;81;89;91;48;2;66;72;73m▄[0m[38;2;81;89;91m          [0m
 [38;2;0;0;0m    [0m [38;2;37;41;42;48;2;142;161;166m [38;2;143;162;167m▄[38;2;142;161;166;48;2;142;161;167m▄[38;2;141;160;166;48;2;143;161;166m▄[38;2;142;160;166;48;2;143;161;167m▄[38;2;144;162;167m▄[38;2;143;162;167m▄[38;2;141;160;166;48;2;143;161;166m▄[38;2;141;160;165;48;2;142;161;166m▄[48;2;142;160;165m▄ [38;2;142;160;165;48;2;143;161;166m▄[38;2;140;158;164;48;2;144;162;166m▄[38;2;89;98;101;48;2;100;109;111m▄[0m[38;2;89;98;101m          [0m
 [38;2;0;0;0m    [38;2;62;66;67;48;2;64;68;69m▄[38;2;139;159;165;48;2;142;161;166m▄[38;2;142;162;167m▄[38;2;122;137;140;48;2;141;161;166m▄[38;2;158;175;180;48;2;114;130;134m▄[38;2;167;185;191;48;2;126;140;144m▄[38;2;129;143;147;48;2;126;139;143m▄[38;2;78;86;88;48;2;120;135;139m▄[38;2;77;83;86;48;2;120;134;138m▄[38;2;79;84;86;48;2;123;137;141m▄[38;2;77;83;85;48;2;124;138;141m▄[38;2;75;81;83;48;2;124;137;141m▄[38;2;76;82;84m▄[38;2;78;84;86;48;2;116;131;134m▄[38;2;79;86;88;48;2;117;130;133m▄[38;2;85;92;93;48;2;111;119;120m▄[38;2;96;104;106;48;2;83;87;88m▄[0m[38;2;138;153;158m▄[38;2;79;85;87m▄[0m [38;2;0;0;0m     [0m
 [38;2;0;0;0m    [0m [38;2;146;166;171;48;2;140;160;165m▄[38;2;139;156;162;48;2;141;162;167m▄[38;2;144;160;165;48;2;130;145;150m▄[38;2;164;183;188;48;2;166;185;190m▄[38;2;159;164;147;48;2;144;158;157m▄[38;2;252;248;196;48;2;189;187;150m▄[38;2;252;249;195;48;2;181;178;138m▄[38;2;250;246;193;48;2;138;137;109m▄[38;2;251;247;191;48;2;85;85;68m▄[38;2;238;236;190;48;2;18;18;14m▄[38;2;168;166;131;48;2;6;6;4m▄[38;2;251;248;196;48;2;67;66;53m▄[38;2;251;248;192;48;2;130;129;107m▄[38;2;250;245;186;48;2;174;172;135m▄[38;2;243;240;182;48;2;122;120;92m▄[38;2;25;25;19;48;2;1;1;1m▄[38;2;1;2;1;48;2;14;16;16m▄[38;2;82;90;94;48;2;136;151;156m▄[0m[38;2;72;78;79m▄     [0m
 [38;2;0;0;0m    [0m [38;2;139;159;165;48;2;142;162;167m▄[38;2;135;156;161;48;2;131;150;154m▄[38;2;142;155;160;48;2;151;167;172m▄[38;2;174;190;195;48;2;166;184;190m▄[38;2;149;158;149;48;2;162;167;143m▄[38;2;247;243;188;48;2;251;247;188m▄[38;2;239;235;172;48;2;203;199;158m▄[38;2;209;205;151;48;2;88;85;65m▄[38;2;252;248;194;48;2;250;245;190m▄[38;2;248;245;202;48;2;252;249;193m▄[38;2;178;176;143;48;2;187;186;154m▄[38;2;252;248;192;48;2;252;248;198m▄[38;2;249;245;185;48;2;237;234;180m▄[38;2;198;196;144;48;2;70;68;52m▄[38;2;237;234;186;48;2;242;240;197m▄[38;2;22;22;17;48;2;54;53;43m▄[38;2;3;4;3;48;2;3;3;2m▄[38;2;101;112;116;48;2;63;70;74m▄[38;2;53;56;58;48;2;81;88;90m▄[0m[38;2;53;56;58m     [0m
 [38;2;0;0;0m    [0m [38;2;144;163;168;48;2;142;161;166m▄[48;2;142;162;168m▄[38;2;139;159;164;48;2;120;133;136m▄[38;2;110;124;128;48;2;167;183;189m▄[38;2;128;142;146;48;2;161;179;185m▄[38;2;131;143;147;48;2;149;156;140m▄[38;2;147;159;163;48;2;181;181;146m▄[38;2;156;169;173;48;2;194;191;150m▄[38;2;151;164;168;48;2;221;219;175m▄[38;2;145;159;163;48;2;129;128;105m▄[38;2;138;152;157;48;2;182;180;136m▄[38;2;134;146;151;48;2;229;226;172m▄[38;2;139;151;155;48;2;230;227;182m▄[38;2;138;152;157;48;2;216;213;167m▄[38;2;137;150;155;48;2;83;82;61m▄[38;2;131;141;146;48;2;16;18;19m▄[38;2;98;105;108;48;2;75;82;85m▄[0m[7m[38;2;123;133;137m▄[0m [38;2;0;0;0m     [0m
 [38;2;0;0;0m    [0m [38;2;139;158;163;48;2;143;161;167m▄[38;2;141;160;166;48;2;141;161;166m▄[38;2;143;162;168;48;2;141;161;167m▄[38;2;145;164;170;48;2;143;163;169m▄[38;2;145;163;169;48;2;148;167;172m▄[38;2;146;165;171;48;2;148;167;170m▄[38;2;146;165;170;48;2;133;150;154m▄[38;2;147;165;171;48;2;119;136;140m▄[38;2;146;165;171;48;2;109;125;129m▄[38;2;144;164;170;48;2;107;121;125m▄[38;2;147;165;171;48;2;110;124;127m▄[38;2;149;167;172;48;2;109;123;126m▄[38;2;150;168;174;48;2;107;122;126m▄[38;2;117;129;133;48;2;90;100;103m▄[0m [38;2;6;6;6m         [0m
 [38;2;0;0;0m    [0m [38;2;136;155;160;48;2;136;156;161m▄[38;2;145;164;169;48;2;144;163;168m▄[38;2;116;129;128;48;2;146;164;169m▄[38;2;210;208;164;48;2;122;135;134m▄[38;2;171;170;134;48;2;115;123;114m▄[38;2;244;241;187;48;2;146;152;135m▄[38;2;197;196;157;48;2;126;135;127m▄[38;2;225;222;182;48;2;129;139;134m▄[38;2;250;246;191;48;2;131;142;136m▄[38;2;179;177;136;48;2;114;127;125m▄[38;2;246;241;182;48;2;125;137;131m▄[38;2;71;71;61;48;2;106;117;118m▄[0m[7m[38;2;91;100;103m▄[38;2;80;85;86m▄[0m [38;2;0;0;0m         [0m
 [38;2;0;0;0m    [0m [38;2;133;150;154;48;2;136;154;159m▄[38;2;146;166;171;48;2;145;164;170m▄[38;2;120;127;114;48;2;137;140;120m▄[38;2;191;188;146;48;2;204;199;152m▄[38;2;132;131;103;48;2;141;140;113m▄[38;2;181;178;135;48;2;188;186;144m▄[38;2;139;138;105;48;2;142;141;109m▄[38;2;178;176;139;48;2;165;163;128m▄[38;2;200;198;162;48;2;184;183;147m▄[38;2;140;139;114;48;2;135;133;109m▄[38;2;183;183;152;48;2;183;181;147m▄[38;2;59;59;51;48;2;59;58;51m▄[0m[38;2;59;59;51m            [0m
 [38;2;0;0;0m    [0m [38;2;120;138;143;48;2;123;141;146m▄[38;2;145;165;171;48;2;144;164;170m▄[38;2;148;167;173;48;2;136;153;154m▄[38;2;139;158;162;48;2;186;185;160m▄[38;2;120;133;131;48;2;180;178;147m▄[38;2;145;153;138;48;2;245;240;189m▄[38;2;124;131;116;48;2;183;181;140m▄[38;2;149;153;131;48;2;216;212;168m▄[38;2;153;158;135;48;2;229;226;178m▄[38;2;126;133;119;48;2;168;167;136m▄[38;2;132;142;129;48;2;242;239;190m▄[38;2;116;131;134;48;2;78;79;70m▄[0m [38;2;16;16;17m           [0m
 [38;2;0;0;0m [0m [38;2;59;63;64m▄[38;2;142;156;161m▄[38;2;166;185;192;48;2;83;89;90m▄[38;2;172;190;196;48;2;108;120;123m▄[38;2;140;155;160;48;2;135;151;155m▄[38;2;119;134;138;48;2;146;165;170m▄[38;2;123;137;140;48;2;144;164;170m▄[38;2;115;130;132;48;2;147;166;171m▄[38;2;111;126;130;48;2;147;166;172m▄[38;2;110;125;129;48;2;148;166;172m▄[38;2;111;126;130;48;2;147;166;172m▄[38;2;109;125;128;48;2;145;164;171m▄[38;2;109;124;128;48;2;143;161;168m▄[38;2;112;128;132;48;2;139;159;165m▄[38;2;121;134;137;48;2;136;154;159m▄[0m[38;2;152;168;174m▄[38;2;94;103;105m▄[0m [38;2;13;13;14m         [0m
 [38;2;113;125;128m▄[38;2;166;185;192;48;2;96;104;107m▄[38;2;169;187;193;48;2;166;183;189m▄[48;2;169;186;193m [38;2;169;186;192;48;2;169;187;193m▄[38;2;168;186;193;48;2;168;186;192m▄▄[38;2;169;186;193;48;2;167;185;192m▄[48;2;168;186;192m▄[38;2;168;186;192;48;2;168;186;193m▄[38;2;169;187;193;48;2;168;186;192m▄[48;2;166;183;189m▄[48;2;165;182;188m▄[48;2;166;184;190m▄[38;2;168;186;192;48;2;167;186;192m▄[38;2;167;185;192;48;2;167;185;191m▄[48;2;168;186;192m▄[48;2;166;185;191m▄[38;2;167;186;192;48;2;163;182;189m▄[38;2;167;186;193;48;2;122;136;139m▄[0m[38;2;141;154;159m▄[0m [38;2;20;21;22m      [0m [0m
[?25h