[?25l[0m [38;2;0;0;0m  [0m [38;2;41;36;33m▄[0m [38;2;21;20;19m   [0m [38;2;53;31;10m▄[0m [38;2;29;28;27m                  [0m
 [38;2;0;0;0m  [0m [38;2;36;31;26;48;2;48;34;23m▄[38;2;57;34;11;48;2;48;28;10m▄[0m[38;2;53;34;17m▄[38;2;44;35;28m▄[38;2;49;38;28m▄[38;2;51;30;10;48;2;56;42;28m▄[38;2;53;31;10;48;2;55;32;9m▄[0m[38;2;45;39;36m▄[0m [38;2;50;42;32m▄[38;2;53;31;9m▄[38;2;53;36;22;48;2;43;36;30m▄[0m [38;2;9;9;9m           [0m  [0m
[38;2;54;45;36;48;2;49;41;34m▄[38;2;53;30;10;48;2;57;46;36m▄[38;2;52;29;9;48;2;33;28;25m▄[0m[38;2;52;29;9m▄[38;2;56;32;9;48;2;55;46;36m▄[48;2;57;33;10m▄[48;2;55;31;9m [38;2;55;31;9;48;2;53;31;8m▄[48;2;54;31;9m  [38;2;55;32;10;48;2;54;31;10m▄[38;2;55;31;9;48;2;55;32;11m▄[38;2;54;31;9;48;2;53;31;11m▄[38;2;55;31;9;48;2;57;32;9m▄[38;2;57;38;21;48;2;60;38;18m▄[0m    [38;2;19;19;18m        [38;2;44;45;45m▄[38;2;49;49;49;48;2;29;29;29m▄[38;2;55;55;55;48;2;4;4;4m▄[0m
 [38;2;45;29;15;48;2;46;36;27m▄[38;2;56;31;9;48;2;54;31;9m▄[48;2;55;31;9m  [38;2;55;31;9;48;2;54;31;9m▄[48;2;55;31;9m [48;2;55;31;8m▄[38;2;52;28;8;48;2;54;30;9m▄[38;2;53;30;9;48;2;54;31;9m▄[48;2;55;31;9m▄[38;2;56;32;10;48;2;55;32;10m▄[48;2;55;32;9m [48;2;54;31;9m [38;2;51;28;8;48;2;53;31;9m▄[38;2;55;31;9;48;2;50;29;9m▄[38;2;55;34;15;48;2;53;31;9m▄[38;2;37;30;23;48;2;56;31;7m▄[0m[7m[38;2;53;36;19m▄[0m [38;2;3;3;3m       [0m [38;2;13;13;13m▄[38;2;0;0;0;48;2;25;25;25m▄[0m
[38;2;55;31;9;48;2;58;42;28m▄[48;2;54;30;9m▄[48;2;55;31;9m  [48;2;55;30;8m▄[38;2;55;31;10;48;2;54;30;8m▄[38;2;117;75;39;48;2;51;29;8m▄[38;2;169;110;59;48;2;79;49;21m▄[38;2;173;114;60;48;2;125;82;42m▄[38;2;172;113;60;48;2;122;80;42m▄[38;2;168;110;60;48;2;86;54;25m▄[38;2;98;63;31;48;2;50;28;8m▄[38;2;54;31;8;48;2;52;30;9m▄[38;2;54;31;9;48;2;49;27;8m▄[38;2;162;106;56;48;2;71;44;20m▄[38;2;120;77;40;48;2;61;36;10m▄[38;2;60;34;9;48;2;57;40;24m▄[0m [38;2;28;27;25m       [0m [38;2;18;19;18m▄[38;2;1;1;0;48;2;9;9;9m▄[48;2;0;0;0m  [0m
[38;2;55;31;9;48;2;53;30;9m▄[48;2;55;31;9m [38;2;56;32;10m▄[38;2;56;32;9;48;2;55;32;9m▄[38;2;63;38;15;48;2;54;30;9m▄[38;2;168;108;57;48;2;92;57;26m▄[38;2;170;110;58;48;2;172;111;58m▄[38;2;171;111;59;48;2;171;112;59m▄[48;2;172;113;60m▄[38;2;171;112;59;48;2;170;111;59m▄[38;2;173;113;59m▄[48;2;156;103;53m▄[38;2;125;81;41;48;2;69;41;15m▄[38;2;52;30;11;48;2;55;30;9m▄[38;2;164;108;57;48;2;168;110;57m▄[38;2;171;112;59;48;2;167;110;58m▄[38;2;165;109;56;48;2;98;64;33m▄[0m[38;2;47;40;34m▄[0m [38;2;3;3;2m      [0m [38;2;32;32;31;48;2;12;12;12m▄[38;2;33;32;32;48;2;0;0;0m▄[38;2;1;1;1m▄ [0m
[38;2;53;30;9;48;2;56;31;9m▄[38;2;56;32;9;48;2;54;31;9m▄[38;2;55;31;10;48;2;56;31;9m▄[48;2;57;32;9m▄[38;2;56;32;10;48;2;57;33;11m▄[38;2;151;98;50;48;2;168;109;58m▄[38;2;174;114;59;48;2;172;112;59m▄[38;2;171;112;59;48;2;173;113;59m▄[38;2;170;111;59;48;2;171;111;58m▄[38;2;168;109;56;48;2;172;111;58m▄[38;2;160;103;52;48;2;174;112;58m▄[38;2;153;99;50;48;2;172;112;59m▄[38;2;162;105;56;48;2;168;109;58m▄[38;2;171;111;57;48;2;166;107;56m▄[38;2;170;110;56;48;2;171;111;57m▄[38;2;169;110;56;48;2;172;112;58m▄[38;2;149;98;52;48;2;174;114;59m▄[38;2;137;95;60;48;2;170;113;59m▄[38;2;107;82;61;48;2;85;64;44m▄[0m[38;2;57;58;61m▄[0m [38;2;14;14;15m     [0m [7m[38;2;22;22;22m▄[0m[38;2;12;12;12;48;2;3;3;3m▄[48;2;0;0;0m [0m
[38;2;55;31;10;48;2;60;35;10m▄[38;2;55;31;9;48;2;58;33;9m▄[38;2;53;31;10;48;2;55;31;9m▄[38;2;60;36;14;48;2;51;28;9m▄[38;2;44;24;7;48;2;45;25;7m▄[38;2;116;76;39;48;2;143;94;49m▄[38;2;144;95;48;48;2;177;116;61m▄[38;2;130;106;90;48;2;143;105;75m▄[38;2;208;216;251;48;2;165;171;193m▄[38;2;208;216;249;48;2;177;185;210m▄[38;2;110;116;140;48;2;173;182;215m▄[38;2;196;206;249;48;2;178;188;224m▄[38;2;200;211;248;48;2;173;178;202m▄[38;2;126;89;57;48;2;159;106;57m▄[38;2;141;92;46;48;2;169;110;57m▄[38;2;119;88;63;48;2;137;100;68m▄[38;2;209;218;249;48;2;206;213;237m▄[38;2;169;177;208;48;2;203;213;244m▄[38;2;150;156;182;48;2;195;206;245m▄[38;2;201;209;249;48;2;204;213;248m▄[38;2;107;111;130;48;2;91;95;107m▄[0m[38;2;107;111;130m       [0m [7m[38;2;8;8;8m▄[0m
[38;2;97;70;45;48;2;48;37;27m▄[38;2;115;74;35;48;2;83;52;25m▄[38;2;145;94;46;48;2;70;45;22m▄[38;2;170;110;57;48;2;105;67;33m▄[38;2;131;85;43;48;2;47;26;6m▄[38;2;171;112;59;48;2;166;109;57m▄[38;2;171;112;60;48;2;169;111;61m▄[38;2;153;106;65;48;2;145;114;92m▄[38;2;144;133;135;48;2;211;218;250m▄[38;2;136;125;131;48;2;199;209;249m▄[38;2;144;130;127;48;2;197;206;245m▄[38;2;155;136;127;48;2;208;216;250m▄[38;2;137;117;104;48;2;211;219;250m▄[38;2;155;100;52;48;2;148;102;65m▄[38;2;168;109;57;48;2;173;113;58m▄[38;2;167;109;58;48;2;154;102;56m▄[38;2;169;111;57;48;2;142;132;138m▄[38;2;143;99;59;48;2;188;199;236m▄[38;2;112;84;61;48;2;209;218;252m▄[0m[7m[38;2;213;220;248m▄[38;2;110;112;124m▄[0m[38;2;8;8;8m         [0m
[7m[38;2;105;76;48m▄[0m[38;2;125;81;40;48;2;134;85;39m▄[38;2;140;91;45;48;2;173;112;56m▄[38;2;175;114;58;48;2;172;112;57m▄[38;2;173;113;59;48;2;170;110;57m▄[38;2;172;112;59;48;2;171;111;59m▄[38;2;171;112;59;48;2;172;112;59m▄[48;2;171;112;59m [38;2;172;112;59;48;2;170;111;58m▄[38;2;173;113;60;48;2;172;112;59m▄[48;2;173;114;60m▄[38;2;170;112;60;48;2;172;113;60m▄[38;2;156;102;54;48;2;126;82;41m▄[38;2;143;92;46;48;2;172;110;55m▄[38;2;139;90;46;48;2;166;108;55m▄[38;2;131;85;43;48;2;168;109;57m▄[38;2;139;90;44;48;2;164;107;57m▄[38;2;159;105;55;48;2;133;86;43m▄[38;2;167;111;58;48;2;119;78;40m▄[0m[38;2;77;57;39m▄[0m [38;2;0;0;0m         [0m
[38;2;42;41;29m▄[38;2;116;78;37;48;2;130;87;45m▄[38;2;171;112;58;48;2;168;109;56m▄[38;2;171;111;58;48;2;170;110;58m▄[38;2;171;112;59;48;2;171;111;59m▄[38;2;172;112;59;48;2;172;111;59m▄[48;2;172;112;59m [48;2;171;112;59m▄[38;2;173;113;60;48;2;172;112;60m▄[48;2;173;113;60m [38;2;174;114;60m▄[38;2;175;114;60;48;2;174;113;60m▄[38;2;171;112;59;48;2;172;113;59m▄[38;2;170;111;58;48;2;172;112;58m▄[38;2;170;111;59;48;2;169;110;58m▄[38;2;170;112;59;48;2;170;111;58m▄[38;2;172;113;58;48;2;173;112;58m▄[38;2;172;113;59;48;2;169;111;59m▄[38;2;169;111;59;48;2;170;112;59m▄[38;2;167;109;59;48;2;163;108;57m▄[38;2;138;96;57;48;2;58;46;35m▄[0m [38;2;10;10;10m        [0m
[38;2;22;21;2;48;2;33;32;12m▄[38;2;21;19;1;48;2;71;51;19m▄[38;2;143;94;49;48;2;169;111;58m▄[38;2;172;113;61;48;2;172;112;59m▄[38;2;172;113;60m▄[38;2;172;112;60m▄[38;2;172;113;60;48;2;172;113;59m▄ [38;2;172;112;60;48;2;173;113;60m▄ [38;2;162;106;55;48;2;133;87;43m▄[38;2;164;108;57;48;2;148;96;48m▄[38;2;167;109;57;48;2;144;94;48m▄[38;2;174;115;61;48;2;137;89;44m▄[38;2;168;112;59;48;2;151;98;50m▄[38;2;136;89;46;48;2;171;112;58m▄[38;2;131;87;45;48;2;172;113;58m▄[38;2;138;92;50;48;2;168;109;56m▄[0m[7m[38;2;127;88;53m▄[38;2;114;80;51m▄[0m [38;2;0;0;0m         [0m
[38;2;23;22;2;48;2;31;31;2m▄[38;2;30;29;2;48;2;29;29;2m▄[38;2;44;43;18;48;2;59;43;20m▄[38;2;156;132;96;48;2;168;109;58m▄[38;2;169;110;58;48;2;173;113;60m▄[38;2;174;114;61;48;2;174;113;60m▄[48;2;173;113;60m▄[38;2;174;114;60m▄[38;2;173;114;60;48;2;172;113;60m▄ ▄[38;2;173;115;61;48;2;173;114;61m▄[38;2;174;115;61m▄[38;2;174;115;62;48;2;174;115;61m▄[38;2;176;117;62;48;2;174;115;62m▄[48;2;173;115;62m▄[38;2;77;58;33;48;2;128;87;49m▄[0m [38;2;21;21;20m            [0m
[38;2;32;31;3;48;2;23;22;2m▄[38;2;31;29;1;48;2;28;27;2m▄[38;2;32;30;2;48;2;32;31;3m▄[38;2;68;67;41;48;2;160;157;124m▄[38;2;249;240;188;48;2;182;165;124m▄[38;2;217;208;161;48;2;157;106;58m▄[38;2;158;131;89;48;2;174;115;62m▄[38;2;151;100;54;48;2;174;114;61m▄[38;2;176;116;62;48;2;175;115;61m▄[38;2;177;117;62;48;2;174;114;61m▄[38;2;175;116;61m▄[38;2;173;115;61;48;2;174;115;61m▄[48;2;175;116;62m [48;2;174;116;62m▄[38;2;148;103;57;48;2;175;117;63m▄[38;2;141;132;104;48;2;135;91;47m▄[38;2;34;33;2;48;2;23;22;3m▄[38;2;26;25;1;48;2;29;28;13m▄[0m[38;2;50;50;11m▄[0m [38;2;28;27;23m          [0m
[38;2;41;40;5;48;2;38;37;4m▄[38;2;30;29;1;48;2;32;31;2m▄[38;2;30;30;2;48;2;29;28;1m▄[38;2;33;32;2;48;2;23;23;2m▄[38;2;95;93;67;48;2;158;152;113m▄[38;2;187;182;145;48;2;250;240;180m▄[38;2;209;203;155;48;2;252;242;185m▄[38;2;251;243;193;48;2;225;218;168m▄[38;2;252;243;188;48;2;179;163;121m▄[38;2;251;241;184;48;2;163;134;92m▄[38;2;250;242;191;48;2;154;118;75m▄[38;2;248;241;185;48;2;147;111;68m▄[38;2;136;120;93;48;2;136;104;65m▄[38;2;242;236;190;48;2;165;147;107m▄[38;2;242;235;194;48;2;219;211;164m▄[38;2;161;158;128;48;2;164;161;130m▄[38;2;23;22;2;48;2;34;33;2m▄[38;2;21;20;1;48;2;24;24;1m▄[38;2;41;40;5;48;2;46;46;6m▄[38;2;63;62;32;48;2;54;54;26m▄[0m [38;2;4;4;4m         [0m
[38;2;59;58;8;48;2;55;53;7m▄[38;2;61;59;8;48;2;33;33;3m▄[38;2;46;45;5m▄[38;2;29;28;2;48;2;33;32;2m▄[38;2;24;23;2;48;2;34;33;10m▄[38;2;144;138;105;48;2;229;220;172m▄[38;2;252;241;185;48;2;230;223;178m▄[38;2;253;242;188;48;2;192;187;148m▄[38;2;252;240;188;48;2;196;191;152m▄[38;2;249;239;186;48;2;191;184;137m▄[38;2;241;233;183;48;2;195;187;141m▄[38;2;162;135;108;48;2;151;133;103m▄[38;2;117;25;23;48;2;109;25;23m▄[38;2;123;77;62;48;2;120;80;63m▄[38;2;252;242;186;48;2;199;193;154m▄[38;2;251;241;192;48;2;245;237;188m▄[38;2;74;72;43;48;2;26;25;12m▄[38;2;32;32;1;48;2;32;31;3m▄[38;2;47;46;5;48;2;64;62;8m▄[38;2;52;51;7;48;2;47;46;7m▄[38;2;50;49;14;48;2;35;35;24m▄[0m [38;2;15;15;15m        [0m
[38;2;60;58;10;48;2;62;61;9m▄[38;2;54;53;9;48;2;57;56;9m▄[38;2;23;23;2;48;2;27;26;1m▄[38;2;31;31;2;48;2;29;28;2m▄[38;2;34;33;2;48;2;28;27;2m▄[38;2;36;36;5;48;2;71;68;43m▄[38;2;220;211;166;48;2;251;242;195m▄[38;2;253;241;186;48;2;253;242;188m▄[38;2;253;241;187;48;2;252;241;187m▄[48;2;253;241;188m▄[38;2;253;241;188;48;2;253;242;188m▄[38;2;240;230;182;48;2;245;235;189m▄[38;2;91;25;22;48;2;81;30;27m▄[38;2;100;41;33;48;2;136;107;86m▄[38;2;248;239;190;48;2;252;242;193m▄[38;2;252;242;189;48;2;252;243;199m▄[38;2;123;120;92;48;2;102;100;72m▄[38;2;31;31;2;48;2;30;29;1m▄[38;2;34;33;4;48;2;28;27;2m▄[38;2;70;68;21;48;2;57;55;8m▄[38;2;58;57;31;48;2;63;63;10m▄[0m[7m[38;2;44;44;28m▄[0m[38;2;7;7;6m        [0m
[7m[38;2;45;44;24m▄[38;2;63;61;15m▄[38;2;57;55;8m▄[0m[38;2;57;56;34;48;2;37;36;2m▄[38;2;33;33;18;48;2;34;33;2m▄[38;2;46;46;31;48;2;27;26;2m▄[38;2;87;85;64;48;2;138;132;97m▄[38;2;251;240;193;48;2;252;239;181m▄[38;2;253;241;190;48;2;253;241;187m▄[38;2;253;241;192;48;2;253;241;188m▄[38;2;252;241;195;48;2;253;241;189m▄[38;2;212;204;163;48;2;228;218;172m▄[38;2;93;25;25;48;2;106;21;19m▄[38;2;109;47;47;48;2;115;22;19m▄[0m[7m[38;2;205;196;160m▄[38;2;252;243;192m▄[38;2;151;148;117m▄[38;2;50;50;27m▄[38;2;38;37;27m▄[0m [38;2;0;0;0m          [0m
[?25h