[?25l[0m [38;2;0;0;0m           [0m [38;2;124;135;141m▄[38;2;142;155;163m▄[0m [38;2;43;44;45m             [0m
 [38;2;0;0;0m           [0m [38;2;52;56;58;48;2;159;176;186m▄[38;2;69;77;81;48;2;162;179;190m▄[0m[7m[38;2;65;67;69m▄[0m[38;2;13;13;13m             [0m
 [38;2;0;0;0m            [38;2;64;69;71;48;2;29;33;35m▄[38;2;86;100;107;48;2;71;83;90m▄[0m [38;2;19;19;19m             [0m
 [38;2;0;0;0m            [38;2;54;60;62;48;2;62;67;70m▄[38;2;94;114;122;48;2;93;110;119m▄[0m [38;2;21;21;21m             [0m
 [38;2;0;0;0m           [0m [38;2;85;95;99;48;2;58;66;69m▄[38;2;78;92;99;48;2;90;110;119m▄[38;2;90;98;103;48;2;43;45;46m▄[0m [38;2;35;36;38m            [0m
 [38;2;0;0;0m        [0m [38;2;56;60;61m▄[38;2;104;115;120m▄[38;2;99;112;119;48;2;118;127;133m▄[38;2;99;111;117;48;2;165;180;191m▄[38;2;104;115;121;48;2;163;178;188m▄[38;2;107;119;125;48;2;161;174;183m▄[38;2;132;146;153;48;2;122;131;137m▄[0m[38;2;138;154;162m▄[38;2;102;115;121m▄[38;2;60;64;66m▄[0m [38;2;14;14;14m        [0m
 [38;2;0;0;0m      [0m [38;2;72;77;79m▄[38;2;141;157;164;48;2;90;96;100m▄[38;2;142;158;166;48;2;141;157;164m▄[38;2;143;158;166;48;2;141;157;165m▄[48;2;140;156;164m▄[48;2;141;157;165m▄[38;2;142;158;165;48;2;143;159;166m▄[38;2;142;158;166;48;2;143;158;166m▄[38;2;141;157;165;48;2;142;157;165m▄[38;2;142;157;165;48;2;140;155;164m▄[48;2;138;155;163m▄[38;2;143;158;166m▄[38;2;146;161;169;48;2;108;119;124m▄[0m[38;2;114;126;131m▄[0m [38;2;21;21;21m      [0m
 [38;2;0;0;0m      [38;2;77;84;87m▄[38;2;144;159;167;48;2;131;146;154m▄[38;2;143;158;166;48;2;142;158;166m▄[48;2;143;159;166m▄[48;2;142;158;166m   [38;2;143;159;167;48;2;142;158;165m▄[38;2;143;158;166;48;2;142;158;166m▄[38;2;143;159;167;48;2;143;159;166m▄[38;2;144;159;167;48;2;143;158;167m▄[48;2;143;159;167m▄ [38;2;142;158;166;48;2;144;159;168m▄[38;2;140;156;165;48;2;143;158;167m▄[38;2;119;133;139;48;2;81;87;90m▄[0m [38;2;27;27;28m     [0m
 [38;2;0;0;0m     [0m [38;2;118;132;139;48;2;104;115;121m▄[38;2;140;156;164;48;2;142;158;166m▄[38;2;141;157;165;48;2;142;157;165m▄▄[48;2;142;158;166m [38;2;143;159;167;48;2;143;158;166m▄▄[48;2;143;159;166m▄[38;2;143;158;166;48;2;143;159;167m▄     [38;2;144;159;168;48;2;142;158;167m▄[38;2;148;163;171;48;2;143;159;167m▄[38;2;70;76;78;48;2;42;44;46m▄[0m[38;2;70;76;78m     [0m
 [38;2;0;0;0m     [0m [38;2;132;148;156;48;2;133;148;154m▄[38;2;139;155;163;48;2;141;156;164m▄ [38;2;141;157;165;48;2;142;157;165m▄[38;2;143;158;166;48;2;142;158;166m▄▄[48;2;143;159;167m▄   [38;2;144;159;168m▄[38;2;145;160;168m▄[38;2;144;160;168;48;2;144;159;167m▄[38;2;144;159;168;48;2;144;160;168m▄[38;2;142;158;167;48;2;145;160;168m▄[38;2;139;156;165;48;2;145;161;169m▄[38;2;97;107;111;48;2;86;94;96m▄[0m[38;2;97;107;111m     [0m
 [38;2;0;0;0m     [0m [38;2;136;152;160;48;2;130;146;155m▄[38;2;141;157;165;48;2;139;155;163m▄[38;2;142;158;166;48;2;141;157;165m▄[38;2;143;159;166;48;2;143;158;166m▄[38;2;119;132;138;48;2;143;159;167m▄[38;2;118;130;135;48;2;143;158;166m▄[38;2;123;134;140;48;2;145;161;169m▄[38;2;122;133;140m▄[38;2;120;132;138;48;2;144;159;167m▄[38;2;120;131;137;48;2;145;160;168m▄[38;2;124;133;138;48;2;146;161;169m▄[38;2;124;134;139;48;2;147;162;170m▄[38;2;120;131;136;48;2;147;163;170m▄[38;2;121;133;138;48;2;145;161;169m▄[38;2;127;138;143;48;2;142;158;167m▄[38;2;128;139;147;48;2;139;156;165m▄[38;2;124;134;142;48;2;91;99;103m▄[0m[38;2;128;135;139m▄[38;2;69;73;74m▄[0m  [38;2;5;5;5m [0m
 [38;2;0;0;0m     [0m [38;2;138;154;163;48;2;138;154;162m▄[48;2;140;156;164m [38;2;141;158;166;48;2;138;155;163m▄[38;2;133;146;153;48;2;125;138;144m▄[38;2;170;186;196;48;2;159;172;181m▄[38;2;167;183;193;48;2;172;186;195m▄[38;2;146;158;165;48;2;173;187;197m▄[38;2;161;163;132;48;2;170;183;194m▄[38;2;221;220;161;48;2;135;146;155m▄[38;2;238;236;168;48;2;120;130;134m▄[38;2;202;201;137;48;2;114;123;128m▄[38;2;109;109;76;48;2;118;125;130m▄[38;2;14;13;9;48;2;113;121;126m▄[38;2;25;25;19;48;2;113;122;127m▄[38;2;122;121;92;48;2;121;129;134m▄[38;2;195;194;139;48;2;119;126;132m▄[38;2;215;215;153;48;2;114;122;128m▄[38;2;118;118;83;48;2;124;130;134m▄[38;2;8;7;6;48;2;130;136;141m▄[38;2;3;3;3;48;2;140;151;158m▄[38;2;77;85;89;48;2;106;115;120m▄[0m[38;2;110;119;125m▄[0m
 [38;2;0;0;0m     [0m [38;2;139;154;162;48;2;140;155;163m▄[48;2;143;158;166m [38;2;125;139;147;48;2;135;150;157m▄[38;2;156;170;181;48;2;149;163;172m▄[38;2;171;186;197;48;2;168;184;195m▄[38;2;159;175;184;48;2;166;183;193m▄[38;2;197;196;140;48;2;154;157;127m▄[38;2;251;248;172;48;2;250;248;179m▄[38;2;250;248;176;48;2;251;249;181m▄[38;2;143;142;100;48;2;251;249;179m▄[38;2;162;161;119;48;2;251;249;174m▄[38;2;250;249;184;48;2;250;248;173m▄[38;2;243;243;180;48;2;181;181;130m▄[38;2;189;188;144;48;2;212;210;162m▄[38;2;251;249;184;48;2;250;248;185m▄[38;2;250;249;180;48;2;251;250;174m▄[38;2;111;110;74;48;2;251;249;172m▄[38;2;183;181;131;48;2;249;247;175m▄[38;2;179;178;126;48;2;100;99;67m▄[38;2;3;2;1;48;2;1;1;1m▄[38;2;5;4;3;48;2;3;3;3m▄[38;2;103;109;116;48;2;131;140;147m▄[0m
 [38;2;0;0;0m     [0m [38;2;131;147;156;48;2;134;150;158m▄[38;2;141;157;165;48;2;141;156;165m▄[38;2;146;162;170;48;2;131;145;152m▄[38;2;144;156;163;48;2;155;170;178m▄[48;2;173;188;198m [38;2;169;184;195;48;2;162;177;185m▄[38;2;152;156;124;48;2;198;197;143m▄[38;2;249;247;170;48;2;251;249;170m▄[38;2;252;249;169;48;2;250;249;169m▄[38;2;250;249;167;48;2;184;183;127m▄[38;2;251;249;174;48;2;196;196;145m▄[38;2;250;249;182;48;2;250;249;187m▄[38;2;195;194;143;48;2;242;242;183m▄[38;2;230;228;160;48;2;186;184;135m▄[38;2;251;250;171;48;2;251;249;175m▄[38;2;251;250;174;48;2;251;250;180m▄[38;2;251;250;178;48;2;166;166;121m▄[38;2;249;248;183;48;2;210;208;151m▄[38;2;101;100;70;48;2;176;174;121m▄[38;2;2;1;1;48;2;1;1;0m▄[38;2;7;7;8;48;2;2;2;1m▄[38;2;136;145;152;48;2;109;115;121m▄[0m
 [38;2;0;0;0m      [38;2;135;150;157;48;2;136;151;158m▄[38;2;143;159;167;48;2;143;158;166m▄[38;2;141;157;165;48;2;141;157;166m▄[38;2;138;155;163;48;2;132;147;155m▄[38;2;117;130;136;48;2;156;171;180m▄[38;2;117;128;134;48;2;163;180;191m▄[38;2;150;162;169;48;2;145;159;165m▄[38;2;163;176;183;48;2;163;164;127m▄[38;2;136;148;153;48;2;220;218;160m▄[38;2;125;134;132;48;2;249;247;172m▄[38;2;110;119;118;48;2;243;242;167m▄[38;2;89;98;102;48;2;175;174;125m▄[48;2;41;40;27m▄[38;2;89;98;100;48;2;150;149;102m▄[38;2;99;106;105;48;2;231;229;165m▄[38;2;126;133;127;48;2;251;250;181m▄[38;2;116;124;125;48;2;227;226;159m▄[38;2;113;121;126;48;2;122;121;87m▄[38;2;129;138;145;48;2;9;9;7m▄[38;2;136;145;151;48;2;12;13;13m▄[38;2;81;86;88;48;2;115;123;128m▄[0m[7m[38;2;80;85;89m▄[0m
 [38;2;0;0;0m     [0m [38;2;131;146;154;48;2;130;145;152m▄[48;2;140;156;164m [48;2;141;157;165m [38;2;142;158;166;48;2;142;159;167m▄[38;2;143;159;167;48;2;145;161;168m▄[38;2;144;160;168;48;2;148;163;171m▄[48;2;134;148;154m▄[38;2;143;158;167;48;2;114;126;132m▄[38;2;142;158;166;48;2;109;120;127m▄[38;2;144;159;167;48;2;108;121;126m▄[38;2;147;161;169;48;2;109;121;126m▄[38;2;144;160;169;48;2;112;124;129m▄[38;2;142;158;168;48;2;114;125;130m▄[38;2;144;160;169m▄[38;2;147;163;172;48;2;110;121;126m▄[38;2;147;164;173;48;2;109;121;127m▄[38;2;105;116;120;48;2;88;97;101m▄[0m   [38;2;0;0;0m  [0m
 [38;2;0;0;0m     [0m [38;2;129;144;152;48;2;136;149;157m▄[38;2;138;155;163;48;2;142;158;166m▄[48;2;140;157;164m▄[38;2;113;123;116;48;2;139;155;163m▄[38;2;179;177;129;48;2;131;146;154m▄[38;2;148;147;110;48;2;117;131;138m▄[38;2;207;204;141;48;2;124;138;145m▄[38;2;190;187;138;48;2;134;150;156m▄[38;2;130;130;103;48;2;144;160;166m▄[38;2;173;173;136;48;2;149;163;170m▄[38;2;174;174;136;48;2;148;163;169m▄[38;2;139;139;113;48;2;144;159;165m▄[38;2;164;164;130;48;2;141;157;164m▄[38;2;183;183;135;48;2;141;157;163m▄[38;2;66;66;61;48;2;135;150;157m▄[0m[7m[38;2;120;134;141m▄[38;2;88;96;99m▄[0m[38;2;8;8;8m     [0m
 [38;2;0;0;0m     [0m [38;2;126;141;149;48;2;126;142;149m▄[38;2;144;160;169;48;2;139;156;165m▄[38;2;113;127;129;48;2;122;138;144m▄[38;2;237;235;181;48;2;158;158;118m▄[38;2;247;244;180;48;2;181;180;125m▄[38;2;170;169;132;48;2;122;121;90m▄[38;2;236;233;162;48;2;185;182;130m▄[38;2;229;226;158;48;2;200;199;149m▄[38;2;155;153;114;48;2;144;142;110m▄[38;2;215;212;161;48;2;210;209;152m▄[38;2;221;218;162;48;2;213;212;162m▄[38;2;179;177;133;48;2;161;161;127m▄[38;2;211;212;162;48;2;175;174;135m▄[38;2;231;232;170;48;2;178;178;133m▄[0m[7m[38;2;61;60;56m▄[0m[38;2;22;22;19m       [0m
 [38;2;0;0;0m     [0m [38;2;127;141;148;48;2;124;139;147m▄[38;2;142;159;167;48;2;142;158;167m▄[38;2;145;161;169;48;2;123;138;142m▄[38;2;128;135;119;48;2;153;153;111m▄[38;2;230;227;173;48;2;186;187;138m▄[38;2;176;175;134;48;2;130;130;99m▄[38;2;243;240;170;48;2;183;181;127m▄[38;2;238;235;173;48;2;191;190;136m▄[38;2;168;166;129;48;2;140;139;105m▄[38;2;226;224;166;48;2;198;198;149m▄[38;2;230;228;159;48;2;198;196;143m▄[38;2;185;183;135;48;2;149;147;108m▄[38;2;220;219;167;48;2;170;171;130m▄[38;2;235;234;182;48;2;178;178;132m▄[0m[38;2;54;54;53m▄[0m [38;2;3;3;3m      [0m
 [38;2;0;0;0m   [0m  [38;2;114;122;126m▄[38;2;102;114;119;48;2;129;143;150m▄[38;2;135;151;159;48;2;142;158;166m▄[38;2;141;157;165;48;2;140;157;166m▄[38;2;141;158;166;48;2;141;157;165m▄[38;2;144;159;167;48;2;119;132;132m▄[38;2;147;161;169;48;2;127;133;116m▄[38;2;148;163;171;48;2;171;174;139m▄[38;2;142;158;167;48;2;179;179;136m▄[38;2;135;152;161;48;2;132;133;101m▄[38;2;134;151;159;48;2;177;177;129m▄[38;2;139;155;164;48;2;178;178;129m▄[38;2;145;161;169;48;2;143;144;113m▄[38;2;144;160;168;48;2;154;157;132m▄[38;2;137;154;163;48;2;146;152;133m▄[38;2;134;151;157;48;2;110;122;127m▄[0m[38;2;31;32;33m▄[0m [38;2;1;1;1m     [0m
 [38;2;0;0;0m [0m [38;2;110;119;124m▄[38;2;170;185;194;48;2;86;91;95m▄[38;2;172;186;195;48;2;161;174;183m▄[38;2;170;184;194;48;2;170;185;195m▄[38;2;167;182;192;48;2;161;178;188m▄[38;2;168;183;193;48;2;122;135;141m▄[38;2;169;184;194;48;2;112;123;128m▄[38;2;154;168;176;48;2;119;132;139m▄[38;2;119;132;138;48;2;138;154;162m▄[38;2;106;117;122;48;2;141;157;165m▄[38;2;110;121;126;48;2;142;158;166m▄[38;2;115;125;131;48;2;141;157;166m▄[38;2;118;128;133;48;2;142;158;167m▄[38;2;120;131;136;48;2;144;160;169m▄[38;2;124;135;141;48;2;145;161;169m▄[38;2;116;128;134;48;2;143;159;167m▄[38;2;106;118;124;48;2;139;156;164m▄[38;2;124;136;143;48;2;136;152;159m▄[38;2;164;177;186;48;2;108;122;126m▄[38;2;173;188;196;48;2;123;133;139m▄[38;2;167;182;192;48;2;75;80;83m▄[0m[38;2;102;110;116m▄[0m [38;2;18;18;19m   [0m
 [38;2;107;116;121m▄[38;2;163;180;192;48;2;112;123;130m▄[38;2;167;182;193;48;2;169;185;194m▄[48;2;169;184;193m  [38;2;169;184;193;48;2;168;184;193m▄[48;2;168;183;192m▄[38;2;169;184;194;48;2;168;183;193m▄[38;2;169;184;193m▄▄ [38;2;168;183;192;48;2;167;183;192m▄[48;2;168;183;193m [48;2;169;184;194m [38;2;170;185;194;48;2;172;187;196m▄[38;2;169;184;193m▄[38;2;168;183;193;48;2;169;184;194m▄[48;2;166;182;192m▄[38;2;169;184;194;48;2;166;181;192m▄[38;2;170;184;194;48;2;168;183;193m▄[38;2;169;183;193;48;2;169;184;193m▄[38;2;168;184;193m▄[38;2;169;184;194;48;2;166;182;192m▄[38;2;170;185;194;48;2;167;183;193m▄[38;2;168;184;193;48;2;116;126;132m▄[0m[38;2;122;131;138m▄[0m [38;2;13;13;14m [0m
[?25h