[?25l[0m [38;2;0;0;0m        [38;2;128;139;141m▄[38;2;176;191;194;48;2;110;119;120m▄[0m [38;2;52;55;56m                 [0m
 [38;2;0;0;0m        [0m [38;2;92;105;112;48;2;91;101;106m▄[0m [38;2;7;7;7m                 [0m
 [38;2;0;0;0m         [38;2;94;106;112;48;2;99;112;119m▄[0m[38;2;58;65;69m▄                 [0m
 [38;2;0;0;0m        [0m [38;2;100;109;113;48;2;87;98;104m▄[38;2;131;143;149;48;2;89;100;106m▄[0m[38;2;66;69;72m▄[0m [38;2;1;1;1m               [0m
 [38;2;0;0;0m      [0m [38;2;116;127;131m▄[38;2;163;179;186;48;2;66;71;73m▄[38;2;164;180;186;48;2;152;165;170m▄[48;2;148;160;166m▄[48;2;142;156;161m▄[48;2;128;141;146m▄[38;2;163;179;186;48;2;102;111;115m▄[0m[38;2;163;179;185m▄[38;2;107;117;121m▄[0m [38;2;9;10;10m           [0m
 [38;2;0;0;0m     [38;2;67;74;76m▄[38;2;163;179;186;48;2;126;138;143m▄[38;2;164;180;186;48;2;163;179;185m▄[38;2;164;179;186;48;2;164;180;186m▄  ▄[38;2;164;180;186;48;2;164;180;187m▄▄[48;2;163;179;186m▄[48;2;163;179;185m▄[38;2;162;178;184;48;2;104;113;117m▄[0m [38;2;44;47;48m          [0m
 [38;2;0;0;0m    [0m [38;2;145;160;165;48;2;123;135;140m▄[48;2;163;179;185m [48;2;164;180;186m [38;2;164;180;186;48;2;164;179;186m▄[38;2;164;180;187;48;2;164;180;186m▄[38;2;164;180;186;48;2;164;179;186m▄[38;2;164;179;186;48;2;163;179;186m▄[38;2;163;179;185m▄[48;2;163;179;185m [48;2;164;180;186m▄[48;2;164;179;186m▄[38;2;162;179;185;48;2;163;179;185m▄[38;2;135;149;154;48;2;104;114;118m▄[0m [38;2;4;4;4m         [0m
 [38;2;0;0;0m    [0m [38;2;133;145;151;48;2;146;160;166m▄[38;2;163;179;186;48;2;164;180;186m▄[38;2;164;179;186m▄[38;2;163;179;185m▄[38;2;143;157;162m▄[38;2;145;158;162m▄[38;2;149;163;166m▄[38;2;153;167;169;48;2;163;179;185m▄[38;2;149;162;164m▄[38;2;145;158;159;48;2;158;173;179m▄[38;2;131;142;143;48;2;143;157;162m▄[38;2;124;134;135;48;2;142;156;161m▄[38;2;107;115;116;48;2;140;153;157m▄[38;2;96;103;104;48;2;62;66;67m▄[0m[38;2;85;92;92m▄[38;2;134;145;145m▄[0m [38;2;35;37;38m      [0m
 [38;2;0;0;0m     [38;2;91;99;102;48;2;110;120;124m▄[48;2;163;179;185m [38;2;141;153;156;48;2;154;169;175m▄[38;2;183;198;200;48;2;145;157;159m▄[38;2;127;137;139;48;2;179;194;195m▄[38;2;86;91;95;48;2;137;149;150m▄[38;2;89;94;97;48;2;107;115;117m▄[38;2;88;93;96;48;2;86;92;94m▄[38;2;87;92;95;48;2;59;63;66m▄[38;2;81;86;89;48;2;24;25;26m▄[38;2;75;79;83;48;2;68;72;75m▄[38;2;73;77;79;48;2;85;89;92m▄[38;2;107;110;101;48;2;84;89;93m▄[38;2;122;124;106;48;2;83;89;92m▄[38;2;122;123;100;48;2;29;31;32m▄[38;2;0;0;0;48;2;13;14;14m▄[38;2;112;122;123;48;2;125;136;136m▄[0m [38;2;10;10;10m     [0m
 [38;2;0;0;0m     [7m[38;2;64;70;72m▄[0m[38;2;161;177;184;48;2;162;178;184m▄[38;2;152;165;166;48;2;150;163;164m▄[38;2;183;199;200;48;2;183;198;199m▄[38;2;182;189;160;48;2;117;124;119m▄[38;2;234;234;168;48;2;103;105;94m▄[38;2;190;190;137;48;2;70;72;65m▄[38;2;249;249;178;48;2;174;175;134m▄[38;2;250;249;179;48;2;191;192;143m▄[38;2;249;249;179;48;2;208;208;152m▄[38;2;213;212;155;48;2;193;193;142m▄[38;2;250;249;179;48;2;91;91;66m▄[48;2;249;248;179m▄[48;2;250;249;180m▄[38;2;162;162;117;48;2;234;233;168m▄[38;2;20;22;22;48;2;0;0;0m▄[38;2;119;129;130;48;2;106;116;116m▄[0m [38;2;2;2;3m     [0m
 [38;2;0;0;0m     [0m [38;2;153;168;174;48;2;163;179;185m▄[38;2;146;161;166;48;2;144;157;159m▄[38;2;164;177;179;48;2;184;199;200m▄[38;2;183;199;200;48;2;172;186;182m▄[38;2;176;191;191;48;2;214;216;162m▄[38;2;162;174;168;48;2;250;249;179m▄[38;2;154;166;165;48;2;248;247;180m▄[38;2;150;163;164;48;2;234;233;170m▄[38;2;154;168;170;48;2;181;182;136m▄[38;2;150;163;166;48;2;113;116;95m▄[38;2;150;165;168;48;2;193;198;162m▄[38;2;146;160;163;48;2;194;200;171m▄[38;2;131;144;148;48;2;179;188;169m▄[0m[7m[38;2;142;153;150m▄[38;2;124;134;134m▄[0m [38;2;0;0;0m      [0m
 [38;2;0;0;0m     [0m [38;2;111;122;126;48;2;133;146;151m▄[38;2;163;180;186;48;2;163;179;186m▄[38;2;163;179;186;48;2;149;164;170m▄[38;2;163;179;185;48;2;143;156;160m▄[38;2;162;178;185;48;2;142;156;160m▄[38;2;162;179;185;48;2;142;156;161m▄[48;2;145;160;166m▄[48;2;160;177;183m▄[48;2;163;179;186m▄▄[38;2;154;169;175m▄[38;2;130;142;146m▄[38;2;72;79;81;48;2;160;177;183m▄[0m [38;2;5;5;5m        [0m
 [38;2;0;0;0m      [38;2;66;71;74;48;2;87;96;99m▄[38;2;162;179;185;48;2;163;179;186m▄[38;2;170;175;151;48;2;154;168;173m▄[38;2;222;221;174;48;2;158;165;148m▄[38;2;239;238;189;48;2;188;192;162m▄[38;2;244;243;191;48;2;187;190;162m▄[38;2;201;201;160;48;2;169;173;149m▄[38;2;220;220;175;48;2;191;194;166m▄[38;2;194;193;157;48;2;178;181;153m▄[38;2;222;221;177;48;2;203;204;168m▄[38;2;135;122;94;48;2;196;195;156m▄[38;2;93;62;32;48;2;154;153;123m▄[0m[38;2;102;68;36m▄[38;2;92;61;32m▄[38;2;99;66;36m▄[38;2;144;71;31m▄[0m [38;2;46;27;17m     [0m
 [38;2;0;0;0m      [0m [38;2;161;177;184;48;2;161;177;183m▄[38;2;149;157;146;48;2;180;183;154m▄[38;2;217;216;171;48;2;219;218;172m▄[38;2;193;192;155;48;2;192;192;152m▄[38;2;222;221;176;48;2;228;227;180m▄[38;2;186;186;148;48;2;205;204;161m▄[38;2;221;220;176;48;2;246;245;194m▄[38;2;193;193;155;48;2;215;215;171m▄[38;2;233;232;184;48;2;239;238;189m▄[38;2;216;216;172;48;2;138;125;94m▄[38;2;195;195;159;48;2;93;68;40m▄[0m[7m[38;2;100;67;36m▄[38;2;94;63;33m▄[38;2;101;67;36m▄[38;2;204;96;36m▄[38;2;77;41;19m▄[0m[38;2;3;3;3m     [0m
 [38;2;0;0;0m      [0m [38;2;131;144;149;48;2;150;165;171m▄[38;2;163;180;186;48;2;160;175;182m▄[38;2;163;179;186;48;2;167;173;157m▄[38;2;162;179;185;48;2;180;181;149m▄[38;2;160;176;182;48;2;215;215;170m▄[38;2;161;176;183;48;2;183;183;147m▄[38;2;163;179;186;48;2;203;203;165m▄[48;2;175;178;151m▄[38;2;163;180;186;48;2;179;185;164m▄[38;2;164;180;186;48;2;153;163;157m▄[38;2;161;177;183;48;2;152;167;173m▄[38;2;93;101;105;48;2;74;81;84m▄[0m [38;2;4;5;5m        [0m
 [38;2;0;0;0m     [0m [38;2;148;156;162m▄[38;2;193;205;213;48;2;114;123;128m▄[38;2;187;199;206;48;2;145;159;164m▄[38;2;165;176;182;48;2;162;177;183m▄[38;2;161;172;178;48;2;164;180;186m▄[48;2;165;181;187m▄[38;2;160;171;177m▄[38;2;172;183;190;48;2;158;173;179m▄[38;2;189;201;209;48;2;141;155;161m▄[38;2;193;205;213;48;2;146;159;165m▄[38;2;194;206;213;48;2;150;163;168m▄[48;2;163;174;180m▄[48;2;192;204;211m▄[48;2;164;174;181m▄[38;2;193;206;213;48;2;62;66;68m▄[0m[38;2;143;152;157m▄[0m [38;2;31;33;34m     [0m
 [38;2;0;0;0m   [0m [38;2;160;170;176m▄[38;2;194;206;213;48;2;160;170;176m▄[38;2;193;205;213;48;2;193;205;212m▄ [38;2;193;205;212;48;2;193;205;213m▄ [48;2;193;205;212m  [48;2;192;204;212m ▄[38;2;193;204;212;48;2;193;205;212m▄▄[48;2;193;205;213m▄[38;2;193;205;212m▄[38;2;193;205;213;48;2;194;206;213m▄  [48;2;193;205;213m [38;2;186;197;204;48;2;182;193;200m▄[38;2;130;140;145;48;2;65;69;72m▄[0m [38;2;10;10;10m   [0m
 [38;2;0;0;0m  [38;2;53;56;58m▄[38;2;168;178;185;48;2;142;151;156m▄[38;2;192;204;211;48;2;194;206;213m▄ [48;2;194;205;213m [38;2;194;205;213;48;2;193;205;212m▄[38;2;194;206;213;48;2;193;205;213m▄[48;2;193;205;212m▄[48;2;193;205;213m▄[38;2;193;205;213;48;2;193;205;212m▄[48;2;192;204;212m [38;2;192;204;212;48;2;193;204;212m▄[48;2;193;205;212m [38;2;193;204;212m▄[38;2;179;190;196m▄[38;2;162;173;179m▄[38;2;153;165;171m▄[38;2;145;158;164;48;2;193;205;213m▄[38;2;151;165;171;48;2;176;187;193m▄[38;2;163;180;186;48;2;155;166;172m▄[38;2;163;179;185;48;2;144;158;164m▄[38;2;138;152;157;48;2;138;152;158m▄[38;2;128;141;146;48;2;60;65;67m▄[0m [38;2;4;4;4m  [0m
 [38;2;0;0;0m [38;2;67;73;75m▄[38;2;161;178;184;48;2;70;77;80m▄[38;2;162;179;185;48;2;131;144;149m▄[48;2;117;128;132m▄[38;2;129;143;148;48;2;139;151;156m▄[38;2;162;178;184;48;2;155;167;173m▄[38;2;163;179;186;48;2;154;166;172m▄[38;2;163;179;185;48;2;146;157;162m▄[48;2;143;154;159m▄[38;2;163;179;186;48;2;148;159;165m▄[48;2;156;168;174m▄[38;2;163;179;185m▄[38;2;163;179;186;48;2;145;158;163m▄[38;2;164;180;186;48;2;148;161;167m▄[48;2;141;154;160m▄[38;2;163;179;186;48;2;153;168;174m▄[48;2;162;178;185m▄[48;2;163;180;186m▄[38;2;163;179;185m▄[38;2;143;157;162;48;2;164;180;186m▄[38;2;138;152;157;48;2;163;179;186m▄[38;2;150;165;171;48;2;163;179;185m▄[38;2;137;151;156;48;2;137;151;157m▄[38;2;149;165;171;48;2;150;165;171m▄[0m[38;2;70;81;87m▄[0m [38;2;2;2;2m [0m
  [38;2;105;121;129;48;2;119;131;136m▄[38;2;124;143;153;48;2;116;132;139m▄[38;2;121;141;151;48;2;124;139;145m▄[38;2;126;139;145;48;2;162;178;184m▄[38;2;162;178;184;48;2;160;176;183m▄[48;2;135;148;154m [48;2;163;179;185m▄[38;2;152;167;173m▄[38;2;142;156;162;48;2;162;178;184m▄[38;2;143;157;162m▄[38;2;139;153;158;48;2;163;179;185m▄[38;2;134;147;152m▄[38;2;144;158;163m▄[38;2;136;149;154;48;2;162;178;185m▄[38;2;152;167;173;48;2;154;169;175m▄[38;2;162;178;185;48;2;139;152;157m▄[38;2;162;179;185;48;2;138;152;158m▄[38;2;163;179;186;48;2;139;152;158m▄[48;2;139;153;158m▄[48;2;159;175;181m▄[38;2;162;178;185;48;2;162;178;184m▄[38;2;134;148;154;48;2;135;149;155m▄[38;2;135;149;155;48;2;136;150;156m▄[38;2;121;136;141;48;2;134;148;153m▄[38;2;116;134;144;48;2;118;138;148m▄[0m[38;2;76;88;94m▄[0m [0m
 [38;2;108;125;134;48;2;63;72;76m▄[38;2;104;121;129;48;2;123;142;152m▄[38;2;105;122;131;48;2;125;144;154m▄[38;2;123;142;152;48;2;124;143;153m▄[38;2;112;127;134;48;2;112;127;135m▄[38;2;161;177;183;48;2;161;177;184m▄[38;2;131;144;149;48;2;136;150;155m▄[38;2;162;178;184;48;2;161;177;184m▄[38;2;135;149;154;48;2;133;146;151m▄[48;2;162;178;184m [48;2;163;179;186m [38;2;164;180;186m▄[38;2;163;179;186;48;2;163;179;185m▄[48;2;163;179;186m [48;2;163;179;185m▄[48;2;163;179;186m [38;2;164;179;186;48;2;164;180;186m▄[48;2;163;179;186m [38;2;163;179;185m▄[48;2;163;179;185m [48;2;164;180;186m [48;2;163;179;185m [38;2;132;146;151;48;2;133;147;152m▄[38;2;129;142;147;48;2;131;145;150m▄[38;2;84;96;102;48;2;90;103;110m▄[38;2;124;143;153;48;2;106;123;132m▄[48;2;123;142;152m▄[0m[38;2;48;54;58m▄[0m
[38;2;61;70;74;48;2;43;49;53m▄[38;2;104;120;128;48;2;124;144;154m▄[38;2;105;121;129;48;2;125;145;155m▄[38;2;105;120;128;48;2;123;142;152m▄[38;2;58;64;66;48;2;92;106;113m▄[38;2;113;124;128;48;2;152;167;173m▄[38;2;130;142;147;48;2;133;147;152m▄[38;2;136;149;154;48;2;157;172;178m▄[48;2;162;178;185m▄[38;2;122;133;138;48;2;133;146;152m▄[38;2;130;142;147;48;2;163;179;185m▄[38;2;137;150;155;48;2;164;180;186m▄[38;2;137;149;154m▄[38;2;136;149;154m▄[38;2;137;150;155m▄▄[38;2;137;149;154m▄[38;2;129;141;146m▄[38;2;128;140;145m▄[38;2;127;139;144m▄[38;2;128;140;145m▄[38;2;125;136;141m▄[38;2;117;127;132;48;2;164;179;186m▄[38;2;94;103;106;48;2;132;145;150m▄[38;2;92;100;103;48;2;129;141;146m▄[0m[7m[38;2;43;49;52m▄[0m[38;2;74;86;91;48;2;124;143;153m▄[38;2;79;92;99;48;2;114;132;141m▄[38;2;62;71;75;48;2;60;69;73m▄[0m
[?25h