[?25l[0m [38;2;0;0;0m          [38;2;74;79;83m▄[0m [38;2;49;52;53m           [0m
 [38;2;0;0;0m          [7m[38;2;66;71;74m▄[0m [38;2;33;36;37m           [0m
 [38;2;0;0;0m        [0m  [38;2;128;140;148;48;2;52;58;61m▄[38;2;137;149;157;48;2;51;56;59m▄[0m[38;2;73;79;82m▄[0m [38;2;33;34;34m         [0m
 [38;2;0;0;0m       [0m [38;2;131;144;151;48;2;63;68;70m▄[38;2;143;158;166;48;2;141;156;164m▄[48;2;142;158;166m▄[38;2;143;159;167m▄[38;2;144;159;167;48;2;141;157;165m▄[38;2;143;159;167;48;2;130;143;150m▄[0m[38;2;93;101;106m▄        [0m
 [38;2;0;0;0m       [0m [38;2;139;155;164;48;2;140;156;165m▄[38;2;143;158;166;48;2;142;158;165m▄[38;2;134;148;155;48;2;143;159;167m▄[38;2;131;145;152m▄[38;2;133;147;154m▄[38;2;131;146;153;48;2;144;160;168m▄[38;2;114;127;133;48;2;123;135;141m▄[0m [38;2;37;37;37m       [0m
 [38;2;0;0;0m       [0m [38;2;143;158;167;48;2;140;156;164m▄[38;2;154;169;178;48;2;143;157;165m▄[38;2;185;192;166;48;2;165;178;185m▄[38;2;234;232;165;48;2;178;185;168m▄[38;2;222;221;159;48;2;142;147;133m▄[38;2;214;212;160;48;2;95;101;102m▄[38;2;221;220;155;48;2;159;165;148m▄[38;2;150;149;106;48;2;102;106;103m▄[38;2;35;37;38;48;2;90;96;99m▄[0m [38;2;43;45;47m     [0m
 [38;2;0;0;0m       [0m [38;2;142;158;166;48;2;141;157;166m▄[38;2;137;153;161;48;2;156;170;178m▄[38;2;144;158;165;48;2;177;185;165m▄[38;2;143;153;148;48;2;247;246;169m▄[38;2;128;136;130;48;2;243;242;174m▄[38;2;110;119;118;48;2;210;209;149m▄[38;2;144;152;142;48;2;246;246;174m▄[38;2;80;84;85;48;2;142;141;102m▄[0m[7m[38;2;51;55;57m▄[0m [38;2;0;0;0m     [0m
 [38;2;0;0;0m       [0m [38;2;140;157;166;48;2;142;158;166m▄[38;2;182;183;141;48;2;136;151;157m▄[38;2;194;192;140;48;2;132;145;147m▄[38;2;193;191;145;48;2;132;145;150m▄[38;2;197;196;152;48;2;133;146;152m▄[38;2;191;191;149;48;2;132;145;151m▄[0m[7m[38;2;123;134;140m▄[0m [38;2;0;0;0m       [0m
 [38;2;0;0;0m      [0m [38;2;81;86;89m▄[38;2;133;148;156;48;2;143;160;168m▄[38;2;140;155;163;48;2;175;177;143m▄[38;2;150;161;156;48;2;198;196;143m▄[38;2;147;158;149;48;2;198;197;149m▄[38;2;151;161;152;48;2;201;199;145m▄[38;2;141;154;153;48;2;182;182;142m▄[0m[38;2;58;62;63m▄        [0m
 [38;2;0;0;0m     [38;2;85;92;96m▄[38;2;166;181;190;48;2;124;134;139m▄[38;2;169;184;193;48;2;170;185;194m▄[48;2;164;179;189m▄[38;2;169;183;193;48;2;148;162;170m▄[38;2;169;184;193;48;2;142;156;164m▄[38;2;169;184;194;48;2;146;160;167m▄[48;2;145;159;167m▄▄[38;2;168;184;194;48;2;161;175;184m▄[38;2;169;184;193;48;2;79;85;88m▄[0m [38;2;63;67;69m      [0m
 [38;2;0;0;0m    [38;2;87;94;98m▄[38;2;128;142;150;48;2;125;139;145m▄[38;2;132;147;155;48;2;122;136;143m▄[38;2;134;149;157;48;2;145;159;167m▄[38;2;143;158;166;48;2;147;161;168m▄[38;2;143;159;166;48;2;151;165;173m▄[38;2;143;158;166;48;2;152;165;173m▄[38;2;144;160;167;48;2;149;163;171m▄[38;2;141;157;165;48;2;153;167;175m▄[38;2;144;159;167;48;2;148;163;171m▄[38;2;144;160;167;48;2;150;164;171m▄[38;2;145;161;169;48;2;143;158;166m▄[38;2;126;139;146;48;2;115;129;135m▄[0m[38;2;64;69;72m▄     [0m
 [38;2;0;0;0m     [0m    [7m[38;2;77;83;86m▄[38;2;79;87;90m▄[38;2;89;97;100m▄[38;2;79;87;90m▄[0m    [38;2;0;0;0m      [0m
[?25h