[?25l[0m [38;2;0;0;0m      [0m [38;2;104;118;125;48;2;145;169;182m▄[38;2;92;104;110;48;2;130;151;160m▄[0m [38;2;1;1;1m                   [0m
 [38;2;0;0;0m       [38;2;53;59;62;48;2;56;61;62m▄[38;2;57;67;71;48;2;49;57;59m▄[0m[38;2;57;67;71m                    [0m
 [38;2;0;0;0m       [38;2;46;51;53;48;2;49;55;57m▄[38;2;82;101;109;48;2;68;83;89m▄[0m [38;2;3;3;3m                   [0m
 [38;2;0;0;0m     [0m [38;2;41;44;45m▄[38;2;123;143;150;48;2;81;91;95m▄[38;2;122;141;149;48;2;116;134;143m▄[38;2;113;134;143;48;2;77;86;90m▄[0m[38;2;103;118;123m▄[38;2;71;80;83m▄[0m [38;2;23;23;24m                [0m
 [38;2;0;0;0m   [0m [38;2;78;90;94m▄[38;2;124;151;162;48;2;79;91;96m▄[38;2;125;152;162;48;2;122;149;159m▄[38;2;126;152;162;48;2;124;151;163m▄[38;2;125;152;162;48;2;127;153;164m▄[38;2;126;153;163;48;2;125;151;161m▄[38;2;127;154;164;48;2;127;153;163m▄[38;2;127;154;165;48;2;128;155;165m▄[48;2;114;137;146m▄[38;2;121;146;157;48;2;52;57;59m▄[0m [38;2;33;37;39m              [0m
 [38;2;0;0;0m   [38;2;72;83;88m▄[38;2;125;152;162;48;2;124;149;158m▄[38;2;125;152;163;48;2;125;151;162m▄[38;2;126;153;163;48;2;126;152;163m▄[48;2;126;153;163m [38;2;127;153;164m▄[38;2;127;154;164;48;2;127;153;164m▄[38;2;127;154;165;48;2;127;154;164m▄[38;2;128;154;165;48;2;127;154;165m▄[38;2;128;155;166;48;2;128;155;165m▄[48;2;129;155;166m▄[38;2;126;153;164;48;2;106;125;133m▄[0m [38;2;30;33;34m             [0m
 [38;2;0;0;0m  [0m [38;2;108;129;137;48;2;98;116;123m▄[38;2;127;153;163;48;2;126;152;162m▄[38;2;127;153;164;48;2;126;152;163m▄[48;2;126;153;163m▄[48;2;127;153;164m [48;2;127;154;164m [38;2;128;154;165m▄[48;2;128;154;165m [38;2;129;155;166m▄[48;2;128;155;166m▄[38;2;130;156;167;48;2;128;156;166m▄[38;2;130;157;168;48;2;129;156;166m▄[38;2;74;85;90;48;2;61;70;72m▄[0m[38;2;74;85;90m             [0m
 [38;2;0;0;0m   [38;2;105;128;137;48;2;104;127;137m▄[38;2;129;155;165;48;2;126;153;163m▄[38;2;127;154;165;48;2;127;154;164m▄[38;2;111;134;143;48;2;127;153;164m▄[38;2;126;148;157;48;2;127;154;164m▄[38;2;128;147;156;48;2;131;156;167m▄[38;2;123;143;153;48;2;130;156;166m▄[38;2;126;145;155;48;2;130;156;167m▄[38;2;127;146;156m▄[38;2;132;150;159;48;2;129;156;167m▄[38;2;131;149;159;48;2;130;157;168m▄[38;2;126;145;155;48;2;126;154;165m▄[38;2;134;151;161;48;2;98;113;118m▄[0m[38;2;132;149;158m▄[38;2;109;123;130m▄[38;2;58;63;65m▄[0m [38;2;5;5;5m         [0m
 [38;2;0;0;0m  [0m [38;2;108;129;138;48;2;104;126;135m▄[38;2;126;153;165;48;2;129;156;167m▄[38;2;116;137;147;48;2;117;139;148m▄[38;2;159;184;196;48;2;155;178;188m▄[38;2;123;141;146;48;2;159;184;196m▄[38;2;139;138;102;48;2;89;103;109m▄[38;2;231;228;158;48;2;40;45;46m▄[38;2;245;243;164;48;2;48;51;46m▄[38;2;221;219;154;48;2;30;33;34m▄[38;2;101;100;72;48;2;24;27;28m▄[38;2;118;117;84;48;2;19;21;22m▄[38;2;230;227;159;48;2;20;23;22m▄[38;2;247;243;166;48;2;40;41;34m▄[38;2;224;222;156;48;2;26;28;26m▄[38;2;65;65;46;48;2;23;26;28m▄[38;2;6;7;7;48;2;102;115;121m▄[38;2;115;132;139;48;2;64;70;73m▄[0m [38;2;4;4;4m        [0m
 [38;2;0;0;0m  [0m [38;2;110;128;136;48;2;115;135;144m▄[38;2;136;161;172;48;2;131;157;168m▄[38;2;125;145;154;48;2;118;139;149m▄[38;2;156;181;194;48;2;152;178;191m▄[38;2;155;166;142;48;2;160;171;148m▄[38;2;248;244;165;48;2;248;244;177m▄[38;2;210;208;146;48;2;227;223;162m▄[38;2;121;120;88;48;2;170;168;117m▄[38;2;247;245;169;48;2;246;244;164m▄[38;2;241;239;160;48;2;237;235;166m▄[38;2;199;197;136;48;2;207;205;148m▄[38;2;248;245;166;48;2;248;245;176m▄[38;2;163;162;113;48;2;189;186;133m▄[38;2;189;187;136;48;2;207;204;143m▄[38;2;176;173;127;48;2;174;171;117m▄[38;2;4;5;4;48;2;3;3;2m▄[38;2;104;117;123;48;2;101;114;119m▄[0m [38;2;13;13;13m        [0m
 [38;2;0;0;0m  [0m [38;2;92;109;116;48;2;88;106;114m▄[38;2;129;155;166;48;2;130;156;167m▄[38;2;118;142;151;48;2;123;143;151m▄[38;2;147;168;177;48;2;162;186;197m▄[38;2;160;184;196;48;2;138;159;164m▄[38;2;144;162;164;48;2;222;220;148m▄[38;2;164;175;154;48;2;248;246;164m▄[38;2;170;181;157;48;2;249;247;172m▄[38;2;164;174;153;48;2;249;246;174m▄[38;2;109;120;117;48;2;190;188;131m▄[38;2;107;119;116;48;2;220;218;148m▄[38;2;148;159;144;48;2;249;246;170m▄[38;2;154;166;156;48;2;249;246;172m▄[38;2;148;161;155;48;2;246;243;170m▄[38;2;110;126;135;48;2;79;78;57m▄[38;2;127;141;149;48;2;32;35;37m▄[0m[7m[38;2;109;120;126m▄[0m [38;2;0;0;0m        [0m
 [38;2;0;0;0m   [38;2;76;91;97;48;2;101;117;123m▄[38;2;128;154;165;48;2;131;157;167m▄[38;2;130;156;167;48;2;127;154;165m▄[48;2;118;142;151m▄[38;2;130;157;168;48;2;122;143;150m▄[38;2;131;157;168;48;2;124;143;150m▄[38;2;131;158;169;48;2;115;136;143m▄[38;2;129;157;168;48;2;113;134;141m▄[38;2;128;156;168;48;2;119;140;146m▄[38;2;132;159;171;48;2;124;144;151m▄[38;2;135;161;173;48;2;127;148;155m▄[38;2;132;159;171;48;2;124;144;152m▄[38;2;109;133;144;48;2;106;126;133m▄[0m[7m[38;2;68;74;76m▄[0m  [38;2;0;0;0m          [0m
 [38;2;0;0;0m   [38;2;85;98;102;48;2;71;85;91m▄[38;2;132;158;168;48;2;130;156;166m▄[38;2;128;156;166;48;2;131;157;167m▄[38;2;149;157;137;48;2;129;155;165m▄[38;2;184;183;143;48;2;104;126;133m▄[38;2;247;244;179;48;2;117;135;136m▄[38;2;245;242;173;48;2;118;136;138m▄[38;2;191;190;148;48;2;114;133;137m▄[38;2;245;242;179;48;2;111;132;136m▄[38;2;188;186;142;48;2;107;127;132m▄[38;2;245;243;185;48;2;119;137;139m▄[38;2;132;132;106;48;2;118;135;137m▄[0m[7m[38;2;92;104;109m▄[0m        [38;2;7;7;7m     [0m
 [38;2;0;0;0m   [38;2;55;65;69;48;2;56;68;72m▄[38;2;126;153;165;48;2;126;154;165m▄[38;2;113;134;138;48;2;111;135;140m▄[38;2;202;199;155;48;2;191;189;145m▄[38;2;179;177;135;48;2;157;157;121m▄[38;2;235;232;173;48;2;193;192;148m▄[38;2;241;240;190;48;2;192;192;145m▄[38;2;195;194;154;48;2;154;154;123m▄[38;2;244;242;193;48;2;196;195;153m▄[38;2;182;180;140;48;2;148;148;116m▄[38;2;225;222;164;48;2;192;191;144m▄[38;2;123;118;88;48;2;120;113;84m▄[38;2;66;48;25;48;2;64;44;17m▄[38;2;58;37;8;48;2;70;48;18m▄[38;2;76;44;5;48;2;87;54;4m▄[38;2;95;57;2;48;2;59;34;4m▄[38;2;121;30;4;48;2;147;36;5m▄[38;2;70;33;3;48;2;140;40;4m▄[38;2;64;34;4;48;2;65;32;6m▄[38;2;82;45;9;48;2;72;42;8m▄[38;2;138;87;49;48;2;107;79;53m▄[0m[38;2;68;49;38m▄    [0m
 [38;2;0;0;0m   [38;2;63;71;74;48;2;64;73;76m▄[48;2;131;157;168m [38;2;130;156;168;48;2;131;156;166m▄[38;2;119;142;148;48;2;181;181;147m▄[38;2;132;140;125;48;2;173;170;128m▄[38;2;178;179;142;48;2;193;191;145m▄[38;2;188;187;137;48;2;190;189;141m▄[38;2;151;150;113;48;2;155;154;120m▄[38;2;193;192;142;48;2;199;197;154m▄[38;2;148;149;118;48;2;158;158;126m▄[38;2;178;180;147;48;2;210;206;150m▄[38;2;121;133;125;48;2;142;142;113m▄[0m[38;2;49;56;58m▄[0m  [7m[38;2;47;39;26m▄[38;2;45;33;25m▄[38;2;62;46;27m▄[38;2;52;37;21m▄[38;2;61;44;25m▄[38;2;56;41;30m▄[0m [38;2;0;0;0m    [0m
 [38;2;0;0;0m [0m [38;2;58;62;65m▄[38;2;142;163;173;48;2;42;48;51m▄[38;2;134;153;162;48;2;139;163;173m▄[38;2;123;142;150;48;2;134;159;170m▄[38;2;112;132;140;48;2;129;155;167m▄[38;2;111;132;141;48;2;131;157;169m▄[38;2;120;144;153;48;2;137;163;172m▄[38;2;123;148;157;48;2;133;159;168m▄[38;2;123;148;158;48;2;129;154;164m▄[38;2;121;145;154;48;2;132;157;167m▄[38;2;111;134;143;48;2;129;155;166m▄[38;2;111;132;140;48;2;133;160;171m▄[38;2;125;145;153;48;2;138;164;175m▄[38;2;124;143;152;48;2;83;92;95m▄[0m  [38;2;3;3;3m           [0m
 [38;2;66;73;76m▄[38;2;161;184;195;48;2;76;82;85m▄[38;2;162;185;197;48;2;155;178;189m▄[38;2;162;186;197;48;2;161;185;196m▄[38;2;163;186;197;48;2;162;186;197m▄[38;2;162;186;197;48;2;164;187;198m▄[38;2;163;186;197;48;2;165;189;200m▄[48;2;162;186;198m [38;2;163;186;198;48;2;151;174;186m▄[38;2;162;185;197;48;2;145;166;176m▄[38;2;161;185;196;48;2;144;165;175m▄[38;2;160;184;195;48;2;147;169;181m▄[48;2;156;180;192m▄[38;2;160;184;196;48;2;161;186;198m▄[48;2;160;185;197m▄[38;2;161;185;197;48;2;159;184;195m▄[48;2;157;179;191m▄[38;2;164;186;198;48;2;73;80;84m▄[0m[38;2;91;99;103m▄[0m [38;2;5;5;5m       [0m  [0m
[38;2;61;69;73m▄[38;2;92;110;119;48;2;154;177;187m▄[38;2;122;142;150;48;2;161;185;198m▄[38;2;126;143;150;48;2;164;186;198m▄[38;2;139;157;166;48;2;164;187;198m▄[38;2;153;173;183;48;2;163;186;197m▄[38;2;160;183;194m▄[38;2;165;190;201;48;2;162;186;197m▄[38;2;163;187;199;48;2;163;186;197m▄[38;2;161;185;196;48;2;162;186;197m▄[48;2;161;185;197m▄[38;2;160;184;195;48;2;161;185;196m▄[38;2;159;183;194;48;2;160;184;195m▄[38;2;160;184;195;48;2;160;183;195m▄[38;2;165;189;200;48;2;160;184;196m▄[38;2;160;183;194;48;2;161;185;196m▄[38;2;146;167;177;48;2;161;185;197m▄[38;2;128;148;156;48;2;162;185;197m▄[38;2;119;140;149;48;2;158;184;196m▄[38;2;112;133;143;48;2;152;178;190m▄[38;2;89;105;111;48;2;50;54;56m▄[0m [38;2;16;17;17m     [0m   [0m
[?25h