[?25l[0m [38;2;0;0;0m          [0m [38;2;108;119;125;48;2;111;127;136m▄[38;2;139;154;162;48;2;145;164;175m▄[38;2;48;51;53;48;2;64;69;72m▄[0m[38;2;48;51;53m               [0m
 [38;2;0;0;0m           [38;2;41;42;43;48;2;40;42;42m▄[38;2;59;72;79;48;2;40;49;53m▄[0m [38;2;28;27;27m               [0m
 [38;2;0;0;0m           [38;2;42;43;43;48;2;43;44;43m▄[38;2;85;104;114;48;2;73;88;97m▄[0m[38;2;44;46;47m▄               [0m
 [38;2;0;0;0m           [38;2;47;47;47;48;2;43;44;44m▄[38;2;84;101;112;48;2;85;104;115m▄[38;2;63;69;72;48;2;52;56;59m▄[0m [38;2;2;2;2m              [0m
 [38;2;0;0;0m          [0m [38;2;98;109;115;48;2;49;50;50m▄[38;2;120;135;142;48;2;72;88;96m▄[38;2;135;150;158;48;2;56;62;65m▄[0m[38;2;102;114;120m▄[0m   [38;2;1;1;1m           [0m
 [38;2;0;0;0m       [0m [38;2;44;46;48m▄[38;2;93;109;117m▄[38;2;117;140;150;48;2;52;58;58m▄[38;2;120;141;151;48;2;86;98;102m▄[38;2;126;147;156;48;2;93;107;111m▄[38;2;125;145;155;48;2;88;102;107m▄[38;2;121;142;152;48;2;76;88;94m▄[38;2;121;141;152;48;2;86;100;106m▄[38;2;121;142;152;48;2;74;83;88m▄[38;2;125;145;154;48;2;55;60;62m▄[0m[38;2;94;109;117m▄[38;2;48;51;53m▄[0m [38;2;9;9;9m        [0m
 [38;2;0;0;0m      [38;2;38;41;42m▄[38;2;109;129;137;48;2;54;59;60m▄[38;2;122;143;152;48;2;116;135;143m▄[38;2;123;143;152;48;2;125;145;154m▄[38;2;122;142;151;48;2;122;142;152m▄[48;2;121;141;151m▄ [38;2;121;142;152;48;2;121;142;151m▄[38;2;123;143;153;48;2;122;143;153m▄[38;2;124;144;153;48;2;123;143;153m▄[38;2;124;144;154;48;2;124;144;153m▄[38;2;123;143;153;48;2;125;144;154m▄[38;2;122;143;153;48;2;126;146;156m▄[38;2;120;142;152;48;2;108;127;135m▄[38;2;89;106;113;48;2;46;48;50m▄[0m [38;2;36;36;37m       [0m
 [38;2;0;0;0m     [38;2;36;39;40m▄[38;2;121;140;150;48;2;80;95;101m▄[38;2;123;143;153;48;2;120;141;151m▄[48;2;122;142;152m  [38;2;123;142;152m▄[38;2;123;143;152m▄▄[38;2;123;143;153;48;2;122;143;152m▄[48;2;123;143;153m [48;2;124;144;153m▄[48;2;123;143;153m [48;2;122;143;153m▄▄[38;2;124;144;154m▄[38;2;125;145;155;48;2;123;144;154m▄[38;2;90;105;112;48;2;61;68;71m▄[0m [38;2;27;27;27m      [0m
 [38;2;0;0;0m    [0m [38;2;75;87;93;48;2;68;76;79m▄[38;2;121;142;152;48;2;123;143;153m▄[38;2;122;142;152;48;2;123;142;152m▄[48;2;122;142;152m [38;2;123;143;152;48;2;122;143;152m▄[38;2;123;143;153;48;2;123;143;152m▄[48;2;123;143;153m  [38;2;124;143;153m▄▄[48;2;123;143;152m▄[48;2;123;143;153m  [38;2;123;142;152;48;2;123;143;152m▄[38;2;122;142;152;48;2;123;143;153m▄[38;2;120;141;151;48;2;122;143;152m▄[38;2;116;137;148;48;2;111;131;140m▄[38;2;41;44;46;48;2;37;37;38m▄[0m[38;2;41;44;46m      [0m
 [38;2;0;0;0m    [0m [38;2;96;112;120;48;2;84;99;106m▄[38;2;124;143;153;48;2;121;142;152m▄[38;2;123;144;153;48;2;122;143;153m▄[38;2;123;143;153;48;2;122;142;152m▄ [48;2;122;142;153m [38;2;125;144;155;48;2;123;143;153m▄[38;2;125;145;155;48;2;124;143;153m▄[48;2;124;144;154m [38;2;123;142;153;48;2;124;143;153m▄[38;2;122;142;152;48;2;123;142;153m▄[48;2;122;142;152m  [48;2;121;141;151m [38;2;120;140;150m▄[38;2;121;141;151;48;2;119;140;150m▄[38;2;123;142;151;48;2;122;141;152m▄[38;2;71;77;79;48;2;66;72;74m▄[0m [38;2;8;7;7m     [0m
 [38;2;0;0;0m    [0m [38;2;105;121;129;48;2;102;119;127m▄[38;2;125;144;154;48;2;123;143;154m▄[38;2;122;143;153;48;2;122;142;153m▄[38;2;116;137;146;48;2;120;141;151m▄[38;2;76;88;94;48;2;117;138;149m▄[38;2;132;147;155;48;2;97;113;120m▄[38;2;149;165;175;48;2;90;102;108m▄[38;2;143;160;170;48;2;85;98;104m▄[38;2;141;159;169;48;2;79;93;99m▄[38;2;144;161;170;48;2;76;90;96m▄[38;2;142;158;167;48;2;78;92;98m▄[38;2;143;158;166;48;2;80;94;100m▄[38;2;138;154;162;48;2;82;95;102m▄[38;2;132;148;157;48;2;81;93;98m▄[38;2;133;149;158;48;2;84;95;101m▄[38;2;133;148;157;48;2;87;98;103m▄[38;2;119;135;144;48;2;88;99;105m▄[38;2;115;129;138;48;2;93;105;110m▄[38;2;119;132;139;48;2;87;94;97m▄[38;2;129;142;150;48;2;56;59;61m▄[0m[38;2;106;117;125m▄[38;2;50;52;53m▄[0m [38;2;8;8;8m [0m
 [38;2;0;0;0m    [0m [38;2;86;102;109;48;2;99;115;122m▄[38;2;123;143;154;48;2;126;146;155m▄[38;2;126;146;156m▄[38;2;88;99;106;48;2;85;99;104m▄[38;2;149;167;178;48;2;145;163;172m▄[38;2;149;168;179;48;2;154;171;181m▄[38;2;103;108;98;48;2;135;151;160m▄[38;2;241;239;190;48;2;95;101;96m▄[38;2;248;247;189;48;2;102;104;88m▄[38;2;249;248;198;48;2;77;78;65m▄[38;2;247;245;195;48;2;44;45;36m▄[38;2;210;209;161;48;2;11;12;11m▄[38;2;121;120;96;48;2;2;3;3m▄[38;2;49;48;37;48;2;2;2;2m▄[38;2;176;174;136;48;2;3;4;3m▄[38;2;245;244;191;48;2;30;29;23m▄[38;2;249;247;188;48;2;72;72;58m▄[38;2;250;247;192;48;2;110;107;84m▄[38;2;220;218;173;48;2;45;44;34m▄[38;2;17;17;13;48;2;3;3;3m▄[38;2;0;0;1;48;2;40;44;47m▄[38;2;63;70;75;48;2;112;125;133m▄[38;2;76;84;90;48;2;28;29;30m▄[0m [0m
 [38;2;0;0;0m    [0m [38;2;75;88;94;48;2;80;95;102m▄[38;2;123;143;154;48;2;122;142;153m▄[38;2;122;141;150;48;2;123;142;150m▄[38;2;94;106;114;48;2;98;109;116m▄[38;2;144;163;175;48;2;147;166;178m▄[38;2;134;151;160;48;2;135;154;165m▄[38;2;168;167;130;48;2;157;156;120m▄[38;2;250;248;185;48;2;251;248;189m▄[38;2;251;249;187;48;2;251;249;194m▄[38;2;178;176;132;48;2;243;241;193m▄[38;2;27;28;20;48;2;217;216;170m▄[38;2;243;242;198;48;2;250;248;192m▄[38;2;250;248;199;48;2;250;248;195m▄[38;2;166;166;131;48;2;156;155;119m▄[38;2;249;247;201;48;2;250;248;197m▄[38;2;250;249;188;48;2;251;249;188m▄[38;2;190;188;140;48;2;229;226;170m▄[38;2;70;70;52;48;2;180;178;138m▄[38;2;241;240;184;48;2;246;243;184m▄[38;2;99;98;75;48;2;82;81;62m▄[38;2;3;3;2;48;2;1;1;1m▄[38;2;27;29;31;48;2;28;30;32m▄[38;2;100;111;118;48;2;95;106;113m▄[0m [0m
 [38;2;0;0;0m    [0m [38;2;79;89;94;48;2;72;84;89m▄[38;2;119;140;151;48;2;119;141;151m▄[38;2;118;139;150;48;2;118;140;151m▄[38;2;80;93;99;48;2;87;99;106m▄[38;2;152;169;179;48;2;150;169;179m▄[38;2;155;171;181;48;2;152;168;177m▄[38;2;101;109;105;48;2;149;150;121m▄[38;2;227;225;175;48;2;250;248;192m▄[38;2;250;248;187;48;2;251;248;185m▄[38;2;250;249;189;48;2;248;247;182m▄[38;2;250;249;184;48;2;242;241;184m▄[38;2;250;248;193;48;2;251;249;200m▄[38;2;176;176;144;48;2;250;249;203m▄[38;2;103;102;81;48;2;154;154;121m▄[38;2;241;239;191;48;2;250;249;191m▄[38;2;250;248;196;48;2;251;249;187m▄[38;2;250;248;188;48;2;250;249;184m▄[38;2;246;244;185;48;2;250;248;190m▄[38;2;137;136;108;48;2;246;245;193m▄[38;2;5;5;3;48;2;52;51;39m▄[38;2;15;16;17;48;2;0;0;0m▄[38;2;100;114;122;48;2;48;55;60m▄[38;2;30;31;33;48;2;81;89;95m▄[0m [0m
 [38;2;0;0;0m    [0m [38;2;63;70;73;48;2;80;88;92m▄[38;2;122;143;154;48;2;124;145;155m▄[48;2;125;145;155m [38;2;123;144;154;48;2;115;134;142m▄[38;2;113;132;142;48;2;89;101;107m▄[38;2;82;95;101;48;2;147;164;175m▄[38;2;91;102;108;48;2;138;156;167m▄[38;2;101;112;118;48;2;104;113;109m▄[38;2;114;126;132;48;2;137;139;116m▄[38;2;116;130;137;48;2;149;151;121m▄[38;2;115;129;137;48;2;144;146;113m▄[38;2;115;130;137;48;2;97;99;78m▄[38;2;112;125;133;48;2;22;24;23m▄[38;2;110;123;130;48;2;21;24;25m▄[38;2;105;118;125;48;2;59;61;54m▄[38;2;99;111;118;48;2;121;125;109m▄[38;2;98;110;117;48;2;130;134;117m▄[38;2;87;98;104;48;2;105;111;101m▄[38;2;89;96;101;48;2;61;69;74m▄[38;2;60;65;67;48;2;81;91;100m▄[0m[7m[38;2;105;118;127m▄[38;2;60;64;66m▄[0m [38;2;0;0;0m [0m
 [38;2;0;0;0m     [38;2;48;53;55;48;2;62;70;72m▄[38;2;124;144;154;48;2;119;140;151m▄[38;2;123;143;153;48;2;122;143;153m▄[38;2;123;143;154;48;2;123;144;154m▄[38;2;123;143;155;48;2;124;145;155m▄[48;2;127;147;157m▄[38;2;126;146;157;48;2;128;148;157m▄[38;2;127;146;157;48;2;122;140;149m▄[38;2;125;145;156;48;2;113;131;140m▄[48;2;105;122;131m▄[48;2;101;117;126m▄[38;2;124;144;155;48;2;99;116;125m▄[38;2;121;142;154;48;2;101;119;129m▄[38;2;121;141;154;48;2;110;128;138m▄[38;2;122;142;154;48;2;119;137;146m▄[38;2;123;144;155;48;2;119;138;149m▄[38;2;127;147;158;48;2;118;139;150m▄[38;2;82;90;93;48;2;83;92;96m▄[0m [38;2;8;8;8m     [0m
 [38;2;0;0;0m     [38;2;36;39;41;48;2;33;37;39m▄[38;2;123;143;153;48;2;129;148;157m▄[38;2;126;146;155;48;2;125;145;155m▄[38;2;124;143;152;48;2;123;143;153m▄[38;2;106;111;100;48;2;118;139;149m▄[38;2;199;196;159;48;2;94;110;117m▄[38;2;164;162;131;48;2;90;103;106m▄[38;2;234;231;184;48;2;92;105;109m▄[38;2;219;216;179;48;2;89;104;110m▄[38;2;146;144;126;48;2;98;114;121m▄[38;2;213;211;180;48;2;104;120;126m▄[38;2;215;213;175;48;2;102;118;125m▄[38;2;172;171;137;48;2;92;109;116m▄[38;2;198;196;159;48;2;87;102;108m▄[38;2;236;234;193;48;2;88;101;104m▄[38;2;58;58;50;48;2;78;88;91m▄[0m[7m[38;2;57;63;67m▄[0m [38;2;0;0;0m      [0m
 [38;2;0;0;0m     [38;2;24;25;26;48;2;44;46;47m▄[38;2;125;145;154;48;2;123;143;152m▄[48;2;126;146;156m [38;2;104;114;108;48;2;92;105;108m▄[38;2;249;247;197;48;2;174;173;141m▄[38;2;241;239;195;48;2;176;175;143m▄[38;2;176;175;147;48;2;125;125;101m▄[38;2;249;247;209;48;2;185;184;151m▄[38;2;243;242;205;48;2;185;185;159m▄[38;2;160;159;136;48;2;126;126;110m▄[38;2;239;237;189;48;2;183;182;154m▄[38;2;243;241;189;48;2;180;178;147m▄[38;2;194;194;157;48;2;139;139;114m▄[38;2;216;215;184;48;2;159;157;130m▄[38;2;246;244;211;48;2;185;184;154m▄[38;2;63;63;56;48;2;50;50;46m▄[0m[38;2;63;63;56m        [0m
 [38;2;0;0;0m     [38;2;29;29;29;48;2;15;16;17m▄[38;2;106;126;137;48;2;115;135;144m▄[38;2;124;144;155;48;2;123;144;153m▄[38;2;122;141;149;48;2;85;98;100m▄[38;2;120;124;110;48;2;181;180;149m▄[38;2;234;232;200;48;2;186;184;153m▄[38;2;179;177;143;48;2;127;127;106m▄[38;2;241;238;183;48;2;175;174;142m▄[38;2;232;230;174;48;2;182;180;142m▄[38;2;156;155;128;48;2;122;122;102m▄[38;2;231;229;180;48;2;192;191;149m▄[38;2;236;235;190;48;2;185;185;145m▄[38;2;199;197;166;48;2;142;143;119m▄[38;2;217;216;185;48;2;160;159;136m▄[38;2;245;244;210;48;2;190;189;163m▄[38;2;66;67;61;48;2;58;58;54m▄[0m [38;2;21;21;21m       [0m
 [38;2;0;0;0m    [0m [38;2;37;38;38m▄[38;2;101;117;125;48;2;104;123;133m▄[38;2;126;145;155;48;2;122;142;152m▄[38;2;126;145;156;48;2;127;146;156m▄[38;2;124;145;155;48;2;122;141;150m▄[38;2;123;144;155;48;2;97;108;108m▄[38;2;124;145;155;48;2;109;114;100m▄[38;2;127;147;157;48;2;158;158;126m▄[38;2;123;142;152;48;2;164;165;127m▄[38;2;120;139;148;48;2;110;111;93m▄[38;2;120;139;149;48;2;168;167;132m▄[38;2;123;142;153;48;2;169;170;141m▄[38;2;124;144;154;48;2;134;136;116m▄[38;2;120;141;152;48;2;124;129;112m▄[38;2;119;140;151;48;2;111;121;112m▄[38;2;120;141;151;48;2;98;114;121m▄[38;2;45;50;52;48;2;58;62;64m▄[0m [38;2;22;21;21m      [0m
 [38;2;0;0;0m [0m [38;2;49;52;53m▄[38;2;126;141;149;48;2;35;36;36m▄[38;2;147;165;176;48;2;81;92;98m▄[38;2;145;163;174;48;2;133;151;162m▄[48;2;92;105;111m▄[38;2;145;163;173;48;2;90;102;108m▄[38;2;132;147;156;48;2;99;113;121m▄[38;2;101;114;121;48;2;120;140;149m▄[38;2;91;103;108;48;2;123;144;155m▄[38;2;90;103;109m▄[38;2;87;100;106;48;2;126;145;156m▄[38;2;87;99;105m▄[38;2;85;97;103m▄[38;2;86;99;106;48;2;126;146;157m▄[38;2;90;103;109;48;2;125;145;156m▄[38;2;88;101;108;48;2;120;142;154m▄[38;2;91;104;111;48;2;119;140;150m▄[38;2;114;128;135;48;2;110;128;137m▄[38;2;146;163;172;48;2;85;100;106m▄[38;2;149;167;177;48;2;113;128;135m▄[38;2;146;165;176;48;2;106;118;126m▄[38;2;130;148;158;48;2;48;49;51m▄[0m[38;2;55;60;62m▄[0m [38;2;7;6;6m   [0m
 [38;2;51;55;57m▄[38;2;138;156;166;48;2;59;64;66m▄[38;2;145;163;174;48;2;135;152;162m▄[38;2;147;165;175;48;2;149;167;177m▄[38;2;148;165;176;48;2;149;166;176m▄[48;2;147;165;175m▄[38;2;148;165;175;48;2;146;164;174m▄▄[38;2;148;166;176;48;2;147;164;175m▄[48;2;148;165;176m [48;2;148;166;176m [38;2;149;166;176;48;2;148;166;177m▄[38;2;148;166;176;48;2;149;167;177m▄[48;2;149;167;178m▄[38;2;147;165;176;48;2;148;167;178m▄[38;2;147;165;175;48;2;147;166;176m▄[48;2;145;164;175m▄[38;2;147;164;175m▄[38;2;146;165;176;48;2;147;164;175m▄[38;2;147;165;176;48;2;148;165;176m▄[38;2;146;165;176;48;2;147;165;175m▄[38;2;147;165;176;48;2;146;164;175m▄[38;2;148;166;177;48;2;145;164;175m▄[38;2;148;167;178;48;2;144;163;175m▄[38;2;148;167;179;48;2;142;161;172m▄[38;2;141;160;172;48;2;57;64;68m▄[0m[38;2;50;56;59m▄[0m [38;2;14;14;14m [0m
[?25h