[?25l[0m [38;2;0;0;0m     [38;2;38;40;42m▄[38;2;152;168;175m▄[38;2;112;123;129m▄[0m [38;2;10;10;10m                   [0m
 [38;2;0;0;0m     [0m [38;2;61;70;75;48;2;115;128;133m▄[38;2;54;60;63;48;2;92;100;103m▄[0m [38;2;0;0;0m                   [0m
 [38;2;0;0;0m      [38;2;68;76;81;48;2;67;75;80m▄[38;2;84;96;103;48;2;72;81;86m▄[0m [38;2;5;5;5m                   [0m
 [38;2;0;0;0m      [38;2;69;79;84;48;2;71;80;85m▄[38;2;87;107;115;48;2;79;96;103m▄[0m [38;2;32;33;34m                   [0m
 [38;2;0;0;0m      [38;2;76;85;88;48;2;74;84;88m▄[38;2;86;104;112;48;2;93;114;124m▄[38;2;55;60;62;48;2;36;41;42m▄[0m [38;2;16;16;16m                  [0m
 [38;2;0;0;0m    [0m [38;2;134;146;150m▄[38;2;158;172;179;48;2;117;128;132m▄[38;2;136;148;153;48;2;157;172;179m▄[38;2;114;126;130;48;2;162;177;185m▄[38;2;103;115;119;48;2;126;137;141m▄[0m[38;2;81;88;92m▄[38;2;48;50;51m▄[0m  [38;2;13;13;13m              [0m
 [38;2;0;0;0m  [0m [38;2;90;98;102m▄[38;2;138;154;161;48;2;56;58;59m▄[38;2;142;157;164;48;2;105;117;120m▄[38;2;143;157;165;48;2;122;134;139m▄[38;2;142;157;164;48;2;139;153;159m▄[48;2;140;155;162m▄[38;2;143;157;164;48;2;139;154;161m▄[38;2;143;158;164;48;2;141;156;163m▄[38;2;143;158;165;48;2;145;160;166m▄[38;2;142;158;165;48;2;140;154;160m▄[48;2;111;122;127m▄[38;2;145;161;168;48;2;63;66;69m▄[0m[38;2;115;125;129m▄[0m [38;2;45;46;46m           [0m
  [38;2;82;89;91m▄[38;2;143;158;164;48;2;103;111;115m▄[38;2;142;157;164;48;2;140;156;163m▄[48;2;142;158;165m▄[38;2;143;157;164;48;2;143;158;165m▄[38;2;143;158;164;48;2;142;158;164m▄[38;2;143;158;165;48;2;143;157;164m▄[48;2;143;158;164m▄[38;2;144;158;165;48;2;143;158;165m▄[38;2;144;159;165m▄[38;2;144;159;166;48;2;143;159;165m▄[48;2;144;159;166m [48;2;144;160;166m▄[38;2;143;159;166;48;2;144;160;167m▄[38;2;142;158;166;48;2;144;159;167m▄[48;2;124;137;142m▄[0m[38;2;96;105;109m▄[0m [38;2;5;5;5m         [0m
 [38;2;86;93;97m▄[38;2;139;155;162;48;2;131;146;152m▄[38;2;142;157;164;48;2;142;157;163m▄[48;2;141;157;163m▄[48;2;142;157;164m [38;2;143;157;165m▄[38;2;143;158;165;48;2;143;158;164m▄[48;2;143;158;165m [38;2;144;159;165m▄[38;2;144;159;166;48;2;144;159;165m▄[48;2;144;159;166m    [48;2;143;159;166m▄[38;2;144;159;167m▄[38;2;144;159;166;48;2;144;160;167m▄[38;2;142;158;164;48;2;139;154;160m▄[0m[38;2;79;85;87m▄         [0m
 [38;2;126;140;145;48;2;111;123;129m▄[38;2;141;156;163;48;2;140;155;162m▄[48;2;142;157;164m [38;2;143;158;165m▄[48;2;143;158;164m▄[48;2;143;157;164m▄▄[48;2;143;158;165m  [38;2;144;158;165;48;2;144;158;166m▄[48;2;144;159;166m ▄   [38;2;144;159;166;48;2;143;159;166m▄[38;2;144;159;167;48;2;144;159;166m▄[48;2;142;158;165m▄[38;2;120;132;137;48;2;105;114;118m▄[0m [38;2;19;18;18m        [0m
 [38;2;135;149;156;48;2;137;151;157m▄[38;2;142;156;163;48;2;143;156;163m▄[38;2;143;158;165;48;2;143;157;164m▄[48;2;143;158;165m [38;2;144;158;166m▄[38;2;143;158;166m▄  [38;2;143;158;165;48;2;144;158;166m▄[48;2;143;158;165m [48;2;144;159;166m [38;2;145;159;167m▄▄[38;2;143;158;166;48;2;144;160;167m▄[38;2;141;156;164;48;2;144;159;167m▄[38;2;142;157;165m▄[38;2;145;160;168;48;2;143;158;166m▄[38;2;149;164;172;48;2;142;158;166m▄[38;2;148;163;170;48;2;132;147;153m▄[0m[38;2;48;49;50m▄        [0m
 [38;2;121;134;140;48;2;125;141;147m▄[38;2;142;157;164;48;2;141;156;163m▄[48;2;142;157;164m [38;2;142;157;165;48;2;144;158;165m▄[38;2;142;158;165;48;2;144;159;166m▄[38;2;140;155;162;48;2;143;159;166m▄[38;2;112;123;127;48;2;143;158;166m▄[38;2;124;136;140;48;2;142;156;163m▄[38;2;150;164;171;48;2;130;143;149m▄[38;2;176;190;198;48;2;113;124;129m▄[38;2;165;178;185;48;2;109;119;123m▄[38;2;138;151;157;48;2;110;121;125m▄[38;2;123;136;142;48;2;114;125;130m▄[48;2;117;129;134m [38;2;118;128;133;48;2;121;133;139m▄[38;2;114;124;128;48;2;124;136;141m▄[38;2;107;117;122;48;2;127;138;143m▄[38;2;96;106;110;48;2;133;144;148m▄[38;2;84;93;97;48;2;130;142;147m▄[38;2;79;88;91;48;2;129;140;145m▄[38;2;78;86;89;48;2;138;148;153m▄[38;2;80;87;90;48;2;138;147;152m▄[38;2;85;92;96;48;2;123;131;134m▄[38;2;109;119;124;48;2;89;96;98m▄[0m[38;2;153;168;177m▄[38;2;100;107;112m▄[0m [38;2;12;12;12m [0m
 [38;2;118;129;134;48;2;120;133;137m▄[38;2;146;160;167;48;2;146;160;166m▄[38;2;144;159;166;48;2;143;157;165m▄[38;2;141;157;164;48;2;141;156;164m▄[38;2;105;118;123;48;2;135;150;156m▄[38;2;165;183;192;48;2;108;119;125m▄[38;2;174;191;199;48;2;174;190;198m▄[38;2;180;195;203;48;2;178;194;202m▄[38;2;90;97;98;48;2;168;185;192m▄[38;2;127;125;93;48;2;71;78;80m▄[38;2;226;223;162;48;2;13;14;12m▄[38;2;249;245;182;48;2;41;40;30m▄[38;2;249;246;192;48;2;37;37;27m▄[38;2;222;220;172;48;2;8;7;4m▄[38;2;116;115;88;48;2;7;4;3m▄[38;2;6;5;3;48;2;4;4;2m▄[38;2;20;19;15;48;2;1;1;0m▄[38;2;153;151;114;48;2;1;1;1m▄[38;2;238;236;176;48;2;15;15;10m▄[38;2;251;248;188;48;2;46;46;36m▄[38;2;249;247;194;48;2;42;42;33m▄[38;2;206;204;160;48;2;9;9;6m▄[38;2;50;50;37;48;2;5;5;3m▄[38;2;1;1;0;48;2;3;3;2m▄[38;2;0;0;0;48;2;11;13;13m▄[38;2;47;51;53;48;2;132;144;153m▄[38;2;125;136;144;48;2;66;71;74m▄[0m [0m
 [38;2;107;116;120;48;2;97;107;112m▄[38;2;140;155;163;48;2;142;158;165m▄[38;2;145;160;168;48;2;144;160;167m▄[48;2;146;161;167m [38;2;129;140;145;48;2;121;133;138m▄[38;2;175;192;200;48;2;174;191;198m▄[38;2;171;190;198;48;2;176;192;200m▄[38;2;149;166;173;48;2;171;188;195m▄[38;2;212;209;156;48;2;166;165;131m▄[38;2;252;248;186;48;2;251;247;184m▄[38;2;253;249;187;48;2;253;249;182m▄[38;2;252;249;187;48;2;253;249;186m▄[38;2;249;246;187;48;2;253;249;188m▄[38;2;251;247;184;48;2;253;249;185m▄[38;2;252;249;187;48;2;250;247;181m▄[38;2;241;239;188;48;2;144;142;103m▄[38;2;193;191;150;48;2;187;184;141m▄[38;2;252;249;190;48;2;251;248;181m▄[48;2;252;249;184m [38;2;251;248;180;48;2;252;248;187m▄[38;2;243;238;173;48;2;252;248;186m▄[38;2;249;245;178;48;2;252;248;181m▄[38;2;250;247;189;48;2;213;210;153m▄[38;2;68;67;51;48;2;13;12;9m▄[38;2;3;3;2;48;2;1;1;1m▄[38;2;3;4;4;48;2;11;11;12m▄[38;2;127;139;146;48;2;133;144;152m▄[0m [0m
 [38;2;76;82;84;48;2;63;71;74m▄[38;2;144;159;167;48;2;142;158;166m▄[48;2;146;161;168m▄[38;2;140;157;164;48;2;146;161;167m▄[38;2;123;138;144;48;2;126;137;142m▄[38;2;172;190;199;48;2;174;191;199m▄[38;2;175;193;201;48;2;170;189;198m▄[38;2;174;192;199;48;2;151;169;176m▄[38;2;182;183;146;48;2;211;209;158m▄[38;2;251;248;182;48;2;252;248;187m▄[38;2;252;249;183;48;2;253;249;187m▄[38;2;246;244;188;48;2;242;239;185m▄[38;2;124;124;97;48;2;54;53;39m▄[38;2;191;189;147;48;2;155;153;115m▄[38;2;251;248;183;48;2;251;247;184m▄[38;2;249;247;181;48;2;251;249;193m▄[38;2;183;181;136;48;2;191;189;148m▄[38;2;252;249;181;48;2;252;249;191m▄[38;2;252;249;184;48;2;253;249;183m▄[38;2;247;245;189;48;2;235;232;174m▄[38;2;166;165;128;48;2;23;22;16m▄[38;2;216;214;164;48;2;147;147;119m▄[38;2;244;241;187;48;2;248;247;202m▄[38;2;38;38;27;48;2;84;83;63m▄[38;2;0;0;0;48;2;1;1;0m▄[38;2;48;54;56;48;2;9;10;11m▄[38;2;121;131;135;48;2;130;143;149m▄[0m [0m
 [38;2;55;57;58;48;2;41;44;46m▄[38;2;143;159;166;48;2;147;162;169m▄[38;2;142;158;165;48;2;143;158;166m▄[38;2;142;158;164;48;2;138;155;162m▄[38;2;118;131;136;48;2;115;127;132m▄[38;2;162;176;183;48;2;175;192;201m▄[38;2;178;195;202;48;2;177;194;202m▄[38;2;176;194;202;48;2;181;197;205m▄[38;2;167;187;195;48;2;146;155;144m▄[38;2;143;150;135;48;2;244;241;179m▄[38;2;202;200;153;48;2;252;250;182m▄[38;2;241;239;179;48;2;253;250;184m▄[38;2;246;244;185;48;2;251;249;189m▄[38;2;246;244;188;48;2;252;250;192m▄[38;2;226;223;169;48;2;252;249;187m▄[38;2;55;55;40;48;2;200;198;150m▄[38;2;43;43;31;48;2;191;188;144m▄[38;2;189;187;144;48;2;252;249;180m▄[38;2;217;215;161;48;2;252;250;184m▄[38;2;202;201;154;48;2;252;250;190m▄[38;2;184;183;143;48;2;252;249;189m▄[38;2;152;152;124;48;2;250;247;181m▄[38;2;44;47;47;48;2;153;152;110m▄[38;2;85;91;96;48;2;4;4;2m▄[38;2;149;161;167;48;2;17;19;19m▄[38;2;80;85;88;48;2;134;148;154m▄[0m[7m[38;2;51;54;56m▄[0m[38;2;6;6;7m [0m
  [38;2;137;152;159;48;2;140;156;163m▄[38;2;145;161;167;48;2;143;158;165m▄[38;2;144;160;167;48;2;145;160;167m▄[38;2;143;159;166;48;2;146;161;168m▄[38;2;143;159;167;48;2;115;127;131m▄[38;2;134;149;155;48;2;147;160;165m▄[38;2;112;126;130;48;2;173;189;196m▄[38;2;115;128;132;48;2;172;191;199m▄[38;2;120;132;136;48;2;172;190;198m▄[38;2;119;131;135;48;2;163;180;187m▄[38;2;118;130;134;48;2;140;152;152m▄[38;2;120;131;136;48;2;142;152;148m▄[38;2;120;132;136;48;2;144;155;151m▄[38;2;118;129;134;48;2;132;144;145m▄[38;2;114;126;131;48;2;133;148;154m▄[38;2;117;129;134;48;2;145;159;164m▄[38;2;119;130;136;48;2;148;161;167m▄[38;2;112;124;130;48;2;150;163;171m▄[38;2;117;131;137;48;2;151;164;172m▄[38;2;131;146;153;48;2;140;154;160m▄[38;2;110;122;127;48;2;132;144;151m▄[0m[7m[38;2;137;147;152m▄[38;2;99;106;110m▄[0m  [38;2;0;0;0m  [0m
  [38;2;119;131;136;48;2;130;143;149m▄[38;2;145;160;166;48;2;148;162;169m▄[38;2;146;161;168;48;2;145;161;167m▄[48;2;144;160;167m▄[38;2;147;162;169;48;2;144;161;168m▄[38;2;144;160;167;48;2;144;160;168m▄[48;2;143;159;167m [38;2;146;162;169;48;2;145;161;168m▄[38;2;147;162;169;48;2;147;163;170m▄[38;2;144;160;166;48;2;146;162;168m▄[38;2;143;159;166;48;2;144;160;167m▄[38;2;144;160;167;48;2;145;161;168m▄[38;2;144;159;167;48;2;145;160;167m▄[38;2;141;158;166;48;2;142;158;166m▄[38;2;143;160;168;48;2;141;158;166m▄[38;2;147;163;170;48;2;143;159;167m▄[48;2;146;161;169m▄[38;2;144;159;166;48;2;146;162;170m▄[38;2;141;156;161m▄[38;2;128;142;148;48;2;150;166;173m▄[38;2;103;114;118;48;2;122;133;138m▄[0m [38;2;30;30;30m     [0m
  [38;2;107;116;121;48;2;100;111;116m▄[38;2;142;159;166;48;2;142;158;165m▄[38;2;146;162;169;48;2;145;161;167m▄[38;2;151;165;172;48;2;148;163;169m▄[38;2;131;139;133;48;2;149;164;170m▄[38;2;157;157;128;48;2;124;137;141m▄[38;2;247;245;195;48;2;125;132;127m▄[38;2;251;248;186;48;2;154;159;145m▄[38;2;201;200;150;48;2;137;143;130m▄[38;2;235;233;173;48;2;148;153;134m▄[38;2;252;249;184;48;2;151;155;135m▄[38;2;249;248;197;48;2;153;158;139m▄[38;2;195;194;155;48;2;128;132;116m▄[38;2;249;247;200;48;2;154;157;135m▄[38;2;252;250;200;48;2;162;165;145m▄[38;2;195;194;150;48;2;133;135;117m▄[38;2;250;247;188;48;2;170;171;144m▄[38;2;215;212;167;48;2;148;149;123m▄[0m[7m[38;2;67;69;70m▄[38;2;40;41;42m▄[0m  [38;2;0;0;0m     [0m
  [38;2;95;102;105;48;2;84;92;96m▄[38;2;143;159;166;48;2;145;161;168m▄[38;2;141;158;165;48;2;147;164;170m▄[38;2;120;129;121;48;2;122;136;140m▄[38;2;241;239;186;48;2;155;154;129m▄[38;2;192;190;148;48;2;160;158;125m▄[38;2;225;223;179;48;2;207;207;165m▄[38;2;219;216;169;48;2;220;218;168m▄[38;2;187;186;143;48;2;190;188;146m▄[38;2;193;190;154;48;2;212;211;160m▄[38;2;212;210;169;48;2;234;231;176m▄[38;2;214;212;176;48;2;231;229;184m▄[38;2;167;166;138;48;2;174;173;144m▄[38;2;223;221;187;48;2;214;213;178m▄[38;2;234;232;184;48;2;201;200;160m▄[38;2;181;180;141;48;2;148;147;112m▄[38;2;246;243;184;48;2;184;182;138m▄[38;2;218;217;177;48;2;160;158;129m▄[0m [38;2;32;32;32m        [0m
 [38;2;0;0;0m [38;2;61;66;68;48;2;52;58;60m▄[38;2;143;159;167;48;2;145;162;169m▄[38;2;147;164;171;48;2;142;159;167m▄[38;2;115;126;125;48;2;129;136;124m▄[38;2;187;184;149;48;2;249;245;194m▄[38;2;163;161;128;48;2;205;202;153m▄[38;2;183;181;131;48;2;242;239;178m▄[38;2;211;208;155;48;2;252;249;186m▄[38;2;208;206;167;48;2;230;228;177m▄[38;2;191;190;151;48;2;225;223;179m▄[38;2;223;222;183;48;2;253;250;199m▄[38;2;222;221;178;48;2;251;249;201m▄[38;2;170;169;131;48;2;191;191;156m▄[38;2;205;203;150;48;2;250;247;194m▄[38;2;193;191;139;48;2;252;249;183m▄[38;2;153;152;117;48;2;189;187;142m▄[38;2;197;195;158;48;2;249;246;194m▄[38;2;173;173;142;48;2;221;220;187m▄[0m [38;2;30;30;30m        [0m
 [38;2;0;0;0m [0m [38;2;148;164;170;48;2;148;164;171m▄[38;2;149;164;171;48;2;150;165;171m▄[38;2;146;163;170;48;2;145;160;165m▄[38;2;128;144;147;48;2;165;164;139m▄[38;2;121;126;107;48;2;204;202;160m▄[38;2;183;182;145;48;2;221;218;167m▄[38;2;246;243;190;48;2;237;233;178m▄[38;2;238;237;191;48;2;214;212;174m▄[38;2;197;196;154;48;2;181;180;146m▄[38;2;249;247;185;48;2;223;221;175m▄[38;2;250;248;182;48;2;223;220;170m▄[38;2;191;190;144;48;2;176;173;134m▄[38;2;251;248;192;48;2;235;231;174m▄[38;2;251;249;199;48;2;243;240;180m▄[38;2;195;195;156;48;2;197;196;154m▄[38;2;208;206;167;48;2;243;241;198m▄[38;2;168;168;139;48;2;224;223;190m▄[0m[38;2;70;77;79m▄[0m [38;2;30;31;31m       [0m
[?25h