[?25l[0m [38;2;0;0;0m        [38;2;53;54;55m▄[38;2;131;143;146m▄[38;2;114;124;127m▄[0m [38;2;40;40;40m              [0m
 [38;2;0;0;0m        [7m[38;2;104;110;111m▄[0m[38;2;111;121;123;48;2;165;182;186m▄[38;2;98;107;109;48;2;163;180;184m▄[0m[7m[38;2;43;45;45m▄[0m[38;2;15;16;16m              [0m
 [38;2;0;0;0m        [0m [38;2;74;81;85;48;2;47;53;56m▄[38;2;67;75;77;48;2;62;69;72m▄[0m [38;2;3;3;3m              [0m
 [38;2;0;0;0m        [0m [38;2;65;75;78;48;2;75;84;88m▄[38;2;70;82;84;48;2;81;90;93m▄[0m [38;2;21;21;21m              [0m
 [38;2;0;0;0m        [0m [38;2;57;67;69;48;2;66;77;80m▄[38;2;67;79;80;48;2;70;84;86m▄[0m[38;2;56;57;58m▄[0m [38;2;3;3;3m             [0m
 [38;2;0;0;0m      [0m [38;2;42;44;44m▄[38;2;101;111;113;48;2;105;112;113m▄[38;2;105;115;117;48;2;144;155;158m▄[38;2;100;109;113;48;2;161;171;175m▄[38;2;94;105;108;48;2;148;158;159m▄[38;2;86;96;99;48;2;66;70;71m▄[0m[38;2;86;92;94m▄[38;2;50;51;51m▄[0m [38;2;21;21;21m          [0m
 [38;2;0;0;0m   [0m [38;2;49;53;53m▄[38;2;120;133;135m▄[38;2;137;152;156;48;2;88;96;98m▄[38;2;138;152;156;48;2;118;130;133m▄[38;2;139;152;157;48;2;140;153;157m▄[38;2;139;153;157m▄[38;2;139;152;157;48;2;138;151;156m▄[38;2;139;153;157;48;2;136;150;155m▄[38;2;140;153;158;48;2;137;150;156m▄[48;2;140;153;158m [38;2;139;153;158;48;2;141;154;159m▄[38;2;138;152;157;48;2;107;117;120m▄[38;2;132;146;150;48;2;49;51;52m▄[0m[38;2;68;73;75m▄[0m [38;2;11;11;11m       [0m
 [38;2;0;0;0m  [38;2;45;47;47m▄[38;2;130;142;146;48;2;70;75;75m▄[38;2;140;154;158;48;2;136;149;152m▄[38;2;139;153;158;48;2;140;153;158m▄[48;2;139;153;157m [48;2;139;152;157m▄[38;2;140;153;158;48;2;139;153;157m▄▄[38;2;140;154;159;48;2;139;153;158m▄[48;2;140;153;158m ▄▄[48;2;139;153;158m▄▄[48;2;140;154;159m [38;2;139;154;159;48;2;138;151;156m▄[38;2;118;130;134;48;2;69;72;73m▄[0m [38;2;29;29;30m      [0m
 [38;2;0;0;0m [0m [38;2;128;141;146;48;2;98;107;109m▄[38;2;138;152;157;48;2;139;154;158m▄[48;2;140;153;158m [38;2;140;153;158;48;2;139;153;157m▄▄[38;2;140;154;159;48;2;139;153;158m▄[48;2;140;154;159m [38;2;141;154;159m▄    ▄ [48;2;139;153;158m [38;2;139;153;158;48;2;138;152;158m▄[48;2;137;152;157m▄[38;2;99;107;110;48;2;72;76;78m▄[0m [38;2;9;9;9m     [0m
 [38;2;0;0;0m [38;2;73;77;78;48;2;53;55;56m▄[38;2;141;156;160;48;2;139;154;159m▄[38;2;139;154;158;48;2;139;153;158m▄▄ [38;2;139;153;158;48;2;140;153;158m▄[38;2;140;154;159;48;2;140;153;159m▄[48;2;140;154;159m  [38;2;140;153;159m▄[38;2;141;154;159m▄[48;2;141;154;159m  [48;2;140;154;159m    [48;2;141;154;159m [38;2;120;133;137;48;2;110;121;124m▄[0m [38;2;25;25;26m     [0m
 [38;2;0;0;0m [38;2;61;67;67;48;2;60;66;67m▄[38;2;137;151;156;48;2;136;151;157m▄[38;2;139;153;158;48;2;139;153;159m▄[48;2;140;154;159m▄[38;2;138;153;159m▄▄[38;2;141;155;160m▄▄[38;2;141;154;160m▄ [38;2;140;153;159;48;2;141;154;159m▄[38;2;139;153;159;48;2;141;154;160m▄[38;2;139;153;158;48;2;141;154;159m▄[48;2;140;154;159m [38;2;141;154;159m▄[38;2;141;154;160;48;2;141;154;159m▄[38;2;138;152;158;48;2;140;154;159m▄[38;2;135;150;156;48;2;138;152;158m▄[38;2;129;144;149;48;2;124;139;144m▄[0m [38;2;25;26;26m     [0m
  [38;2;92;98;100;48;2;84;90;91m▄[38;2;142;155;159;48;2;141;155;159m▄[48;2;138;152;157m▄[38;2;111;123;125;48;2;135;150;155m▄[38;2;113;125;127;48;2;125;139;143m▄[38;2;162;178;181;48;2;97;107;110m▄[38;2;169;183;187;48;2;100;109;111m▄[38;2;165;179;182;48;2;106;115;117m▄[38;2;154;167;170;48;2;105;113;114m▄[38;2;154;166;169;48;2;104;112;114m▄[38;2;150;163;164;48;2;101;109;112m▄[38;2;151;164;167;48;2;97;105;107m▄[38;2;159;171;174;48;2;96;104;107m▄[38;2;161;172;174;48;2;98;107;109m▄[38;2;155;167;169;48;2;100;108;110m▄[38;2;153;165;168;48;2;97;105;108m▄[38;2;158;170;173;48;2;94;103;106m▄[38;2;162;175;177;48;2;95;105;107m▄[38;2;165;177;180;48;2;98;107;109m▄[38;2;167;181;183;48;2;57;60;60m▄[0m[38;2;167;181;183m▄[38;2;119;129;131m▄[38;2;46;48;48m▄[0m [38;2;1;1;1m [0m
  [38;2;57;62;64;48;2;91;97;99m▄[38;2;132;147;152;48;2;137;150;155m▄[38;2;105;116;119;48;2;139;151;154m▄[38;2;159;173;176;48;2;117;128;130m▄[38;2;175;189;192;48;2;172;188;192m▄[38;2;126;137;139;48;2;165;183;186m▄[38;2;6;7;6;48;2;95;103;104m▄[38;2;173;172;122;48;2;24;25;23m▄[38;2;249;249;171;48;2;109;108;81m▄[38;2;251;249;177;48;2;185;184;139m▄[38;2;251;250;178;48;2;199;198;142m▄[48;2;177;177;130m▄[38;2;248;246;176;48;2;80;79;60m▄[38;2;119;117;81;48;2;6;6;4m▄[38;2;75;73;53;48;2;3;3;2m▄[38;2;239;237;176;48;2;40;39;30m▄[38;2;251;249;179;48;2;139;138;101m▄[38;2;252;251;181;48;2;183;181;143m▄[38;2;252;249;181;48;2;169;167;131m▄[38;2;247;245;173;48;2;73;72;52m▄[38;2;96;95;67;48;2;21;23;22m▄[38;2;3;3;2;48;2;94;102;103m▄[38;2;107;116;118;48;2;137;150;153m▄[0m[38;2;101;109;112m▄[0m [0m
 [38;2;0;0;0m [38;2;69;74;75;48;2;65;70;71m▄[38;2;145;158;162;48;2;137;152;157m▄[38;2;101;112;115;48;2;96;107;110m▄[38;2;162;179;183;48;2;164;181;184m▄[38;2;163;178;182;48;2;169;184;187m▄[38;2;43;46;47;48;2;64;70;70m▄[38;2;118;118;89;48;2;66;65;49m▄[38;2;251;249;189;48;2;249;248;185m▄[38;2;211;210;160;48;2;249;248;175m▄[38;2;8;8;4;48;2;229;228;163m▄[38;2;149;148;106;48;2;243;242;176m▄[38;2;251;250;176;48;2;252;251;178m▄[38;2;252;251;180;48;2;252;250;174m▄[38;2;252;251;186;48;2;235;234;167m▄[38;2;156;154;112;48;2;155;154;109m▄[48;2;251;249;175m [38;2;250;248;173;48;2;252;250;176m▄[38;2;162;160;109;48;2;245;243;169m▄[38;2;12;11;7;48;2;231;230;161m▄[38;2;202;201;149;48;2;248;246;169m▄[38;2;246;246;185;48;2;223;222;155m▄[38;2;34;34;23;48;2;7;7;4m▄[38;2;17;18;18;48;2;41;43;44m▄[38;2;137;147;149;48;2;132;142;144m▄[0m [0m
 [38;2;0;0;0m [38;2;72;76;77;48;2;68;73;73m▄[38;2;141;155;160;48;2;143;157;161m▄[38;2;111;122;125;48;2;108;118;120m▄[38;2;163;177;180;48;2;168;183;186m▄[38;2;167;183;186;48;2;164;180;183m▄[38;2;112;122;124;48;2;57;62;63m▄[38;2;19;20;14;48;2;88;88;65m▄[38;2;218;217;153;48;2;251;249;183m▄[38;2;251;250;166;48;2;235;234;167m▄[38;2;251;249;172;48;2;147;147;106m▄[38;2;252;250;178;48;2;208;208;151m▄[38;2;252;250;177;48;2;252;250;178m▄[38;2;251;250;173;48;2;252;250;180m▄[38;2;181;181;130;48;2;247;246;184m▄[38;2;149;149;109;48;2;155;154;108m▄[38;2;250;249;180;48;2;251;249;170m▄[38;2;251;251;178;48;2;251;250;172m▄[38;2;252;250;175;48;2;216;214;151m▄[38;2;251;250;174;48;2;147;147;108m▄[38;2;251;249;178;48;2;232;231;170m▄[38;2;152;151;108;48;2;238;236;169m▄[38;2;3;3;2;48;2;17;17;11m▄[38;2;73;79;80;48;2;25;27;28m▄[38;2;106;113;114;48;2;127;138;140m▄[0m [0m
 [38;2;0;0;0m [38;2;84;88;89;48;2;77;81;82m▄[38;2;143;157;162;48;2;142;157;162m▄[38;2;137;152;157;48;2;130;144;148m▄[38;2;109;120;123;48;2;120;130;132m▄[38;2;136;148;150;48;2;169;185;188m▄[38;2;176;190;192;48;2;170;185;188m▄[38;2;175;188;191;48;2;80;86;86m▄[38;2;148;161;163;48;2;45;46;33m▄[38;2;122;133;135;48;2;188;187;129m▄[38;2;124;133;133;48;2;240;239;168m▄[38;2;126;136;134;48;2;244;242;172m▄[38;2;127;136;134;48;2;245;243;172m▄[38;2;120;130;131;48;2;182;181;131m▄[38;2;120;129;131;48;2;27;27;19m▄[38;2;119;128;130;48;2;17;17;12m▄[38;2;116;125;126;48;2;154;154;115m▄[38;2;119;128;126;48;2;238;237;175m▄[38;2;121;130;126;48;2;244;242;177m▄[38;2;119;128;127;48;2;238;236;166m▄[38;2;113;123;125;48;2;149;148;107m▄[38;2;127;138;142;48;2;15;15;11m▄[38;2;147;158;162;48;2;45;48;49m▄[38;2;64;67;68;48;2;143;155;158m▄[0m[7m[38;2;45;46;47m▄[0m[38;2;6;6;6m [0m
 [38;2;0;0;0m [38;2;33;37;38;48;2;81;85;86m▄[38;2;136;151;156;48;2;136;151;157m▄[38;2;141;155;159;48;2;138;153;158m▄[38;2;141;156;160;48;2;139;154;159m▄[38;2;140;155;159;48;2;125;138;141m▄[38;2;138;153;158;48;2;101;110;111m▄[38;2;141;155;160;48;2;111;120;121m▄[38;2;145;159;163;48;2;109;118;119m▄[38;2;146;159;163;48;2;113;123;124m▄[38;2;145;158;163;48;2;119;129;130m▄[38;2;145;157;162;48;2;120;130;131m▄[38;2;142;155;160;48;2;118;129;130m▄[38;2;139;153;158;48;2;120;131;132m▄[38;2;139;153;157;48;2;123;133;134m▄[38;2;141;155;159;48;2;124;134;135m▄[38;2;144;157;161;48;2;123;132;133m▄[38;2;146;159;163;48;2;120;129;130m▄[38;2;145;158;163;48;2;114;124;126m▄[38;2;144;158;163;48;2;113;123;125m▄[38;2;71;76;77;48;2;99;108;109m▄[0m[7m[38;2;69;73;74m▄[0m  [38;2;0;0;0m  [0m
 [38;2;0;0;0m [38;2;36;38;39;48;2;35;37;39m▄[38;2;140;154;159;48;2;139;153;158m▄[38;2;141;154;159;48;2;142;155;160m▄[38;2;139;154;158m▄[38;2;138;153;158;48;2;141;155;160m▄[38;2;139;154;158;48;2;140;155;160m▄[38;2;141;155;157;48;2;142;156;161m▄[38;2;138;152;155;48;2;143;157;161m▄[38;2;137;150;154;48;2;142;156;160m▄[38;2;138;152;155;48;2;143;156;161m▄[38;2;138;151;155;48;2;142;155;160m▄[38;2;139;152;157;48;2;142;155;159m▄[38;2;142;155;159;48;2;141;154;159m▄[48;2;140;153;158m▄[38;2;141;154;159m▄[38;2;138;152;156;48;2;141;154;159m▄[38;2;136;150;154;48;2;141;155;160m▄[38;2;135;150;154;48;2;142;156;160m▄[38;2;136;149;154;48;2;146;159;164m▄[38;2;70;74;75;48;2;76;80;81m▄[0m[38;2;70;74;75m     [0m
 [38;2;0;0;0m [38;2;41;43;44;48;2;38;40;41m▄[38;2;140;154;159;48;2;141;154;159m▄[38;2;145;159;162;48;2;141;155;159m▄[38;2;109;113;98;48;2;134;147;149m▄[38;2;230;229;178;48;2;122;128;114m▄[38;2;147;146;111;48;2;104;105;86m▄[38;2;247;246;180;48;2;172;172;134m▄[38;2;248;248;170;48;2;167;168;123m▄[38;2;154;152;111;48;2;106;107;82m▄[38;2;248;247;180;48;2;162;163;125m▄[38;2;250;249;189;48;2;159;159;123m▄[38;2;168;166;127;48;2;111;113;88m▄[38;2;246;245;196;48;2;162;163;136m▄[38;2;248;247;199;48;2;162;164;138m▄[38;2;160;159;120;48;2;113;116;93m▄[38;2;243;242;174;48;2;158;159;125m▄[38;2;204;202;148;48;2;137;138;105m▄[0m[7m[38;2;49;50;51m▄[38;2;35;36;36m▄[0m [38;2;0;0;0m     [0m
 [38;2;0;0;0m [38;2;41;42;42;48;2;48;50;50m▄[38;2;144;159;162;48;2;143;158;162m▄[38;2;116;129;129;48;2;123;136;139m▄[38;2;215;214;154;48;2;153;152;114m▄[38;2;248;247;172;48;2;169;169;122m▄[38;2;148;147;107;48;2;97;97;71m▄[38;2;249;247;186;48;2;167;167;124m▄[38;2;248;247;181;48;2;169;170;123m▄[38;2;158;156;111;48;2;105;104;76m▄[38;2;248;247;178;48;2;170;169;124m▄[38;2;248;247;183;48;2;170;169;126m▄[38;2;166;165;117;48;2;117;117;86m▄[38;2;245;244;183;48;2;171;170;132m▄[38;2;246;244;181;48;2;171;172;129m▄[38;2;160;158;113;48;2;110;110;80m▄[38;2;243;241;178;48;2;159;158;114m▄[38;2;205;203;148;48;2;126;126;90m▄[0m [38;2;41;40;40m       [0m
 [38;2;0;0;0m [7m[38;2;52;53;53m▄[0m[38;2;135;151;155;48;2;139;155;159m▄[38;2;143;159;164;48;2;138;153;155m▄[38;2;113;124;119;48;2;101;102;79m▄[38;2;200;198;149;48;2;159;158;111m▄[38;2;150;148;110;48;2;97;96;71m▄[38;2;247;247;177;48;2;168;167;124m▄[38;2;249;248;178;48;2;163;163;117m▄[38;2;162;161;120;48;2;104;104;76m▄[38;2;251;251;191;48;2;165;164;124m▄[38;2;250;249;182;48;2;162;161;119m▄[38;2;162;162;116;48;2;101;100;71m▄[38;2;245;244;174;48;2;155;154;114m▄[38;2;248;248;178;48;2;154;153;110m▄[38;2;160;160;116;48;2;99;98;71m▄[38;2;243;242;195;48;2;166;163;124m▄[38;2;204;203;159;48;2;144;143;109m▄[0m[38;2;33;34;34m▄[0m [38;2;0;0;0m      [0m
 [38;2;54;57;58m▄[38;2;106;113;115;48;2;23;25;25m▄[38;2;123;135;138;48;2;135;151;155m▄[38;2;148;161;165;48;2;141;157;162m▄[38;2;146;160;164;48;2;142;158;163m▄[38;2;146;160;165;48;2;118;130;131m▄[38;2;149;163;166;48;2;97;103;92m▄[38;2;148;162;165;48;2;154;157;122m▄[38;2;140;154;158;48;2;166;168;128m▄[38;2;128;143;147;48;2;116;116;83m▄[38;2;124;138;142;48;2;202;202;145m▄[38;2;121;134;139;48;2;206;206;149m▄[38;2;122;136;140;48;2;139;139;96m▄[38;2;129;143;146;48;2;203;203;153m▄[38;2;136;151;154;48;2;185;186;142m▄[38;2;143;157;161;48;2;116;117;89m▄[38;2;142;157;162;48;2;148;151;123m▄[38;2;137;154;159;48;2;114;119;102m▄[38;2;107;120;124;48;2;92;101;104m▄[0m [38;2;32;31;31m      [0m
[?25h