[?25l[0m [38;2;0;0;0m              [0m [38;2;143;158;164m▄[38;2;133;146;151m▄[0m [38;2;15;15;15m           [0m
 [38;2;0;0;0m              [0m [38;2;70;76;78;48;2;155;171;177m▄[38;2;62;68;70;48;2;134;150;157m▄[0m [38;2;0;0;0m           [0m
 [38;2;10;10;10m               [38;2;70;78;81;48;2;75;83;87m▄[38;2;101;113;116;48;2;83;92;95m▄[0m[38;2;101;113;116m            [0m
 [38;2;0;0;0m              [0m [38;2;77;85;87;48;2;66;76;79m▄[38;2;93;108;111;48;2;105;119;124m▄[0m[38;2;54;57;58m▄[0m [38;2;7;7;7m          [0m
 [38;2;24;18;26m            [0m [38;2;45;49;50m▄[38;2;102;116;121;48;2;63;67;69m▄[38;2;108;123;127;48;2;159;175;183m▄[38;2;112;126;131;48;2;154;172;180m▄[38;2;121;137;143;48;2;135;152;158m▄[38;2;136;156;162;48;2;35;37;37m▄[0m[38;2;119;135;141m▄[38;2;84;92;94m▄[0m [38;2;16;16;17m       [0m
[38;2;77;39;86;48;2;66;42;71m▄[0m [38;2;19;19;19m          [0m [38;2;130;150;156;48;2;58;65;66m▄[38;2;136;155;162;48;2;133;151;157m▄[38;2;137;156;163;48;2;135;154;161m▄[38;2;137;156;162;48;2;136;155;161m▄[48;2;137;156;163m  [38;2;137;156;163;48;2;137;155;162m▄[48;2;137;156;163m [48;2;136;155;162m▄[38;2;138;157;164;48;2;113;128;133m▄[0m[38;2;98;109;113m▄[0m [38;2;5;5;5m     [0m
[38;2;84;41;95;48;2;82;40;94m▄[0m [38;2;27;22;28m         [0m [38;2;122;141;148;48;2;105;117;121m▄[38;2;136;155;162;48;2;137;156;163m▄[38;2;137;155;162;48;2;137;156;162m▄ [48;2;137;156;163m  [38;2;137;156;163;48;2;138;157;163m▄[48;2;137;156;163m [48;2;138;157;164m▄  [38;2;138;157;164;48;2;135;154;161m▄[0m[38;2;76;83;85m▄     [0m
[38;2;80;39;90;48;2;83;40;93m▄[0m [38;2;16;15;16m         [38;2;46;49;50m▄[38;2;137;157;164;48;2;136;155;162m▄[38;2;135;154;161;48;2;137;156;163m▄[48;2;136;155;162m [38;2;136;155;162;48;2;137;155;163m▄[48;2;137;156;163m [38;2;137;156;163;48;2;138;156;163m▄[38;2;138;156;164m▄[48;2;137;156;163m [48;2;138;156;163m [38;2;138;157;164;48;2;137;156;163m▄[48;2;138;156;164m▄[38;2;138;156;164;48;2;137;156;163m▄[38;2;108;122;126;48;2;92;103;106m▄[0m [38;2;6;6;6m    [0m
[38;2;70;42;77;48;2;74;38;83m▄[0m [38;2;0;0;0m         [38;2;50;53;54;48;2;52;56;57m▄[38;2;136;155;162;48;2;137;156;163m▄[48;2;136;154;162m▄[48;2;137;156;162m▄[38;2;116;130;135;48;2;137;155;163m▄[38;2;127;140;145;48;2;138;157;165m▄[38;2;141;155;160;48;2;132;149;155m▄[38;2;150;166;172;48;2;117;132;138m▄[38;2;149;166;173;48;2;109;124;130m▄[38;2;149;166;172;48;2;109;124;129m▄[38;2;145;161;167;48;2;110;124;129m▄[38;2;141;157;164;48;2;110;125;130m▄[38;2;143;161;168;48;2;106;120;125m▄[38;2;148;165;171;48;2;82;93;97m▄[0m[38;2;150;165;171m▄[38;2;153;167;171m▄[38;2;127;141;146m▄[38;2;57;61;62m▄[0m [0m
[38;2;38;27;41;48;2;60;41;65m▄[0m[38;2;38;27;41m          [0m [38;2;136;156;162;48;2;133;153;160m▄[38;2;140;158;166;48;2;137;157;164m▄[38;2;126;141;147;48;2;123;138;144m▄[38;2;156;174;181;48;2;149;165;171m▄[38;2;134;148;147;48;2;155;173;181m▄[38;2;228;225;162;48;2;118;126;124m▄[38;2;252;249;183;48;2;134;135;111m▄[48;2;136;135;103m▄[38;2;250;247;176;48;2;99;98;71m▄[38;2;206;203;151;48;2;16;15;11m▄[38;2;163;161;116;48;2;6;6;4m▄[38;2;250;247;177;48;2;82;81;59m▄[38;2;252;249;178;48;2;125;124;94m▄[38;2;249;247;179;48;2;91;91;69m▄[38;2;124;122;86;48;2;7;7;5m▄[38;2;2;1;1;48;2;29;32;34m▄[38;2;41;44;45;48;2;126;139;144m▄[0m[38;2;104;113;117m▄[0m
[38;2;50;36;52m▄          [0m [38;2;137;155;162;48;2;139;158;165m▄[38;2;136;155;162;48;2;136;155;163m▄[38;2;125;141;147;48;2;121;137;144m▄[38;2;160;177;184;48;2;156;175;182m▄[48;2;165;173;155m [38;2;251;248;183;48;2;251;247;180m▄[38;2;253;249;176;48;2;252;249;177m▄[38;2;214;212;150;48;2;210;208;151m▄[38;2;160;158;117;48;2;150;149;111m▄[38;2;251;248;188;48;2;250;247;188m▄[38;2;185;184;144;48;2;188;187;143m▄[38;2;252;250;183;48;2;253;249;183m▄[38;2;246;244;172;48;2;244;241;169m▄[38;2;137;136;95;48;2;116;114;82m▄[38;2;211;209;160;48;2;212;210;165m▄[48;2;6;5;3m [38;2;12;14;14;48;2;4;4;4m▄[38;2;114;125;129;48;2;128;138;144m▄[0m
[38;2;37;30;37;48;2;68;44;72m▄[0m [38;2;21;20;20m         [0m [38;2;126;145;152;48;2;132;151;157m▄[38;2;138;158;165;48;2;141;159;166m▄[38;2;123;140;146;48;2;131;146;152m▄[38;2;142;160;167;48;2;158;176;183m▄[38;2;151;171;178;48;2;138;154;157m▄[38;2;139;153;152;48;2;219;217;158m▄[38;2;168;173;150;48;2;252;249;178m▄[38;2;166;169;139;48;2;253;250;181m▄[38;2;165;167;135;48;2;252;250;180m▄[38;2;100;103;90;48;2;237;235;175m▄[38;2;69;74;67;48;2;187;185;134m▄[38;2;154;159;130;48;2;252;250;174m▄[38;2;162;168;140;48;2;253;251;180m▄[38;2;154;160;141;48;2;251;249;183m▄[38;2;74;80;82;48;2;124;122;88m▄[38;2;101;112;117;48;2;1;1;1m▄[38;2;111;120;124;48;2;79;86;88m▄[0m[7m[38;2;75;80;82m▄[0m
 [38;2;0;0;0m          [0m [38;2;114;131;136;48;2;118;136;143m▄[38;2;139;158;165;48;2;138;157;164m▄[38;2;140;159;166;48;2;136;157;164m▄[38;2;141;160;167;48;2;118;134;139m▄[38;2;143;163;170;48;2;122;134;139m▄[38;2;141;160;166;48;2;130;143;147m▄[38;2;136;155;161;48;2;130;143;148m▄[38;2;135;154;160;48;2;122;138;143m▄[38;2;138;157;163;48;2;118;133;139m▄[38;2;138;157;164;48;2;123;136;142m▄[38;2;139;158;166;48;2;126;140;144m▄[38;2;144;162;169;48;2;121;133;137m▄[38;2;145;163;169;48;2;109;123;126m▄[38;2;126;143;149;48;2;96;109;112m▄[0m[7m[38;2;96;106;109m▄[38;2;63;67;69m▄[0m [38;2;0;0;0m [0m
 [38;2;0;0;0m          [0m [38;2;117;132;137;48;2;118;133;138m▄[38;2;139;158;165;48;2;139;158;164m▄[38;2;136;156;163;48;2;139;158;165m▄[38;2;118;134;138;48;2;138;158;165m▄[38;2;119;128;118m▄[38;2;154;160;142;48;2;141;160;167m▄[38;2;153;160;141;48;2;142;161;167m▄[38;2;134;142;129;48;2;143;161;167m▄[38;2;152;160;143m▄[38;2;149;157;141;48;2;140;159;166m▄[38;2;127;134;122;48;2;138;157;165m▄[38;2;146;152;130m▄[38;2;51;56;57;48;2;140;159;166m▄[0m[7m[38;2;129;147;153m▄[0m [38;2;2;2;2m   [0m
 [38;2;0;0;0m           [38;2;115;128;132;48;2;105;118;123m▄[38;2;142;160;167;48;2;136;156;162m▄[38;2;133;143;132;48;2;114;132;137m▄[38;2;225;222;165;48;2;164;163;131m▄[38;2;154;152;114;48;2;176;175;134m▄[38;2;195;193;138;48;2;244;242;184m▄[38;2;191;188;137;48;2;247;245;189m▄[38;2;146;144;104;48;2;193;191;147m▄[38;2;187;183;126;48;2;247;244;178m▄[38;2;189;185;127;48;2;243;240;180m▄[38;2;149;148;115;48;2;166;164;125m▄[38;2;201;201;153;48;2;208;205;156m▄[0m [38;2;13;13;13m     [0m
 [38;2;0;0;0m           [38;2;85;97;100;48;2;117;130;134m▄[38;2;137;157;163;48;2;140;159;165m▄[38;2;131;150;155;48;2;124;136;130m▄[38;2;178;178;142;48;2;192;189;146m▄[38;2;163;162;123;48;2;162;160;123m▄[38;2;195;194;143;48;2;243;239;173m▄[38;2;189;187;131;48;2;248;244;169m▄[38;2;141;140;100;48;2;183;181;127m▄[38;2;185;183;126;48;2;247;243;168m▄[38;2;190;188;139;48;2;240;237;174m▄[38;2;158;157;121;48;2;160;159;125m▄[38;2;215;212;153;48;2;173;172;130m▄[0m [38;2;16;17;17m     [0m
 [38;2;0;0;0m           [38;2;99;110;113;48;2;86;97;101m▄[38;2;139;159;166;48;2;137;156;164m▄[38;2;140;159;167;48;2;138;157;165m▄[38;2;140;160;167;48;2;131;149;153m▄[38;2;137;157;165;48;2;115;124;112m▄[38;2;134;154;161;48;2;173;174;131m▄[38;2;131;149;157;48;2;191;190;131m▄[38;2;132;150;158;48;2;156;154;111m▄[38;2;138;156;163;48;2;204;202;143m▄[38;2;142;161;168;48;2;193;193;149m▄[38;2;141;161;168;48;2;140;142;115m▄[38;2;138;157;164;48;2;156;161;134m▄[38;2;100;111;114;48;2;83;89;91m▄[0m[38;2;100;111;114m     [0m
 [38;2;0;0;0m       [0m [38;2;65;69;71m▄[38;2;145;160;166m▄[38;2;161;178;186;48;2;93;101;104m▄[38;2;159;177;184;48;2;127;141;146m▄[38;2;162;179;186;48;2;119;133;137m▄[38;2;150;167;173;48;2;124;141;147m▄[38;2;127;141;147;48;2;139;160;167m▄[38;2;123;138;143;48;2;136;156;164m▄[38;2;125;139;144;48;2;139;158;165m▄[38;2;124;139;144;48;2;142;160;167m▄[38;2;122;137;142;48;2;143;161;167m▄[38;2;124;140;145;48;2;142;161;167m▄[38;2;127;142;147;48;2;139;158;166m▄[38;2;133;148;155;48;2;138;158;165m▄[38;2;149;163;170;48;2;139;157;162m▄[38;2;166;183;190;48;2;112;121;124m▄[0m[38;2;141;155;160m▄[38;2;50;53;55m▄[0m [38;2;1;1;1m  [0m
[?25h