[?25l[0m [38;2;0;0;0m         [0m [7m[38;2;94;109;112m▄[0m [38;2;11;12;12m                 [0m
 [38;2;0;0;0m          [38;2;57;73;76m▄                  [0m
 [38;2;0;0;0m         [0m [7m[38;2;59;76;78m▄[0m [38;2;14;18;18m                 [0m
 [38;2;0;0;0m      [0m [38;2;74;100;104m▄[38;2;92;120;126m▄[38;2;97;126;133;48;2;45;58;61m▄[38;2;93;123;129;48;2;72;88;91m▄[0m[38;2;95;126;131m▄[38;2;98;128;134;48;2;55;72;75m▄[0m[38;2;100;130;137m▄[38;2;56;75;78m▄[0m [38;2;6;7;7m             [0m
 [38;2;0;0;0m     [38;2;65;87;91m▄[38;2;82;108;113;48;2;68;92;96m▄[38;2;95;125;131;48;2;95;123;129m▄[38;2;98;129;135;48;2;97;127;134m▄[38;2;95;127;133;48;2;96;127;133m▄[48;2;95;126;132m [38;2;97;127;133;48;2;95;125;132m▄[38;2;99;130;136;48;2;96;127;133m▄[38;2;98;129;135;48;2;99;130;136m▄[38;2;92;123;128;48;2;96;126;132m▄[38;2;92;122;128;48;2;70;92;96m▄[0m [38;2;22;29;30m            [0m
 [38;2;0;0;0m    [0m [38;2;75;98;103;48;2;72;97;102m▄[38;2;94;123;129;48;2;88;114;120m▄[38;2;99;129;135;48;2;97;127;134m▄[38;2;96;127;133;48;2;95;126;133m▄[38;2;97;127;133;48;2;97;128;134m▄[38;2;96;126;133;48;2;98;129;136m▄[38;2;96;126;132;48;2;97;128;134m▄[38;2;97;128;134;48;2;99;130;136m▄[38;2;101;131;137;48;2;98;130;136m▄[38;2;98;128;134;48;2;97;128;134m▄[38;2;97;126;132;48;2;98;128;134m▄[38;2;75;97;101;48;2;52;68;71m▄[0m[38;2;75;97;101m            [0m
 [38;2;0;0;0m    [0m [38;2;80;104;107;48;2;79;102;107m▄[38;2;97;126;132;48;2;99;129;135m▄[38;2;86;111;116;48;2;98;127;133m▄[0m[7m[38;2;97;126;132m▄[0m[38;2;71;82;85;48;2;95;124;130m▄[38;2;72;85;89;48;2;96;126;132m▄[38;2;73;86;89;48;2;95;124;130m▄[38;2;72;85;89;48;2;100;129;136m▄[38;2;74;87;90;48;2;103;132;138m▄[38;2;72;84;87;48;2;95;124;130m▄[38;2;77;89;92;48;2;93;121;128m▄[38;2;75;87;90;48;2;76;98;102m▄[0m[38;2;74;86;89m▄▄[0m [38;2;12;13;13m         [0m
 [38;2;0;0;0m    [0m [38;2;74;97;100;48;2;73;95;99m▄[38;2;68;91;96;48;2;94;124;130m▄[38;2;124;148;153;48;2;60;75;77m▄[38;2;143;167;172;48;2;133;157;162m▄[38;2;92;106;105;48;2;129;150;154m▄[0m         [7m[38;2;97;109;112m▄[0m[38;2;67;78;79m▄        [0m
 [38;2;0;0;0m    [0m [38;2;78;104;108;48;2;77;100;105m▄[38;2;63;81;84;48;2;59;77;82m▄[38;2;146;171;175;48;2;148;173;177m▄[38;2;141;167;172;48;2;144;168;173m▄[38;2;107;111;92;48;2;105;109;90m▄[38;2;237;217;137;48;2;237;218;138m▄[38;2;235;216;135;48;2;236;217;133m▄[38;2;164;151;89;48;2;160;148;92m▄[38;2;180;165;102;48;2;135;125;76m▄[0m[38;2;141;130;81m▄[38;2;239;218;136;48;2;223;205;128m▄[38;2;210;193;121;48;2;207;191;118m▄[38;2;138;129;81;48;2;122;115;72m▄[0m [38;2;99;93;59m [38;2;73;84;86m▄        [0m
 [38;2;0;0;0m    [0m [38;2;77;102;105;48;2;82;108;113m▄[38;2;96;125;131;48;2;76;101;106m▄[38;2;74;91;94;48;2;110;130;134m▄[38;2;112;131;135;48;2;152;176;181m▄[38;2;145;168;173;48;2;116;131;130m▄[38;2;122;139;141;48;2;146;133;80m▄[38;2;74;85;85;48;2;237;218;134m▄[38;2;77;88;88;48;2;238;220;138m▄[38;2;74;85;86;48;2;188;173;106m▄[0m [38;2;73;83;84;48;2;221;203;123m▄[38;2;81;90;90;48;2;238;218;131m▄[0m[7m[38;2;192;177;111m▄[0m [38;2;89;101;104m▄[0m [38;2;2;2;3m        [0m
 [38;2;0;0;0m    [0m [38;2;84;109;112;48;2;80;104;108m▄[38;2;94;123;129;48;2;98;127;133m▄[38;2;96;126;132;48;2;89;117;123m▄[38;2;95;125;130;48;2;69;91;94m▄[0m[38;2;93;123;129m▄[38;2;91;122;128m▄[38;2;92;123;129m▄[38;2;95;126;132m▄[38;2;97;127;132m▄[38;2;95;124;130m▄[38;2;92;121;126m▄[38;2;97;126;131m▄[0m   [38;2;0;0;0m         [0m
 [38;2;0;0;0m    [0m [38;2;82;106;110;48;2;81;105;109m▄[38;2;85;110;115;48;2;97;126;132m▄[38;2;100;98;70;48;2;84;109;114m▄[0m[7m[38;2;66;88;92m▄[0m[38;2;184;171;111;48;2;71;93;97m▄[0m[7m[38;2;73;95;99m▄[0m[38;2;180;165;100;48;2;69;92;96m▄[38;2;185;171;114;48;2;67;90;94m▄[38;2;114;106;68;48;2;71;93;98m▄[38;2;179;165;102m▄[38;2;118;110;70;48;2;72;93;98m▄[0m[7m[38;2;71;93;96m▄[0m [38;2;0;0;0m           [0m
 [38;2;0;0;0m    [0m [38;2;81;105;108;48;2;78;102;106m▄[38;2;58;75;77;48;2;59;74;77m▄[38;2;224;208;137;48;2;123;114;78m▄[0m[38;2;130;121;76m▄[38;2;232;216;144;48;2;134;124;76m▄[0m[38;2;135;127;85m▄[38;2;233;216;135;48;2;132;123;78m▄[38;2;233;215;135;48;2;132;123;79m▄[0m[38;2;140;131;84m▄[38;2;229;214;142;48;2;132;123;81m▄[0m[38;2;147;138;91m▄             [0m
 [38;2;0;0;0m    [0m [38;2;84;110;113;48;2;79;105;108m▄[38;2;95;125;130;48;2;81;107;111m▄[0m[38;2;76;100;105m▄[0m [7m[38;2;152;141;90m▄[0m [7m[38;2;145;134;85m▄[38;2;146;135;89m▄[0m [7m[38;2;140;130;82m▄[0m  [38;2;28;36;36m           [0m [0m
 [38;2;0;0;0m   [0m [38;2;72;88;91m▄[7m[38;2;83;109;112m▄[0m[38;2;56;69;72;48;2;97;126;132m▄[38;2;53;69;73;48;2;94;123;129m▄[38;2;49;65;68;48;2;96;126;132m▄[38;2;53;70;73;48;2;91;121;128m▄[38;2;52;68;71;48;2;96;126;132m▄[48;2;94;124;129m▄[38;2;52;68;70;48;2;97;127;132m▄[38;2;55;71;74;48;2;100;129;135m▄[38;2;53;68;71;48;2;95;125;131m▄[38;2;45;59;61;48;2;97;126;132m▄[0m[7m[38;2;75;97;100m▄[0m [38;2;57;66;67m           [0m
 [38;2;0;0;0m [38;2;61;75;77m▄[38;2;99;122;125;48;2;81;100;102m▄[38;2;111;135;140;48;2;104;127;131m▄[38;2;136;160;165;48;2;120;144;147m▄[38;2;134;160;165;48;2;131;157;162m▄[38;2;141;167;172;48;2;129;154;159m▄[38;2;138;165;170;48;2;134;158;162m▄[38;2;136;162;166;48;2;132;157;161m▄[38;2;136;162;167;48;2;126;151;155m▄[38;2;136;162;166m▄[38;2;134;161;165;48;2;128;153;156m▄[38;2;140;166;170;48;2;132;156;160m▄[38;2;138;164;168m▄[38;2;132;158;162;48;2;128;151;155m▄[38;2;134;160;164;48;2;131;156;159m▄[38;2;138;164;168;48;2;139;163;167m▄[38;2;135;160;164m▄[38;2;137;162;166;48;2;100;115;118m▄[0m[38;2;108;126;129m▄[0m [38;2;9;11;11m        [0m
  [38;2;44;58;61m▄[38;2;89;115;121m▄[38;2;56;71;74m▄[38;2;102;131;136;48;2;70;83;85m▄[38;2;88;116;121;48;2;66;78;81m▄[38;2;47;61;64;48;2;135;160;165m▄[38;2;47;62;64;48;2;136;162;168m▄[0m[7m[38;2;139;164;168m▄[38;2;134;160;165m▄[38;2;133;159;163m▄[0m[38;2;48;63;65;48;2;134;160;164m▄[0m[7m[38;2;138;164;168m▄[0m[38;2;47;62;64;48;2;136;162;166m▄[0m[7m[38;2;131;157;161m▄[0m[38;2;49;63;66;48;2;128;155;159m▄[38;2;60;79;82;48;2;105;126;129m▄[38;2;92;123;128;48;2;70;82;85m▄[38;2;94;124;129;48;2;65;80;82m▄[0m[38;2;99;129;135m▄[38;2;47;61;64m▄[0m [38;2;30;39;41m       [0m
[?25h