[?25l[0m [38;2;0;0;0m         [0m      [38;2;1;1;1m                    [0m
 [38;2;0;0;0m     [0m [38;2;97;102;112m▄[38;2;175;184;206m▄[38;2;175;185;207;48;2;97;102;110m▄[38;2;176;186;208;48;2;133;140;152m▄[38;2;177;187;208;48;2;141;148;162m▄[38;2;177;187;209;48;2;151;159;177m▄[38;2;176;187;208;48;2;149;159;178m▄[38;2;177;187;208;48;2;140;149;165m▄[38;2;176;187;208;48;2;107;112;122m▄[38;2;165;175;193;48;2;114;118;127m▄[38;2;166;175;195;48;2;78;81;88m▄[0m[38;2;159;168;188m▄[38;2;64;66;71m▄[0m [38;2;1;1;1m               [0m
 [38;2;0;0;0m     [38;2;92;97;106m▄[38;2;177;188;209;48;2;175;186;207m▄[38;2;178;188;209;48;2;176;186;208m▄[48;2;177;187;208m▄[48;2;177;187;209m [48;2;177;187;208m▄  [38;2;177;187;208;48;2;176;186;208m▄[38;2;176;187;208;48;2;175;186;208m▄[38;2;177;187;208;48;2;175;185;207m▄[38;2;157;167;185;48;2;140;147;163m▄[38;2;160;168;186;48;2;177;186;207m▄[38;2;177;187;207;48;2;166;175;192m▄[0m[38;2;93;98;107m▄               [0m
 [38;2;0;0;0m    [0m [38;2;90;95;103;48;2;108;113;122m▄[38;2;177;187;208;48;2;177;187;209m▄[48;2;178;188;209m     [38;2;178;188;209;48;2;177;188;209m▄▄[38;2;177;188;209;48;2;177;187;209m▄▄[38;2;176;187;209;48;2;175;187;208m▄[38;2;136;145;161;48;2;132;140;156m▄[38;2;180;189;209;48;2;175;185;206m▄[38;2;178;187;206;48;2;142;150;166m▄[0m [38;2;32;32;33m              [0m
 [38;2;0;0;0m     [7m[38;2;79;82;89m▄[0m[38;2;180;190;210;48;2;178;187;208m▄[38;2;178;187;208;48;2;178;188;208m▄[48;2;178;188;209m [38;2;179;188;209m▄▄[48;2;179;189;209m [38;2;179;189;210m▄[38;2;179;188;209;48;2;178;188;209m▄ [38;2;178;188;209;48;2;177;188;209m▄[38;2;179;189;209;48;2;178;188;209m▄[38;2;147;156;171;48;2;141;149;164m▄[38;2;171;181;201;48;2;180;190;210m▄[38;2;173;184;206;48;2;174;184;205m▄[38;2;109;113;122;48;2;65;68;72m▄[0m [38;2;8;8;8m             [0m
 [38;2;0;0;0m     [0m [38;2;155;163;184;48;2;177;186;208m▄[48;2;179;188;209m [38;2;180;189;209;48;2;179;189;209m▄[38;2;179;189;210;48;2;179;188;209m▄[38;2;140;148;165;48;2;179;188;208m▄[38;2;91;97;106;48;2;180;189;210m▄[38;2;151;160;171m▄[38;2;177;185;204;48;2;179;189;209m▄[38;2;181;190;210m▄[38;2;176;186;207m▄[38;2;177;187;207;48;2;177;187;208m▄[48;2;170;181;202m▄[38;2;178;188;207;48;2;172;182;204m▄[48;2;178;188;208m [38;2;175;185;208;48;2;181;191;211m▄[38;2;158;169;189;48;2;132;139;152m▄[0m [38;2;33;34;35m            [0m
 [38;2;0;0;0m     [0m [38;2;126;131;143;48;2;147;153;169m▄[38;2;177;187;208;48;2;178;188;209m▄[38;2;177;187;209;48;2;177;187;208m▄[38;2;179;189;210m▄[38;2;161;169;187;48;2;147;156;174m▄[38;2;15;18;11;48;2;26;31;17m▄[38;2;170;210;109;48;2;183;224;125m▄[38;2;182;226;116;48;2;154;188;108m▄[38;2;170;207;110;48;2;107;127;86m▄[38;2;178;217;118;48;2;121;137;116m▄[38;2;128;158;85;48;2;130;144;136m▄[38;2;4;5;2;48;2;120;127;139m▄[38;2;61;74;39;48;2;132;140;148m▄[38;2;187;231;120;48;2;142;158;142m▄[38;2;167;202;112;48;2;94;106;87m▄[38;2;87;98;67;48;2;68;76;56m▄[0m[38;2;87;98;67m             [0m
 [38;2;0;0;0m      [38;2;69;72;78;48;2;100;104;114m▄[38;2;180;190;210;48;2;179;189;209m▄[38;2;177;187;209;48;2;178;188;209m▄[38;2;177;187;208;48;2;177;187;209m▄[38;2;177;188;209;48;2;175;186;208m▄[38;2;177;187;208;48;2;162;172;191m▄[38;2;177;188;209;48;2;133;143;154m▄[48;2;132;146;140m▄[38;2;176;186;208;48;2;141;160;132m▄[38;2;175;186;208;48;2;142;163;121m▄[38;2;175;185;207;48;2;101;118;80m▄[38;2;175;185;205;48;2;10;11;13m▄[38;2;141;149;165;48;2;42;49;32m▄[38;2;182;191;212;48;2;153;173;125m▄[38;2;177;188;210;48;2;147;160;143m▄[0m [38;2;36;36;39m             [0m
 [38;2;0;0;0m      [38;2;71;74;79;48;2;55;57;60m▄[38;2;145;154;170;48;2;166;176;197m▄[38;2;150;159;176;48;2;177;187;209m▄[48;2;178;188;209m    [48;2;177;188;209m [38;2;177;188;209;48;2;177;187;208m▄[38;2;177;187;209;48;2;176;186;208m▄[48;2;177;187;208m [48;2;180;190;210m▄[38;2;138;147;163;48;2;139;147;161m▄[48;2;179;189;210m [38;2;179;189;209;48;2;174;186;207m▄[0m[38;2;70;72;77m▄             [0m
 [38;2;0;0;0m     [0m [38;2;129;135;146;48;2;136;142;155m▄[38;2;177;187;207;48;2;176;186;207m▄[38;2;142;151;166;48;2;144;152;168m▄[38;2;176;187;207;48;2;178;187;208m▄[38;2;177;187;208m▄[48;2;178;188;209m    [48;2;177;188;209m [48;2;177;187;209m▄[38;2;176;187;209;48;2;176;186;208m▄[38;2;139;148;164;48;2;129;138;154m▄[38;2;183;192;212;48;2;179;189;210m▄[38;2;181;190;210;48;2;183;192;211m▄[0m[38;2;91;95;100m▄             [0m
 [38;2;0;0;0m      [7m[38;2;67;69;73m▄[0m[38;2;104;109;118;48;2;159;168;185m▄[38;2;179;188;208;48;2;136;144;159m▄[38;2;178;188;208;48;2;177;187;208m▄[48;2;178;188;208m [38;2;170;179;199;48;2;179;188;209m▄[38;2;167;171;166;48;2;180;189;210m▄[38;2;161;162;143;48;2;182;192;211m▄[38;2;195;195;165;48;2;181;190;211m▄[38;2;155;156;137;48;2;176;187;208m▄[38;2;192;193;171;48;2;175;185;207m▄[38;2;173;174;154;48;2;180;190;210m▄[38;2;165;165;138;48;2;149;156;171m▄[38;2;168;169;142;48;2;189;197;216m▄[38;2;69;71;75;48;2;178;188;210m▄[0m[7m[38;2;84;88;96m▄[0m[38;2;18;18;18m             [0m
 [38;2;0;0;0m       [38;2;91;95;104;48;2;109;113;122m▄[38;2;179;189;208;48;2;181;190;210m▄[38;2;180;189;209;48;2;179;189;209m▄[48;2;180;190;210m [38;2;159;162;148;48;2;164;170;166m▄[38;2;199;197;157;48;2;247;246;199m▄[38;2;165;164;128;48;2;201;200;155m▄[38;2;211;210;170;48;2;249;248;193m▄[38;2;175;174;146;48;2;200;199;166m▄[38;2;212;212;173;48;2;250;250;211m▄[38;2;195;194;163;48;2;222;222;187m▄[38;2;187;186;159;48;2;216;216;171m▄[38;2;180;179;145;48;2;210;210;166m▄[0m [38;2;10;10;10m              [0m
 [38;2;0;0;0m       [7m[38;2;96;100;108m▄[0m[38;2;56;59;64;48;2;178;187;207m [38;2;178;188;208;48;2;180;189;209m▄[48;2;179;190;210m▄[38;2;172;183;204;48;2;152;157;154m▄[38;2;157;164;167;48;2;243;241;193m▄[38;2;158;160;149;48;2;201;200;161m▄[38;2;185;186;160;48;2;250;249;202m▄[38;2;156;156;135;48;2;196;196;158m▄[38;2;195;197;161;48;2;248;248;192m▄[38;2;179;180;153;48;2;227;226;192m▄[38;2;161;163;140;48;2;215;215;180m▄[38;2;171;172;148;48;2;210;211;167m▄[0m[38;2;75;77;83m▄[0m [38;2;10;10;10m             [0m
 [38;2;0;0;0m      [0m [38;2;61;64;69m▄[38;2;176;186;206;48;2;181;190;208m▄[38;2;177;186;207;48;2;179;188;208m▄[38;2;178;187;208;48;2;177;187;208m▄[38;2;171;179;197m▄[38;2;68;70;76;48;2;180;189;208m▄[38;2;100;105;115;48;2;181;190;208m▄[38;2;167;176;195;48;2;176;186;206m▄[38;2;182;191;210;48;2;180;190;210m▄[38;2;179;189;209;48;2;183;193;212m▄[38;2;176;187;208;48;2;176;188;209m▄[38;2;136;144;160;48;2;134;144;160m▄[38;2;110;116;128;48;2;172;183;204m▄[38;2;88;94;101;48;2;173;182;198m▄[0m [38;2;23;23;23m             [0m
 [38;2;0;0;0m    [0m [38;2;82;87;90;48;2;40;41;42m▄[38;2;83;89;92;48;2;69;72;74m▄[38;2;84;89;93;48;2;77;80;84m▄[38;2;84;89;92;48;2;101;107;115m▄[38;2;82;87;89;48;2;142;149;165m▄[38;2;68;71;75;48;2;182;191;208m▄[38;2;93;97;104;48;2;135;141;155m▄[38;2;19;19;19;48;2;22;21;21m▄[38;2;21;21;21;48;2;21;20;20m▄[38;2;20;20;20;48;2;33;34;35m▄[38;2;12;12;11;48;2;109;114;125m▄[38;2;23;23;22;48;2;91;96;107m▄[38;2;15;15;15;48;2;102;108;119m▄[38;2;18;17;17;48;2;43;45;47m▄[38;2;21;21;20;48;2;23;23;23m▄[38;2;15;15;14;48;2;18;18;18m▄[38;2;66;71;75;48;2;35;35;35m▄[0m[38;2;72;77;80m▄[38;2;56;58;60m▄[0m  [38;2;1;1;1m         [0m
 [38;2;0;0;0m     [38;2;81;87;90;48;2;83;88;91m▄[38;2;84;89;92;48;2;83;89;92m▄[48;2;84;89;92m [48;2;84;90;93m▄[48;2;85;90;93m▄[48;2;82;87;90m▄[38;2;75;79;82;48;2;61;65;67m▄[38;2;21;21;20;48;2;24;23;23m▄[38;2;21;21;21;48;2;21;21;21m▄[38;2;64;66;71;48;2;18;18;17m▄[38;2;143;152;169;48;2;13;13;13m▄[38;2;134;143;160;48;2;23;23;22m▄[38;2;154;163;179;48;2;20;19;19m▄[38;2;99;105;115;48;2;22;22;22m▄[38;2;27;28;30;48;2;20;20;20m▄[38;2;22;23;23;48;2;18;18;18m▄[38;2;85;91;94;48;2;74;79;83m▄[38;2;85;90;94;48;2;86;91;95m▄[48;2;86;92;95m▄[48;2;78;83;85m▄[38;2;71;76;78;48;2;56;58;59m▄[0m[38;2;141;150;168m▄[38;2;73;76;81m▄[0m [38;2;1;1;1m      [0m
 [38;2;0;0;0m    [0m [38;2;85;90;94;48;2;78;83;86m▄[38;2;87;92;95;48;2;85;90;93m▄ [38;2;85;91;94m▄[38;2;85;90;94m▄ [38;2;85;91;94;48;2;83;89;92m▄[38;2;85;90;93;48;2;56;60;62m▄[38;2;133;140;153;48;2;149;159;177m▄[38;2;177;187;207;48;2;179;188;208m▄[48;2;177;187;207m [38;2;178;188;208m▄[38;2;179;189;208;48;2;178;188;208m▄[38;2;178;188;209;48;2;176;186;207m▄[38;2;180;191;210;48;2;169;181;203m▄[38;2;105;111;120;48;2;93;100;109m▄[38;2;83;89;92;48;2;86;91;95m▄[38;2;86;91;94m▄[38;2;86;92;95;48;2;85;91;94m▄[38;2;86;91;95m▄[38;2;85;91;94;48;2;83;88;91m▄[38;2;114;121;131;48;2;126;134;147m▄[38;2;176;187;203;48;2;166;176;192m▄[0m[38;2;103;110;118m▄      [0m
 [38;2;0;0;0m    [0m                          [38;2;0;0;0m     [0m
[?25h