[?25l[0m                              [0m
 [38;2;0;0;0m                             [0m
 [38;2;0;0;0m                             [0m
  [38;2;117;106;84m▄[38;2;159;140;99m▄[38;2;163;143;96m▄[38;2;171;149;98m▄[38;2;176;153;101m▄[38;2;180;157;106m▄[38;2;185;162;108m▄[38;2;186;163;109m▄[38;2;184;160;108m▄[38;2;176;154;102m▄[38;2;172;151;102m▄[38;2;167;148;102m▄[38;2;158;140;99m▄[38;2;119;107;79m▄[0m [38;2;11;11;11m             [0m
 [38;2;52;48;38m▄[38;2;187;162;107;48;2;186;162;108m▄[38;2;155;134;87;48;2;192;167;111m▄[48;2;193;167;111m [38;2;193;168;112;48;2;194;168;113m▄[48;2;194;169;113m  [38;2;194;168;113;48;2;194;169;114m▄[38;2;193;168;113;48;2;194;169;113m▄[38;2;194;169;113;48;2;194;169;114m▄[38;2;193;168;113m▄[48;2;193;169;114m▄[48;2;194;169;115m▄[38;2;194;169;113;48;2;194;169;114m▄[38;2;195;170;114;48;2;194;170;116m▄[38;2;156;138;100;48;2;78;71;57m▄[0m [38;2;13;13;13m            [0m
 [38;2;59;54;41;48;2;55;51;41m▄[38;2;192;169;114;48;2;193;169;115m▄[38;2;178;155;103;48;2;157;136;90m▄[38;2;170;147;98;48;2;192;166;110m▄[38;2;194;168;111;48;2;193;167;111m▄[38;2;193;167;111;48;2;194;168;112m▄▄[48;2;193;168;112m  [38;2;193;168;112;48;2;193;168;113m▄[48;2;194;168;113m  [48;2;194;169;113m  [38;2;194;168;113;48;2;195;170;114m▄[38;2;193;168;112;48;2;189;164;111m▄[0m[38;2;82;74;57m▄            [0m
 [38;2;87;75;53;48;2;62;54;33m▄[38;2;166;144;93;48;2;183;158;103m▄[38;2;187;162;105;48;2;187;162;104m▄[38;2;151;130;85;48;2;152;131;86m▄[38;2;192;166;112;48;2;195;168;113m▄[38;2;193;168;112;48;2;194;168;111m▄[38;2;193;167;111;48;2;193;168;112m▄   [38;2;194;168;113;48;2;193;168;113m▄[38;2;193;168;113;48;2;194;169;113m▄ [48;2;193;169;113m▄[38;2;194;169;114;48;2;194;168;113m▄[38;2;195;171;116m▄[38;2;156;139;100;48;2;127;114;86m▄[0m [38;2;12;12;12m           [0m
 [38;2;100;85;56;48;2;91;77;50m▄[38;2;148;128;82;48;2;157;136;89m▄[38;2;187;162;106;48;2;188;163;107m▄[38;2;186;162;105;48;2;174;151;97m▄[38;2;166;144;95;48;2;156;135;89m▄[38;2;196;170;114;48;2;192;166;111m▄[38;2;195;170;114;48;2;193;168;112m▄[38;2;194;169;113;48;2;193;168;113m▄[38;2;194;169;114m▄[38;2;195;169;114;48;2;193;169;113m▄[38;2;195;169;113;48;2;193;168;112m▄▄[38;2;196;170;114m▄[38;2;195;170;114;48;2;193;168;113m▄[38;2;194;169;113;48;2;194;169;114m▄[38;2;192;167;110;48;2;195;170;114m▄[38;2;194;169;111;48;2;171;150;100m▄[0m[38;2;90;81;59m▄[0m [38;2;1;1;1m          [0m
 [38;2;169;145;91;48;2;103;91;64m▄[38;2;169;145;90;48;2;129;110;69m▄[38;2;150;130;83;48;2;184;159;103m▄[38;2;190;166;109;48;2;191;168;112m▄[38;2;161;141;93;48;2;165;144;97m▄[38;2;140;120;83;48;2;123;106;74m▄[38;2;10;10;6;48;2;26;21;13m▄[38;2;169;168;129;48;2;28;23;14m▄[38;2;155;154;112m▄[38;2;81;79;57;48;2;26;22;13m▄[38;2;110;109;84;48;2;25;21;13m▄[38;2;34;33;25;48;2;28;23;14m▄[38;2;2;1;0;48;2;29;24;15m▄[38;2;41;40;29m▄[38;2;107;107;82;48;2;27;23;14m▄[38;2;85;84;57;48;2;27;22;13m▄[38;2;136;136;100;48;2;29;25;15m▄[38;2;47;47;34;48;2;33;28;19m▄[38;2;4;4;4;48;2;32;32;31m▄[0m [38;2;20;20;20m         [0m
[38;2;59;53;39;48;2;83;76;62m▄[38;2;166;141;88;48;2;167;143;89m▄[38;2;166;140;86;48;2;172;147;93m▄[38;2;135;115;72;48;2;146;125;78m▄[38;2;190;164;107;48;2;188;164;105m▄[38;2;191;167;110;48;2;181;158;102m▄[38;2;166;144;98;48;2;157;135;93m▄[38;2;39;33;23;48;2;16;15;9m▄[38;2;65;64;45;48;2;235;234;173m▄[38;2;122;122;82;48;2;251;249;168m▄[38;2;134;133;94;48;2;206;205;145m▄[38;2;135;135;101;48;2;251;249;190m▄[38;2;24;24;18;48;2;103;102;79m▄[38;2;1;1;0;48;2;2;2;1m▄[38;2;48;47;34;48;2;142;142;100m▄[38;2;138;138;98;48;2;250;250;183m▄[38;2;141;141;99;48;2;208;207;151m▄[38;2;123;122;84;48;2;248;248;178m▄[38;2;22;22;17;48;2;98;98;69m▄[38;2;6;5;5;48;2;2;2;2m▄[0m [38;2;24;24;24m         [0m
 [38;2;79;71;55;48;2;162;137;88m▄[38;2;129;109;67;48;2;156;132;82m▄[38;2;171;147;97;48;2;141;120;77m▄[48;2;189;164;107m [38;2;186;161;104;48;2;188;164;107m▄[38;2;178;154;101;48;2;172;149;99m▄[38;2;217;190;135;48;2;150;130;91m▄[38;2;219;192;138;48;2;49;43;31m▄[38;2;221;193;139;48;2;44;39;28m▄[38;2;221;194;138;48;2;38;34;24m▄[38;2;220;192;137;48;2;33;28;20m▄[48;2;31;26;18m▄▄[48;2;31;27;19m▄[38;2;221;192;137;48;2;32;28;19m▄[38;2;221;193;138;48;2;31;27;19m▄[38;2;221;195;140;48;2;30;27;19m▄[38;2;118;104;79;48;2;31;27;18m▄[0m[7m[38;2;33;33;34m▄[0m [38;2;0;0;0m         [0m
 [38;2;70;62;43;48;2;77;69;50m▄[38;2;146;123;71;48;2;135;113;67m▄[38;2;140;119;75;48;2;160;137;87m▄[38;2;188;163;106;48;2;191;165;109m▄[48;2;190;165;109m [38;2;158;137;91;48;2;162;141;96m▄[38;2;219;192;137;48;2;217;190;135m▄[38;2;218;191;137;48;2;218;190;137m▄▄[38;2;218;191;138;48;2;218;191;137m▄[48;2;217;190;137m▄[48;2;218;190;137m▄[38;2;218;192;138;48;2;218;191;137m▄[38;2;219;192;138;48;2;218;190;137m▄[38;2;219;191;138m▄[38;2;218;191;137;48;2;219;192;138m▄[38;2;219;192;138;48;2;221;194;142m▄[38;2;59;55;48;48;2;66;61;51m▄[0m[38;2;59;55;48m           [0m
  [38;2;169;143;88;48;2;171;146;92m▄[38;2;147;125;78;48;2;146;124;78m▄[38;2;191;165;108;48;2;189;164;106m▄[38;2;192;166;110;48;2;191;166;109m▄[38;2;159;138;90;48;2;156;136;90m▄[38;2;219;193;138;48;2;220;194;138m▄[48;2;219;192;137m [38;2;220;193;138;48;2;219;193;138m▄[38;2;220;193;139;48;2;219;192;138m▄▄[38;2;220;193;140m▄[38;2;220;194;140;48;2;219;192;139m▄[38;2;220;193;139m▄[48;2;219;192;138m▄[38;2;219;193;139m▄[38;2;222;197;145;48;2;221;194;142m▄[0m[7m[38;2;60;56;49m▄[0m[38;2;48;45;38m           [0m
  [38;2;153;133;85;48;2;164;140;89m▄[38;2;152;132;83;48;2;150;130;82m▄[38;2;192;167;108;48;2;192;166;109m▄[38;2;192;166;109;48;2;191;166;109m▄[38;2;156;135;90;48;2;159;138;90m▄[38;2;219;189;133;48;2;220;193;138m▄[38;2;184;165;118;48;2;220;192;138m▄[38;2;177;159;115;48;2;220;193;139m▄[38;2;178;160;118;48;2;221;194;141m▄[38;2;182;163;117m▄[38;2;176;157;112;48;2;221;194;140m▄[38;2;181;162;118;48;2;221;194;141m▄[38;2;178;161;118;48;2;221;195;142m▄[38;2;183;164;121;48;2;220;194;141m▄[38;2;178;159;116;48;2;220;192;139m▄[38;2;178;160;124;48;2;220;193;139m▄[0m [38;2;28;26;24m           [0m
  [38;2;133;116;78;48;2;140;121;78m▄[38;2;140;120;74;48;2;145;125;76m▄[38;2;191;166;108;48;2;192;167;107m▄[48;2;191;167;109m [38;2;165;145;97;48;2;158;138;91m▄[38;2;198;188;140;48;2;182;167;118m▄[38;2;204;202;155;48;2;237;235;177m▄[38;2;211;209;162;48;2;214;214;171m▄[38;2;225;224;161;48;2;226;224;172m▄[38;2;209;208;151;48;2;225;224;163m▄[38;2;198;197;150;48;2;198;198;153m▄[38;2;238;235;168;48;2;252;251;187m▄[38;2;184;183;136;48;2;183;183;134m▄[38;2;203;202;147;48;2;220;219;159m▄[38;2;193;193;158;48;2;195;194;155m▄[0m [38;2;18;18;18m            [0m
  [38;2;98;83;53;48;2;131;115;81m▄[38;2;131;111;67;48;2;140;119;73m▄[38;2;180;154;99;48;2;189;163;106m▄[38;2;185;159;103;48;2;188;163;106m▄[38;2;179;155;101;48;2;167;146;97m▄[38;2;216;188;130;48;2;193;176;127m▄[38;2;189;167;119;48;2;227;226;171m▄[38;2;173;154;111;48;2;213;212;160m▄[38;2;173;155;113;48;2;234;233;173m▄[38;2;168;150;107;48;2;249;249;179m▄[38;2;160;141;99;48;2;193;192;140m▄[38;2;164;146;103;48;2;232;231;168m▄[38;2;167;149;109;48;2;191;190;150m▄[38;2;177;159;116;48;2;216;216;168m▄[38;2;170;150;104;48;2;183;183;145m▄[0m[38;2;124;109;80m▄            [0m
[38;2;179;158;111m▄[38;2;198;173;118m▄[38;2;145;125;80;48;2;110;95;61m▄[38;2;137;115;67;48;2;147;125;75m▄[38;2;142;119;69;48;2;109;93;57m▄[38;2;164;138;85;48;2;153;131;83m▄[38;2;144;122;75;48;2;195;169;114m▄[38;2;147;126;80;48;2;217;189;133m▄[38;2;153;132;86;48;2;214;187;130m▄[38;2;155;134;89;48;2;215;189;133m▄[38;2;153;131;85;48;2;215;187;131m▄[38;2;150;129;83;48;2;212;184;127m▄[38;2;160;137;88;48;2;212;184;128m▄[38;2;146;125;79;48;2;214;185;129m▄[38;2;135;114;72m▄[38;2;135;114;71;48;2;215;186;130m▄[38;2;135;117;79;48;2;220;189;133m▄[38;2;159;140;96;48;2;151;135;104m▄[0m[38;2;138;124;91m▄[38;2;97;88;69m▄[0m [38;2;36;34;29m         [0m
[38;2;197;171;114;48;2;198;172;117m▄[38;2;199;174;119;48;2;198;173;117m▄[38;2;201;176;120;48;2;200;175;119m▄[38;2;202;177;121;48;2;165;144;100m▄[38;2;201;176;121;48;2;144;124;78m▄[48;2;136;115;69m▄[38;2;165;145;99;48;2;156;131;78m▄[38;2;150;130;88;48;2;168;142;84m▄[38;2;147;129;84;48;2;169;143;85m▄[38;2;146;127;81;48;2;166;139;82m▄[38;2;149;129;83;48;2;168;141;83m▄[38;2;153;133;87;48;2;173;146;86m▄[38;2;150;130;87;48;2;172;143;85m▄[38;2;153;134;91;48;2;148;123;69m▄[38;2;186;164;112;48;2;126;105;60m▄[38;2;202;177;122;48;2;133;113;72m▄[48;2;188;164;112m▄[48;2;201;175;120m▄[38;2;202;177;123;48;2;201;176;121m▄[38;2;202;178;123;48;2;204;179;126m▄[38;2;204;180;126;48;2;203;178;126m▄[38;2;164;143;98;48;2;70;64;52m▄[0m[38;2;118;98;58m▄[38;2;105;93;66m▄[0m [38;2;15;15;14m     [0m
[38;2;109;93;61;48;2;166;145;99m▄[38;2;203;178;124;48;2;202;177;122m▄[38;2;200;175;119;48;2;201;176;120m▄[38;2;201;176;120;48;2;201;176;121m▄  [48;2;200;175;120m▄[38;2;200;175;120;48;2;200;174;119m▄[38;2;200;175;119;48;2;199;174;118m▄[48;2;200;174;119m▄[38;2;201;176;120;48;2;201;176;121m▄▄[38;2;201;176;121;48;2;201;176;120m▄[38;2;201;177;121;48;2;201;176;121m▄[38;2;201;177;122;48;2;201;176;122m▄ [38;2;201;176;121m▄[48;2;201;177;122m▄[48;2;202;177;122m▄▄[48;2;202;177;123m [38;2;202;177;123;48;2;198;174;119m▄[38;2;126;107;65;48;2;125;105;60m▄[38;2;160;133;75;48;2;155;130;74m▄[38;2;113;99;66;48;2;70;62;42m▄[0m [38;2;7;7;7m    [0m
[?25h