[?25l[0m[7m[38;2;49;49;20m▄[38;2;51;50;18m▄[38;2;78;78;42m▄[38;2;75;74;38m▄[38;2;70;69;32m▄[38;2;53;53;32m▄[38;2;72;72;52m▄[38;2;75;75;54m▄[38;2;149;147;124m▄[38;2;188;185;148m▄[38;2;188;185;144m▄[38;2;189;186;145m▄[38;2;190;187;149m▄[38;2;189;187;151m▄[38;2;189;185;146m▄[38;2;189;185;142m▄[38;2;188;184;140m▄[38;2;189;185;142m▄[38;2;190;186;147m▄[38;2;189;186;149m▄[38;2;188;184;145m▄[38;2;166;163;135m▄[38;2;37;36;16m▄[38;2;37;37;16m▄[38;2;61;60;28m▄[38;2;55;54;28m▄[38;2;53;52;17m▄[38;2;60;58;26m▄[38;2;53;51;29m▄[0m [0m
 [38;2;0;0;0m          [0m     [38;2;7;7;7m              [0m
 [38;2;0;0;0m    [0m [38;2;106;112;115m▄[38;2;134;142;146m▄[48;2;64;67;67m▄[48;2;79;83;84m▄[38;2;135;143;147;48;2;117;121;123m▄[48;2;100;106;108m▄[48;2;101;108;110m▄[38;2;136;143;147;48;2;103;109;112m▄[38;2;136;144;148;48;2;101;106;109m▄[38;2;137;145;149;48;2;105;110;112m▄[48;2;120;124;125m▄[38;2;136;144;149;48;2;75;78;79m▄[38;2;136;145;149;48;2;52;54;55m▄[0m[38;2;128;136;140m▄[38;2;100;106;108m▄[38;2;50;51;51m▄[0m [38;2;8;8;8m       [0m
 [38;2;0;0;0m    [38;2;96;101;103;48;2;74;78;79m▄[38;2;133;141;144;48;2;132;141;144m▄[38;2;134;141;145;48;2;133;141;145m▄[48;2;135;142;146m [38;2;135;143;147m▄[48;2;135;143;147m [48;2;136;144;147m [48;2;136;144;148m▄  [48;2;137;145;149m     [48;2;136;144;148m [38;2;134;142;147;48;2;133;141;146m▄[38;2;83;87;88;48;2;71;74;75m▄[0m[38;2;83;87;88m       [0m
 [38;2;0;0;0m   [0m [38;2;109;114;117;48;2;92;97;99m▄[38;2;135;143;146;48;2;134;142;145m▄▄[48;2;135;142;146m [48;2;135;143;146m [38;2;136;143;147;48;2;135;143;147m▄[38;2;135;143;147;48;2;136;144;147m▄[48;2;136;143;147m [38;2;136;144;147;48;2;136;144;148m▄ [38;2;137;144;148;48;2;137;145;148m▄[48;2;137;144;148m [48;2;137;145;149m▄[48;2;137;145;148m▄[38;2;136;144;148;48;2;137;145;149m▄[38;2;137;145;149;48;2;136;144;148m▄[38;2;139;147;151;48;2;137;145;149m▄[38;2;63;65;66;48;2;90;93;95m▄[0m[38;2;63;65;66m       [0m
 [38;2;0;0;0m [0m [38;2;62;64;66m▄[38;2;118;124;128m▄[38;2;110;115;118;48;2;110;116;119m▄[38;2;105;110;112;48;2;137;144;148m▄[38;2;126;132;134;48;2;135;143;147m▄[38;2;136;144;147;48;2;136;143;147m▄[38;2;134;141;145m▄[38;2;135;142;146m▄  [38;2;136;143;146;48;2;137;144;147m▄[48;2;136;144;147m▄[48;2;137;144;148m▄[38;2;137;144;147m▄ [38;2;139;146;150;48;2;138;145;149m▄ [38;2;136;144;148m▄[38;2;133;142;146;48;2;136;144;148m▄[0m[7m[38;2;61;63;64m▄[0m[38;2;37;38;38m       [0m
 [38;2;0;0;0m [0m [38;2;30;32;32;48;2;106;114;118m▄[38;2;6;6;5;48;2;134;141;145m▄[38;2;27;29;30;48;2;141;149;154m▄[38;2;60;63;64;48;2;138;146;151m▄[38;2;82;86;90;48;2;119;127;130m▄[38;2;105;111;114;48;2;104;110;113m▄[38;2;129;136;139;48;2;105;110;113m▄[38;2;138;146;151;48;2;109;114;116m▄[38;2;139;147;153m▄[38;2;136;145;150;48;2;107;113;115m▄[38;2;138;146;151;48;2;103;109;112m▄[38;2;140;148;152;48;2;105;111;114m▄[38;2;138;145;149;48;2;107;113;115m▄[38;2;134;142;146;48;2;108;114;116m▄[38;2;109;116;119;48;2;106;112;114m▄[38;2;118;125;130;48;2;96;101;103m▄[38;2;110;116;119;48;2;98;102;104m▄[38;2;140;147;151;48;2;138;145;149m▄[38;2;127;134;137;48;2;135;144;146m▄[0m [38;2;29;28;29m       [0m
 [38;2;0;0;0m [38;2;54;56;58;48;2;56;58;59m▄[38;2;3;4;3;48;2;12;13;13m▄[38;2;158;188;124;48;2;36;42;27m▄[38;2;202;243;157;48;2;147;173;118m▄[38;2;194;238;147;48;2;54;65;41m▄[38;2;117;146;89;48;2;2;2;2m▄[38;2;11;14;8;48;2;1;1;1m▄[38;2;0;1;0;48;2;2;2;2m▄[38;2;1;2;1;48;2;4;5;4m▄[38;2;35;44;28;48;2;16;17;17m▄[38;2;87;109;69;48;2;31;32;34m▄[38;2;120;151;95;48;2;42;45;45m▄[38;2;24;30;18;48;2;47;50;52m▄[38;2;7;8;8;48;2;58;61;63m▄[38;2;133;141;145;48;2;130;139;143m▄[38;2;139;148;151;48;2;138;146;150m▄[38;2;143;151;154;48;2;140;148;152m▄[38;2;104;110;112;48;2;106;113;115m▄[38;2;133;142;145;48;2;136;144;148m▄[38;2;107;115;116;48;2;110;117;120m▄[0m [38;2;16;16;16m       [0m
 [38;2;0;0;0m [38;2;70;72;73;48;2;77;79;80m▄[38;2;1;2;1;48;2;5;6;4m▄[38;2;121;149;91;48;2;175;214;134m▄[38;2;195;242;152;48;2;172;213;132m▄[38;2;197;243;153;48;2;151;188;114m▄[38;2;195;240;152;48;2;197;243;153m▄[38;2;47;58;36;48;2;95;115;74m▄[38;2;8;10;6;48;2;6;7;4m▄[38;2;184;229;143;48;2;139;175;106m▄[38;2;172;217;130;48;2;188;233;146m▄[38;2;157;195;120;48;2;181;222;138m▄[38;2;194;240;153;48;2;195;242;154m▄[38;2;136;171;107;48;2;118;145;94m▄[38;2;40;42;43;48;2;24;26;26m▄[38;2;141;148;153;48;2;138;146;151m▄[38;2;138;146;151;48;2;137;146;150m▄[38;2;128;137;140;48;2;135;144;148m▄[38;2;114;120;123;48;2;106;112;115m▄[38;2;139;146;150;48;2;138;145;149m▄[38;2;96;100;101;48;2;117;122;124m▄[0m [38;2;0;0;0m       [0m
 [38;2;0;0;0m [7m[38;2;94;97;100m▄[0m[38;2;89;92;93;48;2;73;76;79m▄[38;2;113;117;119;48;2;46;50;46m▄[38;2;129;136;138;48;2;117;139;97m▄[38;2;113;120;123;48;2;146;178;118m▄[38;2;85;91;93;48;2;68;82;53m▄[38;2;61;65;67;48;2;1;2;1m▄[38;2;50;54;57;48;2;2;3;1m▄[38;2;42;48;42;48;2;142;170;113m▄[38;2;115;137;94;48;2;197;241;154m▄[38;2;131;160;103;48;2;189;238;145m▄[38;2;80;99;61;48;2;188;238;146m▄[38;2;3;4;2;48;2;79;98;62m▄[38;2;70;74;76;48;2;54;56;58m▄[38;2;138;146;151;48;2;141;149;153m▄[48;2;140;148;153m [38;2;111;117;120;48;2;120;127;131m▄[38;2;132;140;144;48;2;125;132;135m▄[38;2;131;139;144;48;2;135;143;146m▄[38;2;69;71;72;48;2;90;94;95m▄[0m[38;2;69;71;72m        [0m
 [38;2;0;0;0m   [0m [38;2;131;141;145;48;2;116;123;126m▄[38;2;133;141;146;48;2;107;114;117m▄[38;2;134;142;146;48;2;105;112;115m▄[38;2;135;143;147;48;2;101;107;110m▄[38;2;138;146;149;48;2;105;111;114m▄[38;2;131;139;141;48;2;109;117;120m▄[38;2;117;124;126;48;2;124;133;136m▄[38;2;108;115;118;48;2;134;143;145m▄[38;2;108;114;116;48;2;130;137;141m▄[38;2;109;116;118;48;2;115;121;126m▄[38;2;111;118;121;48;2;139;146;150m▄[38;2;105;111;113;48;2;140;147;150m▄[38;2;93;99;100;48;2;137;145;149m▄[38;2;84;88;91;48;2;103;108;111m▄[38;2;133;141;145;48;2;137;145;149m▄[38;2;135;143;146;48;2;134;142;146m▄[0m[7m[38;2;46;48;49m▄[0m[38;2;41;42;42m        [0m
 [38;2;0;0;0m   [38;2;41;42;43;48;2;44;45;45m▄[38;2;132;140;145;48;2;133;142;146m▄[38;2;137;145;150;48;2;135;143;147m▄[38;2;137;145;149;48;2;136;144;148m▄[38;2;135;143;147;48;2;136;144;147m▄[48;2;136;143;147m [38;2;136;144;147;48;2;135;143;147m▄[38;2;136;143;147;48;2;134;142;146m▄[48;2;135;143;147m [38;2;135;143;147;48;2;136;144;148m▄[38;2;135;144;147;48;2;135;143;147m▄[38;2;134;142;147;48;2;134;142;146m▄[38;2;135;143;147m▄[48;2;134;143;147m▄[48;2;136;144;148m [38;2;137;145;149;48;2;137;144;148m▄[38;2;124;132;135;48;2;135;142;145m▄[0m [38;2;19;19;19m        [0m
 [38;2;0;0;0m   [0m [7m[38;2;43;44;42m▄[0m[38;2;174;223;148;48;2;122;142;118m▄[38;2;141;182;117;48;2;111;122;117m▄[38;2;172;233;140;48;2;110;118;118m▄[38;2;121;159;101;48;2;125;133;136m▄[38;2;135;174;118;48;2;135;143;146m▄[38;2;147;184;133;48;2;138;146;149m▄[38;2;118;142;109;48;2;137;145;149m▄[38;2;123;142;120;48;2;135;143;149m▄[38;2;133;140;144;48;2;136;144;148m▄[38;2;137;145;148;48;2;136;144;147m▄[48;2;135;143;147m [38;2;135;143;146m▄ [38;2;137;145;149;48;2;136;144;148m▄[38;2;115;121;124;48;2;115;123;125m▄[0m [38;2;11;11;12m        [0m
 [38;2;0;0;0m    [0m [38;2;172;228;143;48;2;147;194;124m▄[38;2;137;178;115;48;2;102;130;84m▄[38;2;184;240;156;48;2;141;185;116m▄[38;2;141;183;119;48;2;112;145;92m▄[38;2;180;235;150;48;2;136;175;115m▄[38;2;164;225;136;48;2;145;190;121m▄[38;2;123;159;102;48;2;120;153;99m▄[38;2;158;205;132;48;2;166;212;136m▄[38;2;138;180;117;48;2;112;132;108m▄[38;2;131;139;143;48;2;137;145;149m▄[38;2;135;143;147;48;2;134;142;146m▄[38;2;136;143;147;48;2;135;143;146m▄[38;2;136;144;147;48;2;136;144;148m▄[38;2;135;143;147;48;2;137;145;148m▄[38;2;99;104;105;48;2;102;108;110m▄[0m [38;2;0;0;0m        [0m
 [38;2;0;0;0m   [0m [38;2;110;121;115;48;2;57;64;53m▄[38;2;136;171;122;48;2;143;186;124m▄[38;2;150;191;124;48;2;117;147;95m▄[38;2;179;241;143;48;2;145;185;119m▄[38;2;128;169;102;48;2;100;130;81m▄[38;2;169;230;136;48;2;141;188;114m▄[38;2;161;216;132;48;2;148;206;120m▄[38;2;128;162;104;48;2;133;170;110m▄[38;2;152;197;123;48;2;177;228;147m▄[38;2;102;117;99;48;2;140;184;116m▄[38;2;134;142;146;48;2;128;136;140m▄[48;2;135;143;146m▄[38;2;135;143;146;48;2;136;143;146m▄[38;2;135;142;146;48;2;136;143;147m▄[38;2;135;143;147;48;2;133;142;145m▄[38;2;80;83;84;48;2;78;82;84m▄[0m[38;2;80;83;84m         [0m
 [38;2;0;0;0m  [0m [38;2;38;40;41m▄[38;2;130;139;144;48;2;133;142;145m▄[38;2;134;142;146;48;2;129;139;142m▄[38;2;133;142;145;48;2;105;114;114m▄[38;2;134;142;146;48;2;107;123;110m▄[38;2;137;145;149;48;2;104;121;101m▄[38;2;138;146;150;48;2;130;157;118m▄[38;2;138;146;149;48;2;129;157;117m▄[38;2;134;142;146;48;2;109;128;100m▄[38;2;132;141;145;48;2;111;129;110m▄[38;2;136;143;148;48;2;130;140;143m▄[48;2;136;144;148m [38;2;135;143;147;48;2;135;143;146m▄[48;2;134;142;146m ▄[38;2;139;147;151;48;2;136;144;148m▄[38;2;58;60;60;48;2;64;67;67m▄[0m [38;2;0;0;0m        [0m
 [38;2;83;87;89m▄[38;2;150;160;165m▄[38;2;161;171;178;48;2;121;127;131m▄[38;2;159;169;176;48;2;130;138;144m▄[38;2;155;165;171;48;2;101;107;110m▄[38;2;121;128;132;48;2;130;137;140m▄[38;2;115;121;123;48;2;137;144;147m▄[38;2;106;111;113;48;2;138;145;148m▄[38;2;101;106;109;48;2;137;144;149m▄[38;2;105;112;115;48;2;136;144;148m▄[38;2;117;123;126;48;2;135;143;147m▄[38;2;123;129;132m▄[38;2;120;127;129;48;2;136;144;148m▄[38;2;106;113;115;48;2;135;144;148m▄[38;2;98;104;107;48;2;135;143;147m▄[38;2;101;107;109;48;2;134;143;147m▄[38;2;112;119;122;48;2;135;143;147m▄[38;2;116;123;127;48;2;138;146;149m▄[38;2;151;161;167;48;2;113;119;122m▄[38;2;156;167;174;48;2;120;128;132m▄[48;2;76;80;82m▄[0m[38;2;117;123;127m▄[0m [38;2;24;24;25m      [0m
[38;2;123;131;135;48;2;115;120;123m▄[38;2;139;149;154;48;2;148;157;162m▄[38;2;158;169;175;48;2;157;167;174m▄[38;2;162;171;177;48;2;160;170;177m▄[38;2;162;172;177;48;2;161;171;177m▄ [38;2;160;170;176m▄[48;2;159;170;176m▄ [38;2;159;169;175;48;2;156;166;172m▄[48;2;147;157;162m▄[38;2;159;170;176;48;2;138;147;152m▄[38;2;159;169;175;48;2;138;145;150m▄[48;2;139;147;152m▄[38;2;158;168;174;48;2;147;157;162m▄[38;2;159;168;174;48;2;153;163;170m▄[38;2;159;168;175;48;2;158;168;174m▄[38;2;159;169;175;48;2;159;168;174m▄ [38;2;158;168;174;48;2;157;167;174m▄[48;2;157;167;173m▄[48;2;159;169;175m▄[38;2;159;169;175;48;2;162;171;177m▄[38;2;159;169;176;48;2;138;146;151m▄[0m[38;2;144;154;159m▄[38;2;58;60;61m▄    [0m
[38;2;134;143;148;48;2;127;136;140m▄[38;2;137;146;149;48;2;126;135;138m▄[38;2;129;137;140;48;2;154;164;170m▄[38;2;130;139;142;48;2;162;172;178m▄[38;2;146;155;160m▄[48;2;160;170;176m  [38;2;161;170;176;48;2;161;171;177m▄[38;2;161;171;177;48;2;160;170;176m▄[38;2;161;172;177m▄[38;2;161;171;177;48;2;160;171;176m▄[48;2;160;170;176m▄ [38;2;160;170;176;48;2;159;170;175m▄[48;2;159;169;175m [38;2;159;169;174;48;2;158;168;174m▄[38;2;159;168;174;48;2;159;169;174m▄[38;2;158;168;174;48;2;159;169;175m▄[38;2;157;167;174;48;2;158;168;174m▄[38;2;158;168;174;48;2;159;169;175m▄ [38;2;155;164;169m▄[38;2;135;143;147;48;2;158;168;174m▄[38;2;117;125;128;48;2;155;165;170m▄[38;2;127;138;143;48;2;125;133;137m▄[38;2;77;82;85;48;2;76;81;84m▄[0m[38;2;37;38;38m▄[0m  [38;2;1;1;1m [0m
[?25h