[?25l[0m [38;2;0;0;0m [0m    [7m[38;2;38;41;25m▄[38;2;35;36;28m▄[38;2;49;49;42m▄[38;2;60;60;46m▄[38;2;184;179;134m▄[38;2;183;177;128m▄[38;2;187;181;125m▄[38;2;216;211;151m▄[38;2;185;180;127m▄[38;2;184;179;128m▄[38;2;183;177;126m▄[38;2;196;190;134m▄[38;2;194;188;131m▄[38;2;183;178;120m▄[38;2;181;177;119m▄[38;2;181;176;125m▄[38;2;182;178;135m▄[38;2;138;135;106m▄[38;2;24;24;19m▄[38;2;37;39;25m▄[0m    [0m
 [38;2;0;0;0m                             [0m
 [38;2;0;0;0m   [0m [38;2;54;59;57m▄[38;2;79;91;87m▄[38;2;107;124;118m▄[38;2;123;141;135;48;2;42;45;44m▄[38;2;119;139;132;48;2;48;52;51m▄[38;2;119;138;132;48;2;77;82;80m▄[38;2;119;139;133;48;2;76;82;79m▄[38;2;120;140;133;48;2;67;72;70m▄[38;2;122;141;135;48;2;49;53;51m▄[38;2;121;140;133;48;2;35;37;36m▄[0m[38;2;96;110;105m▄[38;2;81;90;86m▄[38;2;40;43;42m▄[0m [38;2;13;13;13m           [0m
 [38;2;0;0;0m [0m [38;2;92;106;101m▄[38;2;122;141;133;48;2;83;95;90m▄[38;2;121;140;133;48;2;122;140;133m▄[38;2;121;141;133;48;2;121;140;133m▄[38;2;120;140;133;48;2;119;139;132m▄[38;2;121;140;133;48;2;120;139;132m▄[48;2;120;140;133m▄[48;2;120;140;132m▄[48;2;121;140;133m [48;2;121;141;134m  [48;2;122;141;134m [38;2;121;141;134m▄▄[38;2;122;141;134;48;2;120;139;133m▄[38;2;122;142;135;48;2;81;92;88m▄[0m[38;2;92;105;100m▄[0m [38;2;30;30;30m         [0m
  [38;2;111;129;123;48;2;69;79;76m▄[38;2;122;142;134;48;2;121;141;134m▄[38;2;122;141;134;48;2;121;141;133m▄▄  [38;2;121;141;133;48;2;121;140;133m▄[48;2;121;141;133m  [38;2;122;141;134m▄[38;2;122;142;134;48;2;121;141;134m▄  [38;2;121;141;134;48;2;122;142;134m▄[48;2;121;141;134m [38;2;122;141;134;48;2;121;141;135m▄[48;2;122;142;135m▄[38;2;121;141;134;48;2;123;143;136m▄[38;2;98;117;111;48;2;74;83;80m▄[0m [38;2;32;32;33m        [0m
 [38;2;73;78;77;48;2;58;62;60m▄[38;2;124;143;136;48;2;122;142;135m▄[38;2;123;142;135;48;2;122;142;134m▄ [48;2;122;141;134m [38;2;121;141;133;48;2;122;141;133m▄[38;2;122;142;134;48;2;121;141;133m▄[38;2;122;141;134m▄▄▄[48;2;122;141;134m [48;2;122;142;134m▄[38;2;123;141;135;48;2;122;141;134m▄ [38;2;122;141;134;48;2;121;141;134m▄ [38;2;121;140;134m▄▄[38;2;120;140;134;48;2;120;140;133m▄[38;2;121;140;134;48;2;114;133;127m▄[0m[38;2;57;58;58m▄        [0m
 [38;2;45;49;48;48;2;65;70;68m▄[38;2;123;142;136;48;2;125;144;137m▄[38;2;123;142;135;48;2;124;143;136m▄[38;2;124;142;135;48;2;123;142;135m▄[38;2;125;143;136;48;2;122;141;134m▄[38;2;102;116;110m▄[38;2;79;91;85;48;2;121;141;134m▄[38;2;70;79;74m▄[38;2;81;93;88;48;2;122;141;134m▄[38;2;100;116;110m▄[38;2;114;131;124m▄[38;2;119;137;131m▄[38;2;121;140;133m▄[38;2;122;141;134;48;2;122;142;135m▄[38;2;121;140;133;48;2;123;142;135m▄[38;2;120;140;133;48;2;122;141;134m▄[38;2;123;142;136;48;2;121;140;134m▄[38;2;125;143;137m▄[38;2;124;142;137;48;2;122;141;135m▄[38;2;121;138;133;48;2;123;142;136m▄[38;2;112;128;122;48;2;79;88;85m▄[0m[38;2;72;78;76m▄[0m [38;2;4;4;4m      [0m
 [38;2;23;24;24;48;2;40;42;41m▄[38;2;118;136;129;48;2;119;138;132m▄[38;2;122;141;134;48;2;121;140;133m▄[38;2;122;142;135;48;2;124;143;136m▄[38;2;123;142;135;48;2;125;144;137m▄[38;2;126;145;138;48;2;125;143;136m▄[38;2;119;123;113;48;2;87;97;90m▄[38;2;251;250;221;48;2;210;209;184m▄[38;2;248;247;212;48;2;219;219;191m▄[38;2;130;130;112;48;2;181;181;162m▄[38;2;181;180;154;48;2;148;148;129m▄[38;2;248;247;214;48;2;123;124;109m▄[38;2;119;118;106;48;2;52;55;51m▄[38;2;4;4;3;48;2;46;52;49m▄[48;2;51;58;55m▄[38;2;189;188;168;48;2;68;75;70m▄[38;2;250;249;223;48;2;94;102;93m▄[38;2;213;212;188;48;2;104;111;100m▄[38;2;170;169;147;48;2;118;121;110m▄[38;2;247;245;214;48;2;125;128;114m▄[38;2;113;112;101;48;2;30;32;30m▄[0m [38;2;5;5;5m       [0m
  [38;2;101;115;110;48;2;112;128;122m▄[38;2;124;142;135;48;2;122;141;134m▄[38;2;123;142;135m▄[38;2;122;142;135m▄[38;2;123;142;135;48;2;125;144;137m▄[38;2;92;100;92;48;2;126;131;120m▄[38;2;243;242;210;48;2;251;249;221m▄[38;2;251;251;210;48;2;241;240;211m▄[38;2;241;241;206;48;2;28;28;23m▄[38;2;247;245;217;48;2;114;113;99m▄[38;2;250;248;219;48;2;250;249;224m▄[38;2;87;86;78;48;2;141;141;127m▄[38;2;2;2;1;48;2;1;1;1m▄[38;2;3;2;2;48;2;4;3;3m▄[38;2;181;181;159;48;2;228;227;192m▄[38;2;250;249;212;48;2;249;247;210m▄[38;2;239;239;201;48;2;112;112;98m▄[38;2;225;224;196;48;2;24;24;20m▄[38;2;249;248;228;48;2;240;239;222m▄[38;2;105;105;99;48;2;139;139;127m▄[0m [38;2;5;5;5m       [0m
  [38;2;78;89;85;48;2;86;98;93m▄[38;2;119;138;131;48;2;123;142;134m▄[38;2;121;141;133;48;2;122;141;134m▄[38;2;123;142;135m▄▄[38;2;121;140;133;48;2;111;128;122m▄[38;2;97;110;104;48;2;117;121;108m▄[38;2;49;54;50;48;2;236;235;207m▄[38;2;85;96;89;48;2;247;246;214m▄[38;2;98;113;109;48;2;196;196;168m▄[38;2;113;132;125;48;2;134;135;120m▄[38;2;118;138;131;48;2;19;22;20m▄[38;2;121;140;133;48;2;21;23;22m▄[38;2;122;140;133;48;2;25;27;25m▄[38;2;118;137;130;48;2;59;62;56m▄[38;2;112;130;123;48;2;153;153;134m▄[38;2;90;103;98;48;2;207;206;172m▄[38;2;73;81;72;48;2;248;246;210m▄[38;2;33;34;34;48;2;154;154;138m▄[0m [38;2;0;0;0m        [0m
  [38;2;81;89;86;48;2;70;79;75m▄[38;2;126;145;138;48;2;119;139;131m▄[38;2;125;143;136;48;2;121;140;133m▄[38;2;93;105;100m▄[38;2;93;107;102;48;2;113;130;123m▄[38;2;121;140;133;48;2;95;109;104m▄[38;2;122;141;134;48;2;101;118;111m▄[48;2;123;142;136m▄[48;2;121;141;134m [38;2;121;141;133;48;2;121;140;134m▄[48;2;120;139;132m▄[38;2;121;141;134;48;2;121;140;133m▄[38;2;122;141;134;48;2;121;141;133m▄[38;2;123;141;134;48;2;121;141;134m▄[38;2;123;142;135;48;2;121;140;133m▄[38;2;124;143;136;48;2;121;140;134m▄[38;2;123;142;135;48;2;122;142;135m▄[38;2;119;138;133;48;2;125;145;138m▄[38;2;57;62;60;48;2;50;55;54m▄[0m[38;2;57;62;60m         [0m
 [38;2;0;0;0m [38;2;52;55;54;48;2;51;56;55m▄[38;2;79;91;86;48;2;125;142;135m▄[38;2;116;134;127;48;2;84;97;91m▄[38;2;123;141;134;48;2;112;128;122m▄[48;2;119;137;130m▄[38;2;122;141;133;48;2;120;139;131m▄[38;2;122;141;134;48;2;122;141;133m▄[48;2;122;141;134m       [48;2;123;142;135m [38;2;123;142;135;48;2;124;143;136m▄[38;2;122;141;135;48;2;125;143;137m▄[38;2;88;101;97;48;2;101;116;112m▄[38;2;34;36;35;48;2;62;66;65m▄[0m[38;2;34;36;35m         [0m
  [38;2;86;100;97;48;2;40;44;43m▄[38;2;118;137;131;48;2;116;134;128m▄[38;2;121;140;133;48;2;122;141;134m▄[38;2;124;142;135;48;2;123;141;135m▄[38;2;100;115;109;48;2;111;127;121m▄[38;2;125;144;136;48;2;124;142;135m▄[38;2;122;141;133;48;2;123;141;134m▄▄[48;2;122;141;134m [38;2;122;141;134;48;2;123;141;134m▄[48;2;122;141;134m [38;2;123;141;134m▄▄[38;2;122;141;134;48;2;123;141;135m▄▄[48;2;122;141;135m▄[38;2;121;141;134;48;2;119;139;132m▄[38;2;120;139;132;48;2;96;113;107m▄[38;2;116;134;128;48;2;46;51;49m▄[0m[38;2;45;49;48m▄[0m [38;2;6;6;6m       [0m
  [38;2;81;94;89;48;2;87;101;97m▄[38;2;122;141;134;48;2;118;137;130m▄[48;2;120;139;132m▄[38;2;121;139;133m▄[38;2;88;103;98;48;2;96;110;106m▄[38;2;121;140;133;48;2;126;144;137m▄[38;2;125;143;135;48;2;123;142;134m▄[38;2;108;124;117;48;2;122;141;134m▄[38;2;88;101;96m▄[38;2;86;99;94;48;2;123;141;135m▄[38;2;85;98;93m▄[38;2;82;95;90;48;2;123;141;134m▄[38;2;81;94;89;48;2;122;141;134m▄[38;2;82;95;90;48;2;121;140;133m▄[38;2;81;95;90;48;2;120;139;133m▄[38;2;82;95;90;48;2;122;140;134m▄[38;2;85;99;93;48;2;124;142;135m▄[38;2;83;96;91;48;2;123;141;134m▄[38;2;78;90;85;48;2;120;139;133m▄[38;2;81;93;89;48;2;107;123;118m▄[38;2;69;76;74;48;2;50;52;51m▄[0m [38;2;21;21;21m      [0m
  [38;2;73;82;78;48;2;82;93;89m▄[38;2;125;143;136;48;2;123;141;134m▄[38;2;124;142;135m▄[38;2;123;141;134;48;2;119;139;132m▄[38;2;78;91;85;48;2;75;89;84m▄[38;2;194;193;193;48;2;103;110;107m▄[38;2;249;249;249;48;2;103;108;106m▄[38;2;249;248;248;48;2;84;86;85m▄[38;2;249;249;249;48;2;99;104;103m▄[38;2;250;249;249;48;2;110;117;116m▄[38;2;249;249;249;48;2;112;120;118m▄[38;2;249;248;248;48;2;109;118;116m▄[38;2;249;248;249;48;2;111;120;118m▄[38;2;250;250;250;48;2;114;123;122m▄[38;2;237;237;237;48;2;113;122;121m▄[38;2;50;50;50;48;2;46;54;52m▄[0m[7m[38;2;51;60;58m▄[38;2;52;61;59m▄[38;2;62;70;67m▄[38;2;42;47;46m▄[0m  [38;2;0;0;0m      [0m
 [38;2;0;0;0m [38;2;48;52;51;48;2;74;81;78m▄[38;2;124;142;135;48;2;128;145;138m▄[38;2;122;141;133;48;2;124;143;136m▄[38;2;121;140;133;48;2;126;144;137m▄[38;2;90;103;98;48;2;87;100;94m▄[38;2;95;103;99;48;2;198;198;197m▄[38;2;104;112;108;48;2;249;249;249m▄[38;2;100;108;103;48;2;250;250;250m▄[38;2;96;104;99m▄[38;2;93;103;97;48;2;250;249;249m▄[38;2;94;104;99m▄[38;2;96;107;102;48;2;250;250;250m▄[38;2;99;110;105;48;2;251;251;250m▄[38;2;100;110;106;48;2;251;251;251m▄[38;2;94;105;100;48;2;238;238;238m▄[0m[38;2;75;85;80m▄[38;2;67;70;69m▄[0m [38;2;2;2;2m          [0m
 [38;2;0;0;0m [38;2;30;32;31;48;2;39;42;41m▄[38;2;119;137;130;48;2;119;138;130m▄[38;2;124;142;135;48;2;122;140;132m▄[38;2;126;144;137;48;2;124;143;135m▄[38;2;101;116;111;48;2;97;112;106m▄[38;2;120;140;133;48;2;117;137;130m▄[38;2;121;140;133;48;2;122;140;133m▄[48;2;123;141;134m▄[48;2;121;140;133m [38;2;122;141;134m▄[38;2;123;141;134;48;2;122;141;134m▄[48;2;123;142;135m [38;2;123;142;134;48;2;124;143;136m▄[38;2;121;141;134;48;2;122;142;134m▄[38;2;122;141;134;48;2;119;139;131m▄[38;2;122;141;135;48;2;118;137;131m▄[38;2;76;84;81;48;2;86;95;92m▄[0m [38;2;3;3;3m          [0m
 [38;2;0;0;0m [0m [38;2;107;124;118;48;2;115;133;126m▄[38;2;120;140;133;48;2;123;141;134m▄[38;2;123;142;135;48;2;125;144;137m▄[38;2;119;137;131;48;2;105;120;114m▄[48;2;122;141;134m [48;2;121;141;134m [38;2;122;141;133m▄[48;2;122;141;134m [38;2;123;142;135;48;2;123;142;134m▄[48;2;123;142;135m  [48;2;122;141;134m  [38;2;124;142;135;48;2;123;142;135m▄[38;2;125;144;137;48;2;127;145;139m▄[38;2;65;71;69;48;2;63;70;67m▄[0m[38;2;65;71;69m           [0m
 [38;2;71;79;79m▄[38;2;63;71;71;48;2;38;39;39m▄[38;2;51;59;56;48;2;98;113;108m▄[38;2;111;127;122;48;2;123;142;136m▄[48;2;122;140;134m [38;2;120;138;132;48;2;120;139;132m▄ [38;2;122;140;134;48;2;122;140;133m▄[38;2;123;141;135;48;2;123;141;134m▄[48;2;124;142;135m [38;2;123;142;136m▄[38;2;122;141;134;48;2;123;142;135m▄[38;2;121;140;134;48;2;122;141;134m▄[38;2;122;141;134;48;2;122;141;133m▄[38;2;123;141;135;48;2;123;141;134m▄[38;2;119;138;131;48;2;123;141;135m▄[38;2;114;133;126;48;2;120;139;133m▄[38;2;52;60;57;48;2;60;66;64m▄[0m[38;2;76;84;82m▄[0m [38;2;31;32;33m         [0m
[38;2;111;128;121;48;2;30;31;31m▄[38;2;102;117;116;48;2;114;130;131m▄[38;2;139;159;158;48;2;139;159;159m▄[38;2;139;158;157;48;2;103;118;117m▄[38;2;141;160;158;48;2;65;74;73m▄[38;2;145;163;160;48;2;45;51;49m▄[38;2;138;155;152;48;2;54;61;57m▄[38;2;122;138;135;48;2;68;77;73m▄[38;2;104;120;117;48;2;80;91;86m▄[38;2;91;104;101;48;2;88;101;96m▄[38;2;84;96;94;48;2;96;110;105m▄[38;2;82;93;91;48;2;98;114;109m▄[38;2;85;95;93;48;2;98;113;108m▄[38;2;93;104;102;48;2;93;107;102m▄[38;2;102;115;112;48;2;87;99;95m▄[38;2;111;127;124;48;2;75;86;82m▄[38;2;124;143;140;48;2;52;60;57m▄[38;2;137;156;153;48;2;35;41;39m▄[38;2;143;161;159;48;2;59;67;65m▄[38;2;140;160;158;48;2;117;135;132m▄[38;2;105;121;119;48;2;89;99;99m▄[0m[38;2;66;75;72m▄[38;2;60;65;63m▄[0m  [38;2;6;6;6m     [0m
[38;2;127;146;139;48;2;120;139;132m▄[38;2;87;99;96;48;2;89;102;101m▄[38;2;121;136;134;48;2;140;159;158m▄[38;2;146;163;162;48;2;142;160;159m▄[38;2;142;161;159;48;2;143;161;159m▄[38;2;141;160;159m▄[38;2;142;160;159;48;2;142;160;158m▄[38;2;142;161;159;48;2;141;160;158m▄[48;2;141;160;157m▄[48;2;142;161;158m▄[48;2;141;160;158m▄[48;2;141;160;157m▄[38;2;143;161;159;48;2;142;161;159m▄[48;2;143;162;159m▄[38;2;141;161;158;48;2;142;160;158m▄[38;2;141;160;158;48;2;140;159;156m▄[38;2;142;161;158;48;2;139;159;156m▄[38;2;142;161;159;48;2;141;160;157m▄[38;2;141;161;159;48;2;142;161;159m▄[48;2;140;159;157m▄[38;2;118;134;132;48;2;133;151;150m▄[38;2;86;100;95;48;2;82;95;91m▄[38;2;124;143;137;48;2;121;141;135m▄[38;2;126;146;139;48;2;97;113;107m▄[38;2;95;111;105;48;2;51;55;54m▄[38;2;87;103;99;48;2;46;49;48m▄[0m[38;2;64;74;72m▄[0m [38;2;16;16;16m  [0m
[38;2;123;142;135;48;2;126;144;138m▄[38;2;122;142;135;48;2;127;146;139m▄[38;2;123;143;136;48;2;105;121;115m▄[38;2;122;142;136;48;2;88;101;96m▄[38;2;120;141;134;48;2;88;102;99m▄[38;2;112;131;124;48;2;99;113;111m▄[38;2;90;105;99;48;2;129;146;143m▄[38;2;80;93;88;48;2;140;158;156m▄[38;2;78;89;85;48;2;143;161;159m▄[38;2;78;88;85;48;2;143;161;160m▄[38;2;78;88;86m▄[38;2;80;91;88;48;2;142;161;159m▄[38;2;79;90;87m▄[38;2;76;88;85;48;2;141;160;158m▄[38;2;78;89;85;48;2;141;160;157m▄[38;2;78;90;86;48;2;144;161;159m▄[38;2;83;96;91;48;2;142;159;157m▄[38;2;102;119;113;48;2;116;131;129m▄[38;2;118;137;131;48;2;87;100;98m▄[38;2;121;140;134;48;2;81;93;90m▄[38;2;122;141;135;48;2;101;116;111m▄[38;2;122;141;134;48;2;124;143;137m▄[38;2;121;141;134;48;2;123;142;135m▄[48;2;121;141;135m▄[38;2;121;140;134;48;2;119;138;133m▄[38;2;72;83;80;48;2;72;84;81m▄[38;2;115;136;131;48;2;112;133;127m▄[38;2;66;76;73;48;2;40;43;42m▄[0m [38;2;6;6;6m [0m
[?25h