[?25l[0m[38;2;90;90;46;48;2;59;60;3m▄[38;2;95;95;48;48;2;61;62;3m▄[38;2;101;101;49;48;2;64;65;4m▄[38;2;101;101;50;48;2;67;68;4m▄[38;2;98;98;52;48;2;52;52;3m▄[38;2;68;67;46;48;2;43;43;0m▄[38;2;35;35;11;48;2;39;40;0m▄[38;2;42;43;16;48;2;62;61;27m▄[38;2;159;154;114;48;2;247;238;162m▄[38;2;191;185;132;48;2;250;241;163m▄[38;2;191;184;128;48;2;250;241;164m▄[38;2;190;184;131;48;2;249;240;164m▄[38;2;189;183;128;48;2;249;240;162m▄[38;2;180;174;118;48;2;242;235;159m▄[38;2;73;29;29;48;2;85;22;17m▄[38;2;87;30;30;48;2;98;16;15m▄[38;2;92;33;32;48;2;94;15;15m▄[38;2;133;117;92;48;2;196;189;132m▄[38;2;190;185;138;48;2;249;242;168m▄[38;2;188;184;130;48;2;247;241;172m▄[38;2;54;54;35;48;2;57;57;25m▄[38;2;43;44;25;48;2;34;34;0m▄[38;2;58;60;27;48;2;44;45;2m▄[38;2;66;68;28;48;2;61;62;2m▄[38;2;66;67;28;48;2;63;64;1m▄[38;2;44;46;20;48;2;48;50;3m▄[38;2;44;45;13;48;2;56;57;3m▄[38;2;51;52;16;48;2;61;63;3m▄[38;2;48;47;20;48;2;52;54;10m▄[0m [0m
 [38;2;0;0;0m                             [0m
 [38;2;0;0;0m [0m  [38;2;107;107;108m▄[38;2;152;151;154m▄[38;2;167;167;170m▄[38;2;186;187;191m▄[38;2;192;192;197m▄[38;2;192;191;196m▄[38;2;191;190;194m▄[38;2;184;184;187m▄[38;2;163;162;165m▄[38;2;145;145;147m▄[38;2;88;88;89m▄[0m [38;2;28;28;28m              [0m
 [38;2;100;100;105m▄[38;2;141;141;149;48;2;87;87;90m▄[38;2;192;191;197;48;2;172;171;175m▄[38;2;192;191;195;48;2;192;191;197m▄[38;2;193;192;196;48;2;193;192;197m▄ [38;2;193;192;197;48;2;193;193;197m▄ [38;2;193;193;197;48;2;193;192;197m▄[38;2;193;193;196;48;2;193;192;196m▄[48;2;193;193;197m▄[38;2;193;193;197;48;2;193;192;197m▄[38;2;194;193;197m▄[38;2;194;194;198;48;2;197;197;201m▄[38;2;198;198;202;48;2;181;181;184m▄[0m[38;2;84;84;87m▄             [0m
 [38;2;9;9;9;48;2;116;115;121m [38;2;140;139;147;48;2;139;137;146m▄[38;2;190;189;194;48;2;192;191;197m▄[48;2;192;192;196m [38;2;193;192;196m▄▄[38;2;193;192;197;48;2;193;193;197m▄▄▄ ▄ ▄▄[38;2;193;193;197;48;2;192;192;197m▄[38;2;165;164;167;48;2;131;131;134m▄[0m [38;2;16;16;16m            [0m
 [38;2;91;91;94;48;2;102;102;106m▄[38;2;140;139;146;48;2;139;138;146m▄[38;2;176;175;180;48;2;183;182;187m▄[48;2;192;191;195m [38;2;192;192;196;48;2;192;191;196m▄[38;2;192;191;196;48;2;193;192;197m▄[38;2;193;192;196m▄  [38;2;193;192;197;48;2;193;193;197m▄[48;2;193;192;197m  [48;2;193;193;197m▄[38;2;193;192;196m▄[38;2;192;192;197m▄[48;2;190;189;193m▄[0m[38;2;66;66;67m▄            [0m
 [38;2;49;49;50;48;2;75;75;78m▄[38;2;137;135;143;48;2;138;137;145m▄[38;2;162;160;166;48;2;169;168;173m▄[38;2;192;191;195;48;2;192;191;196m▄ [38;2;193;192;196m▄[48;2;193;192;196m [38;2;193;192;197m▄[38;2;192;192;196m▄  [38;2;193;192;196;48;2;192;192;196m▄[38;2;192;192;196;48;2;192;191;196m▄▄▄[38;2;193;193;197;48;2;193;192;197m▄[38;2;146;146;149;48;2;121;121;122m▄[0m [38;2;5;5;5m           [0m
  [38;2;128;128;135;48;2;138;138;144m▄[38;2;147;147;153;48;2;153;153;159m▄[38;2;193;193;198;48;2;191;190;195m▄[38;2;192;192;196;48;2;192;191;196m▄[38;2;133;132;135m▄[38;2;101;101;103;48;2;192;192;196m▄[38;2;156;154;142;48;2;193;192;196m▄[38;2;167;166;160;48;2;193;193;197m▄[38;2;176;175;178;48;2;193;192;197m▄[38;2;186;185;189;48;2;192;192;196m▄[38;2;188;185;190;48;2;192;191;196m▄[38;2;190;189;192;48;2;192;191;195m▄[48;2;193;192;196m▄[38;2;190;188;191m▄[38;2;182;181;184;48;2;190;190;195m▄[38;2;163;162;166;48;2;183;182;187m▄[38;2;160;157;152;48;2;114;113;116m▄[0m[38;2;112;111;104m▄[38;2;29;29;29m▄[0m [38;2;13;13;14m        [0m
  [38;2;113;113;117;48;2;118;118;124m▄[38;2;139;139;145;48;2;140;140;146m▄[38;2;182;181;187;48;2;192;191;196m▄[38;2;186;185;190;48;2;195;194;198m▄[38;2;16;18;17;48;2;28;31;30m▄[38;2;97;94;52;48;2;52;50;27m▄[38;2;248;237;128;48;2;247;237;123m▄[38;2;235;224;116;48;2;247;237;126m▄[38;2;54;52;26;48;2;232;224;123m▄[38;2;242;230;127;48;2;200;192;102m▄[38;2;248;237;131;48;2;174;167;94m▄[38;2;36;35;17;48;2;27;26;22m▄[38;2;3;3;1;48;2;20;20;19m▄[38;2;212;203;106;48;2;144;138;79m▄[38;2;250;240;132;48;2;203;195;102m▄[38;2;106;102;55;48;2;228;221;125m▄[38;2;197;187;98;48;2;246;238;138m▄[38;2;243;232;119;48;2;217;210;119m▄[38;2;25;24;16;48;2;8;8;5m▄[0m [38;2;24;24;24m        [0m
 [38;2;0;0;0m [38;2;80;80;83;48;2;98;98;101m▄[38;2;137;136;143;48;2;142;142;147m▄[38;2;176;175;180;48;2;179;178;184m▄[38;2;194;193;197;48;2;189;188;193m▄[38;2;152;152;155;48;2;57;57;58m▄[38;2;42;42;43;48;2;44;42;23m▄[38;2;90;87;57;48;2;242;233;129m▄[38;2;190;185;106;48;2;250;239;121m▄[38;2;196;189;113;48;2;226;215;112m▄[38;2;181;174;111;48;2;250;235;119m▄[38;2;120;117;96;48;2;224;214;120m▄[38;2;92;92;93;48;2;12;13;7m▄[38;2;103;104;106;48;2;3;3;1m▄[38;2;105;105;104;48;2;145;141;79m▄[38;2;173;170;132;48;2;249;240;135m▄[38;2;175;172;127;48;2;249;238;122m▄[38;2;169;167;128;48;2;247;234;117m▄[38;2;129;127;119;48;2;183;174;95m▄[0m[7m[38;2;30;29;29m▄[0m[38;2;43;43;43m         [0m
  [38;2;86;86;88;48;2;65;65;67m▄[38;2;131;130;134;48;2;136;135;142m▄[38;2;162;161;167;48;2;164;163;169m▄[38;2;190;189;195;48;2;191;190;195m▄[38;2;192;191;196m▄[38;2;193;192;196;48;2;192;191;196m▄[38;2;192;192;196;48;2;192;191;195m▄[48;2;193;192;197m▄[38;2;192;191;196;48;2;195;195;199m▄[38;2;191;191;195;48;2;192;191;195m▄[48;2;189;188;193m▄[38;2;191;190;195;48;2;189;189;193m▄[48;2;191;190;195m [48;2;191;191;195m [38;2;191;191;195;48;2;190;190;194m▄[38;2;193;193;197;48;2;193;192;197m▄[38;2;142;142;144;48;2;167;167;169m▄[38;2;67;67;68;48;2;57;57;58m▄[0m[38;2;67;67;68m          [0m
 [38;2;125;125;129;48;2;65;66;67m▄[38;2;190;189;195;48;2;183;182;187m▄[38;2;188;187;191;48;2;164;164;167m▄[38;2;138;136;142;48;2;158;157;162m▄[38;2;192;191;196;48;2;192;191;195m▄[38;2;192;192;196;48;2;192;191;196m▄[38;2;193;192;196;48;2;192;192;196m▄[38;2;193;192;197;48;2;193;192;196m▄▄▄[38;2;193;192;196;48;2;192;192;196m▄[38;2;193;192;197;48;2;192;191;196m▄[38;2;192;192;196m▄[38;2;192;191;196;48;2;191;191;195m▄ [38;2;191;191;195;48;2;192;192;196m▄[38;2;192;191;196;48;2;193;193;197m▄[38;2;165;165;168;48;2;151;151;154m▄[38;2;144;143;145;48;2;139;138;140m▄[0m [38;2;9;9;9m         [0m
 [38;2;108;107;110;48;2;168;168;171m▄[38;2;174;173;178;48;2;196;196;199m▄[38;2;194;194;197;48;2;198;197;200m▄[38;2;125;124;128;48;2;132;131;135m▄[38;2;192;191;196;48;2;193;192;196m▄[48;2;193;192;197m▄[38;2;192;191;197m▄[38;2;196;195;199;48;2;193;193;197m▄[48;2;194;193;197m▄[38;2;195;194;198;48;2;194;193;198m▄[38;2;194;193;198;48;2;194;193;197m▄[48;2;193;193;197m▄ [38;2;193;192;197;48;2;193;192;196m▄[48;2;192;191;196m [38;2;192;191;195;48;2;191;190;195m▄[38;2;192;191;196;48;2;190;189;194m▄[38;2;191;191;195;48;2;188;188;193m▄[38;2;142;142;144;48;2;87;87;88m▄[0m [38;2;12;12;12m         [0m
  [7m[38;2;100;98;101m▄[0m[38;2;102;102;105;48;2;158;156;159m▄[38;2;140;140;147;48;2;132;132;138m▄[38;2;193;191;197;48;2;190;188;194m▄[38;2;163;163;159;48;2;188;187;192m▄[38;2;240;237;179;48;2;161;161;148m▄[38;2;195;192;147;48;2;152;151;132m▄[38;2;249;245;186;48;2;188;187;168m▄[38;2;237;234;185;48;2;166;165;156m▄[38;2;202;200;154;48;2;153;152;148m▄[38;2;249;245;177;48;2;157;156;155m▄[38;2;207;204;149;48;2;163;163;166m▄[38;2;202;199;158;48;2;176;176;179m▄[38;2;216;214;174;48;2;181;181;185m▄[38;2;118;118;108;48;2;179;178;181m▄[38;2;105;105;105;48;2;171;170;173m▄[38;2;69;69;70;48;2;188;187;191m▄[0m[7m[38;2;175;175;178m▄[0m [38;2;0;0;0m         [0m
 [38;2;0;0;0m [0m [38;2;109;109;112;48;2;123;123;126m▄[38;2;145;144;150;48;2;141;141;147m▄[38;2;194;194;198;48;2;196;195;200m▄[38;2;171;170;154;48;2;155;154;143m▄[38;2;238;235;179;48;2;198;196;149m▄[38;2;155;153;118;48;2;177;175;131m▄[38;2;186;182;132;48;2;248;244;173m▄[38;2;169;167;127;48;2;231;228;171m▄[38;2;155;154;121;48;2;206;204;162m▄[38;2;189;187;142;48;2;251;247;185m▄[38;2;162;160;118;48;2;217;213;151m▄[38;2;172;169;125;48;2;228;223;163m▄[38;2;182;179;138;48;2;248;244;192m▄[38;2;90;90;79;48;2;104;104;92m▄[0m[38;2;90;90;79m             [0m
 [38;2;0;0;0m  [38;2;89;89;93;48;2;85;85;89m▄[38;2;134;134;142;48;2;139;139;145m▄[38;2;182;181;187;48;2;190;189;193m▄[38;2;194;194;198;48;2;167;167;166m▄[38;2;166;165;151;48;2;235;233;184m▄[38;2;181;179;136;48;2;198;196;150m▄[38;2;248;244;177;48;2;249;244;177m▄[38;2;217;215;157;48;2;219;216;158m▄[38;2;210;207;157;48;2;206;203;151m▄[38;2;250;246;179;48;2;251;247;182m▄[38;2;208;205;154;48;2;212;208;160m▄[38;2;242;239;185;48;2;240;236;177m▄[38;2;248;245;185;48;2;247;243;173m▄[38;2;89;88;73;48;2;102;101;84m▄[0m[38;2;89;88;73m             [0m
  [38;2;130;130;134m▄[38;2;106;105;111;48;2;108;108;112m▄[38;2;137;136;144;48;2;141;140;147m▄[48;2;182;181;187m [38;2;191;191;196;48;2;191;190;195m▄[38;2;193;192;196;48;2;193;193;197m▄[38;2;192;191;195;48;2;161;161;164m▄[48;2;155;156;145m▄[38;2;195;195;199;48;2;162;161;143m▄[38;2;198;197;200;48;2;171;170;146m▄[38;2;194;193;198;48;2;181;180;145m▄[38;2;190;189;194;48;2;149;148;118m▄[38;2;192;191;195;48;2;177;176;147m▄[38;2;196;196;200;48;2;181;180;156m▄[38;2;200;199;203;48;2;160;159;157m▄[0m [38;2;45;46;46m            [0m
  [38;2;127;126;133;48;2;152;152;157m▄[38;2;151;151;156;48;2;120;120;124m▄[38;2;148;147;150;48;2;128;128;135m▄[38;2;153;152;155;48;2;185;184;190m▄[38;2;188;187;191;48;2;193;192;197m▄[38;2;194;193;197m▄[38;2;193;193;197m▄[48;2;194;193;197m▄[38;2;192;192;197m▄[38;2;191;191;196;48;2;192;192;196m▄[38;2;192;192;197;48;2;192;191;196m▄[38;2;195;194;199;48;2;192;192;197m▄[38;2;194;194;198;48;2;193;192;197m▄[38;2;191;191;196;48;2;194;193;198m▄[38;2;185;185;189;48;2;193;192;196m▄[0m[38;2;111;110;111m▄[0m [38;2;20;19;20m           [0m
 [38;2;65;64;67;48;2;43;43;44m▄[38;2;131;130;136;48;2;126;124;133m▄[38;2;136;135;141;48;2;130;129;137m▄[38;2;183;182;188;48;2;177;176;181m▄[38;2;186;185;191;48;2;188;188;193m▄[38;2;187;186;191;48;2;156;156;159m▄[38;2;187;187;192;48;2;152;152;154m▄[38;2;189;188;193;48;2;146;145;147m▄[38;2;188;187;192;48;2;153;153;155m▄[38;2;159;159;164;48;2;173;172;176m▄[38;2;129;129;133;48;2;183;182;186m▄[38;2;116;116;120;48;2;191;190;194m▄[38;2;88;88;89;48;2;196;195;199m▄[38;2;151;151;155;48;2;185;185;188m▄[38;2;182;181;187;48;2;155;155;159m▄[38;2;187;185;191;48;2;142;142;146m▄[38;2;184;184;189;48;2;162;162;164m▄[0m [38;2;40;40;40m           [0m
[38;2;148;148;154;48;2;119;118;123m▄[38;2;169;168;175;48;2;129;128;135m▄[38;2;180;179;186;48;2;101;101;105m▄[38;2;152;152;157;48;2;138;138;143m▄[38;2;148;147;151;48;2;187;186;192m▄[38;2;186;185;190;48;2;186;185;191m▄[48;2;187;186;192m [38;2;187;186;191;48;2;188;188;193m▄[48;2;188;187;192m▄[48;2;187;186;191m [38;2;187;187;192m▄[48;2;187;187;192m [38;2;184;184;190;48;2;189;188;194m▄[38;2;110;110;112;48;2;117;117;120m▄[38;2;190;190;194;48;2;185;185;191m▄[38;2;189;188;193;48;2;186;186;191m▄[38;2;185;185;191;48;2;188;188;192m▄[38;2;163;163;167;48;2;190;190;194m▄[38;2;159;158;163;48;2;60;60;61m▄[0m[38;2;117;116;120m▄[0m  [38;2;2;2;2m        [0m
[?25h