[?25l[0m[38;2;42;44;10;48;2;44;46;11m▄[38;2;39;40;8;48;2;37;39;7m▄[38;2;164;163;122;48;2;141;140;103m▄[38;2;252;251;185;48;2;251;250;183m▄[38;2;252;251;180;48;2;253;251;183m▄[38;2;195;193;135;48;2;238;236;180m▄[38;2;247;245;177;48;2;180;178;136m▄[38;2;199;197;144;48;2;222;220;165m▄[38;2;252;251;182;48;2;253;251;182m▄[48;2;252;251;183m [38;2;252;251;184;48;2;253;251;183m▄[48;2;252;251;183m▄▄[38;2;249;248;186m▄[38;2;63;63;33;48;2;134;133;95m▄[38;2;40;42;8;48;2;43;44;8m▄[38;2;33;34;7;48;2;44;46;9m▄[38;2;54;58;16;48;2;39;41;10m▄[38;2;63;67;18;48;2;60;64;18m▄[38;2;63;68;18;48;2;61;66;18m▄[38;2;52;56;14;48;2;55;59;15m▄[38;2;61;64;18;48;2;54;58;15m▄[38;2;64;68;19;48;2;63;67;18m▄▄[38;2;64;68;18m▄[48;2;64;68;18m [38;2;63;68;18m▄[38;2;63;67;18;48;2;63;68;18m▄[38;2;63;68;17m▄[38;2;65;70;19m▄[0m
[7m[38;2;44;47;10m▄[38;2;45;47;9m▄[38;2;185;183;134m▄[38;2;252;250;176m▄[38;2;252;251;178m▄[38;2;237;235;169m▄[38;2;187;185;135m▄[38;2;239;238;175m▄[38;2;252;251;182m▄[38;2;252;250;181m▄[38;2;253;251;181m▄[38;2;253;252;182m▄[38;2;252;251;183m▄[38;2;201;199;148m▄[38;2;37;36;6m▄[38;2;40;40;7m▄[38;2;42;44;11m▄[38;2;65;69;18m▄[38;2;67;72;19m▄[38;2;62;66;16m▄[38;2;47;51;12m▄[38;2;65;68;19m▄[38;2;64;68;19m▄[38;2;63;66;18m▄[38;2;63;67;17m▄▄▄[38;2;62;67;17m▄[38;2;62;67;16m▄[38;2;61;66;16m▄[0m
 [38;2;0;0;0m      [0m   [38;2;33;34;36m▄[38;2;42;43;44m▄[0m  [38;2;11;11;11m                [0m
 [38;2;0;0;0m   [0m [38;2;64;66;70m▄[38;2;128;134;147m▄[38;2;140;146;160;48;2;91;94;100m▄[48;2;122;127;140m▄[38;2;140;147;160;48;2;142;148;161m▄[48;2;139;146;159m▄[38;2;139;146;159;48;2;140;146;160m▄[38;2;139;146;160;48;2;131;138;150m▄[38;2;140;146;160;48;2;99;103;111m▄[38;2;135;142;155;48;2;41;42;44m▄[0m[38;2;77;80;85m▄[0m [38;2;13;13;13m             [0m
 [38;2;0;0;0m  [0m [38;2;124;130;142;48;2;59;61;64m▄[38;2;139;146;159;48;2;135;141;154m▄[48;2;138;144;158m▄[38;2;140;147;160;48;2;139;147;160m▄[38;2;141;148;161;48;2;140;147;160m▄[48;2;141;148;161m  [48;2;141;147;161m▄[38;2;141;148;162;48;2;140;147;161m▄[48;2;141;147;161m▄[48;2;141;148;161m▄[48;2;141;148;162m [38;2;138;146;159;48;2;84;87;93m▄[0m[38;2;51;53;55m▄            [0m
 [38;2;0;0;0m [0m [38;2;107;112;122;48;2;80;82;88m▄[38;2;141;147;160;48;2;138;144;159m▄[38;2;140;146;160;48;2;139;146;159m▄[38;2;141;147;160;48;2;140;146;159m▄[38;2;141;148;161;48;2;140;147;160m▄[48;2;141;148;161m  [48;2;142;148;162m  [38;2;142;149;162m▄[48;2;141;148;162m▄[48;2;142;149;162m [38;2;142;149;163;48;2;143;149;163m▄[38;2;141;148;162;48;2;143;150;164m▄[38;2;127;134;146;48;2;100;105;114m▄[0m [38;2;27;26;26m           [0m
 [38;2;0;0;0m [0m [38;2;137;143;156;48;2;131;137;149m▄[38;2;142;148;161;48;2;141;147;161m▄[38;2;141;147;161;48;2;141;147;160m▄[38;2;141;147;160;48;2;140;147;160m▄[38;2;140;147;160;48;2;141;147;161m▄[48;2;141;148;161m▄  [38;2;142;148;161;48;2;142;149;162m▄▄[38;2;141;148;161m▄[48;2;142;148;162m▄[48;2;141;148;162m▄▄[38;2;140;147;161;48;2;142;149;162m▄[38;2;43;44;45;48;2;37;38;39m▄[0m[38;2;43;44;45m           [0m
  [38;2;103;105;113m▄[38;2;124;127;139;48;2;136;142;156m▄[38;2;123;126;138;48;2;141;147;160m▄[38;2;119;123;134;48;2;145;150;163m▄[48;2;142;148;161m▄[38;2;123;126;137;48;2;140;146;160m▄[38;2;117;121;132;48;2;140;147;161m▄[38;2;111;116;125;48;2;141;148;161m▄[38;2;110;114;123;48;2;142;148;161m▄[38;2;109;114;123m▄[48;2;141;148;161m▄[38;2;112;117;126;48;2;140;147;160m▄[38;2;110;115;124;48;2;141;147;161m▄[38;2;108;113;123;48;2;142;149;161m▄[38;2;120;125;135;48;2;144;150;162m▄[38;2;120;127;137;48;2;122;127;137m▄[0m[7m[38;2;38;39;39m▄[0m[38;2;21;22;22m           [0m
 [7m[38;2;49;50;51m▄[0m[38;2;41;43;42;48;2;133;136;151m▄[38;2;38;38;28;48;2;157;160;175m▄[38;2;28;27;22;48;2;168;171;189m▄[38;2;27;27;29;48;2;160;163;183m▄[38;2;36;36;40;48;2;160;163;182m▄[38;2;43;44;49;48;2;165;168;187m▄[38;2;52;54;59;48;2;166;170;189m▄[38;2;66;68;74;48;2;163;166;186m▄[38;2;78;80;87;48;2;162;166;186m▄[38;2;82;84;92;48;2;163;167;186m▄[38;2;83;85;93;48;2;165;169;187m▄[38;2;90;91;100;48;2;167;170;188m▄[38;2;93;96;105;48;2;158;162;181m▄[38;2;151;156;173;48;2;118;121;133m▄[38;2;113;117;128;48;2;99;103;111m▄[38;2;132;138;149;48;2;140;146;158m▄[0m [38;2;31;31;31m           [0m
  [38;2;121;123;99;48;2;140;142;114m▄[38;2;208;207;146;48;2;191;190;132m▄[38;2;224;223;156;48;2;207;206;151m▄[38;2;250;249;169;48;2;238;237;177m▄[38;2;156;155;110;48;2;152;151;113m▄[38;2;4;3;2;48;2;1;1;1m▄[38;2;59;58;37;48;2;35;35;22m▄[38;2;224;222;154;48;2;178;176;124m▄[38;2;94;94;62;48;2;158;157;112m▄[38;2;251;248;169;48;2;152;150;108m▄[38;2;250;247;173;48;2;132;131;90m▄[38;2;57;57;40;48;2;29;29;20m▄[38;2;60;61;67;48;2;55;56;61m▄[38;2;170;174;191;48;2;171;174;192m▄[38;2;105;110;121;48;2;112;117;127m▄[38;2;111;117;127;48;2;120;127;137m▄[0m [38;2;24;24;24m           [0m
 [38;2;65;66;69m▄[38;2;100;101;113;48;2;39;41;42m▄[38;2;72;73;81;48;2;92;91;68m▄[38;2;60;60;66;48;2;116;115;80m▄[38;2;49;50;55;48;2;131;130;88m▄[38;2;33;33;37;48;2;29;29;19m▄[38;2;20;20;22;48;2;1;1;0m▄[38;2;8;8;9;48;2;19;18;12m▄[38;2;4;5;4;48;2;194;192;137m▄[38;2;6;7;4;48;2;233;232;151m▄[38;2;14;13;8;48;2;247;244;162m▄[38;2;6;5;3;48;2;207;205;147m▄[38;2;3;3;2;48;2;18;17;12m▄[38;2;70;72;79;48;2;66;67;75m▄[38;2;156;159;175;48;2;160;164;183m▄[38;2;123;128;138;48;2;104;109;120m▄[38;2;110;114;121;48;2;106;112;121m▄[0m [38;2;8;8;8m           [0m
  [38;2;73;76;81;48;2;79;81;88m▄[38;2;138;146;160;48;2;112;115;126m▄[38;2;142;150;163;48;2;121;125;136m▄[48;2;122;126;137m▄[38;2;137;145;158;48;2;120;124;136m▄[38;2;131;138;150;48;2;127;130;144m▄[38;2;124;131;142;48;2;133;135;151m▄[38;2;117;123;134;48;2;142;144;159m▄[38;2;112;117;126;48;2;149;152;166m▄[38;2;105;110;119;48;2;141;144;158m▄[38;2;101;106;116;48;2;130;134;149m▄[38;2;102;107;116;48;2;134;138;153m▄[38;2;116;121;130;48;2;137;141;153m▄[38;2;139;145;158;48;2;93;95;102m▄[38;2;140;146;159;48;2;135;141;153m▄[38;2;86;89;94;48;2;101;105;111m▄[0m[38;2;86;89;94m            [0m
 [38;2;0;0;0m [38;2;49;50;51;48;2;76;78;82m▄[38;2;111;116;124;48;2;144;151;164m▄[38;2;106;111;121;48;2;140;148;161m▄[38;2;122;128;138;48;2;139;147;161m▄[38;2;134;140;152;48;2;140;147;160m▄[38;2;138;145;158m▄[38;2;139;146;159;48;2;140;146;160m▄[38;2;136;144;157;48;2;139;146;159m▄[38;2;138;145;159m▄[38;2;142;149;161m▄[38;2;143;149;162;48;2;138;145;159m▄[38;2;141;147;161m▄ [38;2;138;145;158m▄[38;2;136;144;158;48;2;141;148;161m▄[38;2;50;52;55;48;2;69;71;75m▄[0m[38;2;50;52;55m            [0m
 [38;2;0;0;0m  [0m  [38;2;157;159;122;48;2;70;73;61m▄[38;2;239;238;177;48;2;178;178;135m▄[38;2;188;187;137;48;2;137;137;107m▄[38;2;252;250;176;48;2;173;172;128m▄[38;2;188;188;136;48;2;135;136;107m▄[38;2;237;236;169;48;2;159;160;127m▄[38;2;250;248;169;48;2;156;157;127m▄[38;2;179;177;125;48;2;122;123;107m▄[38;2;248;245;176;48;2;126;128;118m▄[38;2;152;154;128;48;2;134;140;150m▄[38;2;146;152;165;48;2;142;148;161m▄[38;2;134;142;154;48;2;139;147;160m▄[0m [38;2;29;29;29m            [0m
 [38;2;0;0;0m   [0m [38;2;183;182;126;48;2;133;132;97m▄[38;2;240;239;168;48;2;181;180;130m▄[38;2;191;189;138;48;2;139;137;100m▄[38;2;250;248;174;48;2;185;183;133m▄[38;2;183;182;128;48;2;134;134;98m▄[38;2;240;238;167;48;2;175;174;124m▄[38;2;248;246;174;48;2;185;183;126m▄[38;2;185;183;133;48;2;137;136;95m▄[38;2;248;245;180;48;2;187;187;138m▄[38;2;172;170;126;48;2;139;139;105m▄[38;2;132;139;153;48;2;132;139;152m▄[38;2;112;117;127;48;2;117;125;136m▄[0m [38;2;15;15;15m            [0m
 [38;2;0;0;0m  [0m [38;2;113;119;129;48;2;68;71;75m▄[38;2;134;141;154;48;2;135;135;93m▄[38;2;125;131;144;48;2;197;196;137m▄[38;2;118;124;134;48;2;179;177;125m▄[38;2;112;117;123;48;2;242;240;167m▄[38;2;108;113;117;48;2;187;186;134m▄[38;2;120;124;122;48;2;246;245;182m▄[38;2;120;124;119;48;2;250;249;179m▄[38;2;102;107;106;48;2;184;182;126m▄[38;2;112;118;126;48;2;221;219;151m▄[38;2;140;148;161;48;2;122;125;118m▄[38;2;144;151;163;48;2;142;150;162m▄[38;2;95;99;105;48;2;109;114;121m▄[0m [38;2;0;0;0m            [0m
 [38;2;0;0;0m  [0m [7m[38;2;86;90;96m▄[0m[38;2;34;34;34;48;2;136;142;154m▄[38;2;64;70;76;48;2;142;148;162m▄[38;2;78;83;90;48;2;138;145;159m▄[38;2;82;87;94;48;2;140;146;159m▄[38;2;91;96;103;48;2;138;144;158m▄[38;2;93;98;106;48;2;139;145;158m▄[38;2;94;99;106;48;2;138;145;158m▄[38;2;89;94;101;48;2;135;142;156m▄[38;2;85;90;97;48;2;139;146;159m▄[38;2;73;79;85;48;2;142;149;162m▄[38;2;55;61;65;48;2;136;142;152m▄[38;2;51;53;55;48;2;66;69;72m▄[0m[38;2;51;53;55m             [0m
   [38;2;106;110;119m▄[38;2;148;153;171m▄[38;2;155;160;179;48;2;69;71;75m▄[38;2;112;117;128;48;2;65;73;79m▄[38;2;78;83;89;48;2;69;78;84m▄[38;2;62;67;71;48;2;70;78;85m▄[38;2;55;61;65;48;2;69;76;82m▄[38;2;53;59;63;48;2;63;70;76m▄[38;2;61;67;72;48;2;69;76;83m▄[38;2;60;66;70;48;2;72;80;87m▄[38;2;66;71;76;48;2;72;81;87m▄[38;2;85;90;98;48;2;70;77;83m▄[38;2;127;132;146;48;2;68;76;81m▄[38;2;159;164;183;48;2;88;91;97m▄[38;2;157;162;181;48;2;85;87;92m▄[0m[38;2;144;149;165m▄[38;2;95;97;105m▄[0m  [38;2;3;3;3m        [0m
[?25h