[?25l[0m      [38;2;0;0;0m                [0m
[38;2;100;107;76m▄[38;2;137;148;95m▄[38;2;154;168;105m▄[38;2;163;177;113m▄[38;2;154;166;109m▄[38;2;139;149;102m▄[38;2;90;96;69m▄[0m [38;2;31;31;29m              [0m
[38;2;187;204;121;48;2;186;203;120m▄[38;2;187;203;122;48;2;186;201;119m▄[38;2;187;204;123;48;2;186;202;122m▄[48;2;188;204;125m▄[38;2;188;204;123m▄[38;2;188;203;124;48;2;188;205;124m▄[38;2;187;204;123;48;2;187;204;122m▄[38;2;187;204;122;48;2;172;188;112m▄[38;2;187;204;123;48;2;114;120;82m▄[0m[38;2;165;181;113m▄[38;2;71;75;55m▄[0m [38;2;2;2;2m          [0m
[38;2;188;204;122;48;2;188;205;122m▄[48;2;188;204;123m [38;2;188;204;123;48;2;187;204;123m▄ ▄ [38;2;188;204;124;48;2;187;204;124m▄ [38;2;186;204;124;48;2;186;204;123m▄[38;2;187;204;124;48;2;186;205;123m▄[38;2;186;204;123;48;2;182;202;121m▄[38;2;185;203;121;48;2;111;117;83m▄[0m[38;2;110;118;77m▄[0m [38;2;10;10;10m        [0m
[7m[38;2;188;204;123m [0m[38;2;0;0;0;48;2;188;204;123m [38;2;188;204;123;48;2;188;205;123m▄[48;2;188;204;123m [38;2;188;204;124m▄[48;2;187;204;123m▄[38;2;187;204;123;48;2;187;204;124m▄ [38;2;188;204;124m▄ [38;2;187;204;123;48;2;187;203;123m▄[48;2;186;203;122m▄[38;2;187;205;122;48;2;186;204;121m▄[38;2;186;204;122;48;2;117;125;86m▄[0m[38;2;87;93;67m▄[0m [38;2;2;2;2m      [0m
[38;2;188;204;123;48;2;188;205;123m▄▄[38;2;188;205;124;48;2;188;204;123m▄ [38;2;188;204;124m▄[38;2;187;204;123m▄[48;2;188;204;124m▄[38;2;188;204;124;48;2;188;204;123m▄ [48;2;187;204;124m▄▄ [38;2;187;204;124;48;2;187;204;123m▄[38;2;187;204;123;48;2;187;205;123m▄[38;2;187;205;124;48;2;176;194;118m▄[0m[38;2;147;159;102m▄[0m [38;2;21;21;21m     [0m
[38;2;189;206;124;48;2;188;205;123m▄[48;2;188;204;123m  [38;2;188;204;122m▄ [38;2;188;205;123m▄[48;2;188;204;124m▄[38;2;188;205;124;48;2;188;204;123m▄ [38;2;188;204;123;48;2;188;204;124m▄▄[38;2;187;204;123m▄[48;2;187;204;123m [38;2;187;203;123;48;2;187;204;124m▄[38;2;187;204;123;48;2;186;203;122m▄[38;2;186;204;122;48;2;183;202;118m▄[38;2;161;176;108;48;2;80;85;60m▄[0m [38;2;18;18;17m    [0m
[38;2;188;203;121;48;2;189;205;123m▄[38;2;187;204;122;48;2;188;204;122m▄[48;2;188;204;123m [38;2;189;205;124;48;2;188;204;122m▄[38;2;189;205;125m▄[38;2;179;194;119;48;2;188;204;124m▄[38;2;159;171;104;48;2;189;205;124m▄[38;2;182;197;119;48;2;189;205;125m▄[38;2;189;206;126;48;2;188;204;124m▄[48;2;188;205;124m [38;2;188;205;124;48;2;188;204;123m▄[48;2;187;204;123m [38;2;187;204;122m▄ [48;2;188;205;125m [38;2;188;205;124;48;2;188;206;126m▄[38;2;185;202;118;48;2;173;189;113m▄[38;2;168;184;109;48;2;124;134;86m▄[38;2;157;172;105;48;2;65;68;52m▄[0m [38;2;17;17;17m  [0m
[38;2;191;206;127;48;2;188;203;120m▄[38;2;190;206;125;48;2;188;204;122m▄[38;2;188;204;122;48;2;189;205;124m▄[38;2;185;203;120;48;2;189;206;125m▄[38;2;152;162;99;48;2;171;185;114m▄[38;2;248;247;180;48;2;180;179;132m▄[38;2;251;249;177;48;2;230;229;165m▄[38;2;245;243;172;48;2;189;190;132m▄[38;2;245;243;175;48;2;162;169;110m▄[38;2;175;176;122;48;2;185;200;122m▄[38;2;168;182;111;48;2;187;204;122m▄[38;2;189;206;125;48;2;188;204;122m▄[38;2;189;205;123;48;2;187;204;122m▄[38;2;187;204;122;48;2;186;203;122m▄[38;2;178;193;115;48;2;186;204;123m▄[38;2;185;185;135;48;2;174;186;116m▄[38;2;247;246;190;48;2;169;171;123m▄[38;2;250;249;185;48;2;214;213;169m▄[38;2;247;246;187;48;2;179;179;139m▄[0m[38;2;66;65;56m▄  [0m
[38;2;60;63;49;48;2;147;158;104m▄[38;2;182;199;115;48;2;190;206;125m▄[38;2;187;204;120;48;2;187;204;122m▄[38;2;189;207;124;48;2;187;205;122m▄[38;2;190;207;127;48;2;158;172;104m▄[38;2;164;168;116;48;2;233;232;173m▄[38;2;249;246;180;48;2;249;248;189m▄[38;2;187;185;132;48;2;151;151;111m▄[38;2;238;236;174;48;2;228;226;164m▄[38;2;251;249;175;48;2;249;248;173m▄[38;2;198;199;141;48;2;166;172;114m▄[38;2;180;196;117;48;2;189;205;125m▄[38;2;186;203;121;48;2;189;205;124m▄[38;2;190;207;126;48;2;189;206;125m▄[38;2;179;183;131;48;2;160;168;110m▄[38;2;251;250;183;48;2;248;247;183m▄[38;2;207;206;143;48;2;180;179;130m▄[38;2;226;224;164;48;2;202;200;145m▄[38;2;158;158;122;48;2;236;236;173m▄[0m [38;2;6;6;7m  [0m
[38;2;102;112;69m▄[38;2;107;114;82;48;2;137;146;94m▄[38;2;176;192;112;48;2;187;204;121m▄[38;2;185;202;117;48;2;188;205;122m▄[38;2;186;203;120;48;2;187;204;120m▄[38;2;187;204;120;48;2;171;187;107m▄[38;2;185;200;123;48;2;173;174;119m▄[38;2;157;163;105;48;2;247;245;179m▄[38;2;187;188;130;48;2;252;250;176m▄[38;2;191;191;136;48;2;251;250;180m▄[38;2;160;167;109;48;2;220;219;160m▄[38;2;186;203;122;48;2;170;185;110m▄[38;2;187;203;122;48;2;185;202;119m▄[38;2;184;201;118;48;2;186;203;119m▄[38;2;154;167;100;48;2;175;178;123m▄[38;2;174;179;122;48;2;251;250;179m▄[38;2;158;166;108;48;2;250;248;182m▄[38;2;178;193;120;48;2;196;197;145m▄[38;2;108;115;85;48;2;101;105;76m▄[0m[38;2;121;130;88m▄[38;2;141;151;94m▄[0m [0m
[38;2;135;145;93;48;2;184;202;117m▄[38;2;190;206;126;48;2;187;206;124m▄[38;2;190;208;128;48;2;148;163;95m▄[38;2;188;206;124;48;2;146;157;91m▄[38;2;186;203;119;48;2;186;202;119m▄[38;2;186;203;120;48;2;187;204;121m▄[48;2;187;204;122m▄[38;2;186;202;120m▄[48;2;187;204;121m▄[38;2;186;203;120;48;2;185;202;119m▄[38;2;184;202;120;48;2;183;200;117m▄[38;2;183;201;118;48;2;183;201;119m▄[38;2;173;187;112;48;2;187;204;122m▄[38;2;188;205;127;48;2;186;204;123m▄[38;2;173;189;114;48;2;184;202;119m▄[38;2;184;201;120;48;2;183;201;118m▄[48;2;182;199;118m [38;2;180;198;115;48;2;179;197;115m▄[38;2;165;179;110;48;2;174;190;115m▄[38;2;68;71;58;48;2;182;197;124m▄[0m[7m[38;2;110;118;82m▄[0m [0m
 [7m[38;2;83;88;63m▄[0m[38;2;70;73;54;48;2;185;201;125m▄[38;2;181;198;121;48;2;190;207;126m▄[38;2;188;204;123;48;2;188;205;123m▄[48;2;187;204;122m [38;2;186;203;120;48;2;186;202;120m▄ [38;2;186;202;120;48;2;185;202;120m▄[38;2;185;202;120;48;2;186;202;120m▄[48;2;186;203;121m▄[38;2;184;202;120;48;2;184;201;120m▄[38;2;185;202;121;48;2;154;167;101m▄[38;2;185;202;120;48;2;188;204;127m▄[38;2;184;201;119;48;2;149;163;96m▄[38;2;186;202;123;48;2;182;199;118m▄[38;2;135;147;92;48;2;178;196;116m▄[0m[7m[38;2;148;158;98m▄[0m [38;2;0;0;0m   [0m
 [38;2;0;0;0m [0m [7m[38;2;98;104;74m▄[0m[38;2;144;155;96;48;2;186;202;117m▄[38;2;188;205;122;48;2;188;204;122m▄[48;2;187;204;121m [38;2;187;204;121;48;2;186;203;121m▄[38;2;186;203;121;48;2;185;202;120m▄▄ [38;2;185;202;120;48;2;185;201;119m▄[48;2;184;201;119m▄[38;2;184;201;119;48;2;184;201;118m▄[38;2;183;201;118;48;2;184;201;120m▄[38;2;178;195;116;48;2;187;204;125m▄[0m[7m[38;2;83;86;64m▄[0m[38;2;26;26;25m     [0m
 [38;2;0;0;0m   [38;2;79;85;60;48;2;112;120;83m▄[38;2;188;206;123;48;2;188;206;124m▄[38;2;187;204;121;48;2;188;205;122m▄[38;2;186;203;120;48;2;187;204;121m▄[48;2;186;203;121m [38;2;187;203;121;48;2;186;204;122m▄[38;2;184;199;120;48;2;186;204;121m▄[38;2;190;205;125;48;2;185;203;121m▄[38;2;186;202;120;48;2;185;202;120m▄[38;2;185;202;119;48;2;185;202;121m▄[38;2;186;203;121;48;2;185;203;121m▄[38;2;186;204;122;48;2;180;198;118m▄[0m[38;2;125;133;94m▄[0m [38;2;4;4;4m    [0m
 [38;2;0;0;0m   [7m[38;2;65;68;52m▄[0m[38;2;189;206;122;48;2;189;206;123m▄[38;2;188;205;120;48;2;187;204;120m▄[38;2;188;205;122m▄[38;2;187;205;120;48;2;185;203;120m▄[38;2;184;202;118;48;2;149;161;94m▄[38;2;185;203;120;48;2;149;162;97m▄[38;2;185;202;122;48;2;148;161;98m▄[38;2;146;159;96;48;2;143;155;92m▄[38;2;72;76;56;48;2;146;158;91m▄[0m[7m[38;2;158;170;101m▄[38;2;169;183;110m▄[38;2;139;150;95m▄[0m [38;2;0;0;0m    [0m
 [38;2;0;0;0m [0m [38;2;78;32;38m▄[38;2;97;59;48m▄[38;2;189;210;122;48;2;187;206;118m▄[38;2;189;207;121;48;2;187;205;120m▄[38;2;188;206;121;48;2;189;206;122m▄[38;2;187;205;121;48;2;188;206;121m▄[48;2;186;204;120m [38;2;186;205;121;48;2;184;202;117m▄[38;2;107;114;80;48;2;158;172;103m▄[0m [38;2;1;1;1m         [0m
 [38;2;0;0;0m [0m [38;2;109;7;24;48;2;90;8;20m▄[38;2;115;8;27;48;2;78;41;29m▄[38;2;97;35;33;48;2;188;209;122m▄[38;2;110;90;57;48;2;188;206;119m▄[38;2;139;141;80;48;2;186;204;120m▄[38;2;179;196;117m▄[38;2;189;207;124;48;2;188;207;123m▄[38;2;152;164;97;48;2;187;205;124m▄[38;2;64;6;14;48;2;67;46;38m▄[0m[38;2;41;20;24m▄         [0m
[38;2;193;141;27m▄[38;2;121;86;22m▄[38;2;102;6;22m▄[38;2;81;4;16;48;2;99;7;22m▄[38;2;105;6;23;48;2;113;8;25m▄[38;2;114;6;24;48;2;109;8;25m▄[38;2;116;6;24;48;2;110;7;25m▄[38;2;114;7;24;48;2;119;8;25m▄[38;2;96;25;26;48;2;124;86;57m▄[38;2;119;96;63;48;2;166;179;107m▄[38;2;103;6;21;48;2;91;13;22m▄[38;2;89;26;14;48;2;96;5;19m▄[38;2;189;138;24;48;2;50;39;36m▄[38;2;201;150;27;48;2;65;57;39m▄[0m[38;2;185;137;27m▄[0m [38;2;33;31;26m      [0m
[38;2;189;140;27;48;2;191;139;26m▄[38;2;189;141;28;48;2;188;139;25m▄[38;2;120;73;18;48;2;93;27;17m▄[38;2;115;5;24;48;2;104;5;22m▄[38;2;121;6;26;48;2;87;4;17m▄[48;2;98;4;17m▄[38;2;103;6;21;48;2;115;5;23m▄[38;2;105;6;22;48;2;113;6;23m▄[38;2;110;7;25;48;2;97;6;21m▄[38;2;113;8;25;48;2;88;13;22m▄[38;2;113;7;24;48;2;100;5;19m▄[38;2;123;7;27;48;2;91;18;17m▄[38;2;133;78;17;48;2;187;137;24m▄[38;2;188;140;27;48;2;194;143;28m▄[38;2;186;139;26;48;2;188;139;25m▄[38;2;61;51;25;48;2;69;58;32m▄[0m[38;2;61;51;25m      [0m
[38;2;105;32;18;48;2;142;101;20m▄[38;2;201;154;27;48;2;194;146;29m▄[38;2;161;117;23;48;2;150;104;22m▄[38;2;119;6;24;48;2;120;6;24m▄[38;2;118;7;25;48;2;118;6;25m▄[48;2;117;7;26m  [38;2;117;7;26;48;2;116;7;26m▄[38;2;118;7;26m▄[38;2;119;7;24;48;2;118;7;26m▄[48;2;118;7;25m [38;2;113;7;24;48;2;118;6;25m▄[38;2;100;13;20;48;2;108;35;18m▄[38;2;188;141;28;48;2;195;146;28m▄[38;2;165;115;27;48;2;191;144;27m▄[0m [38;2;48;34;38m      [0m
[38;2;91;24;33;48;2;120;6;24m▄[38;2;93;57;25;48;2;164;117;22m▄[38;2;100;73;34;48;2;149;104;22m▄[38;2;87;27;37;48;2;120;6;25m▄[38;2;79;15;26;48;2;117;7;25m▄[38;2;77;12;24;48;2;116;6;25m▄[38;2;84;19;29;48;2;116;7;26m▄[38;2;94;35;42;48;2;119;8;26m▄[38;2;77;27;34;48;2;124;7;26m▄[0m[7m[38;2;123;7;26m▄[38;2;115;7;26m▄[38;2;118;20;37m▄[38;2;121;39;49m▄[38;2;119;94;41m▄[0m  [38;2;0;0;0m      [0m
[?25h