[?25l[0m [38;2;0;0;0m          [0m     [38;2;0;0;0m [0m [38;2;0;0;0m [0m [38;2;0;0;0m          [0m
 [38;2;0;0;0m                             [0m
 [38;2;0;0;0m       [0m            [38;2;64;48;0m          [0m
 [38;2;0;0;0m      [38;2;143;108;1m▄[38;2;181;142;1;48;2;127;95;0m▄[38;2;216;172;1;48;2;176;135;0m▄[38;2;217;173;0;48;2;200;153;0m▄[38;2;207;164;1;48;2;203;159;1m▄[38;2;208;165;1;48;2;212;166;0m▄[38;2;208;166;1;48;2;213;167;0m▄[38;2;207;165;2;48;2;208;165;1m▄[38;2;208;166;2;48;2;212;168;1m▄[38;2;207;166;3;48;2;214;171;1m▄[38;2;207;165;2;48;2;212;168;1m▄[38;2;209;166;2;48;2;204;160;1m▄[38;2;214;170;0;48;2;180;137;0m▄[38;2;161;123;1;48;2;143;110;0m▄[0m[38;2;91;68;0m▄        [0m
 [38;2;0;0;0m      [38;2;145;108;1;48;2;140;104;0m▄[38;2;186;143;1;48;2;194;151;1m▄[38;2;181;139;1;48;2;212;169;1m▄[38;2;145;107;1;48;2;181;139;1m▄[38;2;149;112;1;48;2;153;114;0m▄[38;2;148;111;0;48;2;151;113;0m▄[38;2;151;113;1;48;2;151;114;0m▄[38;2;150;112;1;48;2;150;113;1m▄[48;2;148;111;0m [38;2;149;112;1;48;2;150;113;0m▄[38;2;148;111;1;48;2;152;115;0m▄[38;2;147;110;0;48;2;153;115;0m▄[38;2;144;107;0;48;2;168;129;0m▄[38;2;145;109;0;48;2;167;129;2m▄[38;2;83;61;0;48;2;87;64;0m▄[0m[38;2;83;61;0m        [0m
 [38;2;0;0;0m      [38;2;148;111;1;48;2;143;107;2m▄[38;2;187;144;2;48;2;194;151;2m▄[38;2;151;112;0;48;2;157;117;1m▄[38;2;145;108;0;48;2;147;110;1m▄[38;2;146;109;0;48;2;146;109;1m▄[38;2;147;110;0;48;2;147;110;1m▄[38;2;145;108;0m▄[38;2;145;108;1;48;2;146;110;1m▄[48;2;147;110;1m▄[38;2;143;107;1;48;2;145;108;1m▄[38;2;143;106;1;48;2;144;107;0m▄[38;2;146;109;1;48;2;144;107;1m▄[38;2;144;107;0;48;2;142;105;1m▄[38;2;143;107;0;48;2;145;108;1m▄[38;2;86;64;0;48;2;89;66;0m▄[0m[38;2;86;64;0m        [0m
 [38;2;0;0;0m      [38;2;151;114;2;48;2;159;120;2m▄[38;2;161;121;1;48;2;181;140;2m▄[38;2;90;67;0;48;2;145;107;0m▄[38;2;82;62;1;48;2;90;67;0m▄[38;2;149;120;0;48;2;80;61;0m▄[38;2;145;114;0;48;2;76;58;0m▄[38;2;146;117;0;48;2;71;54;0m▄[38;2;149;118;0;48;2;70;53;1m▄[38;2;147;116;0;48;2;69;53;1m▄[0m[38;2;145;112;0m▄[38;2;147;115;0m▄[38;2;150;117;0m▄[38;2;150;118;0m▄[38;2;152;122;1m▄[38;2;151;121;1m▄[38;2;143;112;1m▄[38;2;123;96;1m▄[0m [38;2;13;11;0m     [0m
 [38;2;0;0;0m      [38;2;147;108;0;48;2;145;108;1m▄[38;2;73;54;0;48;2;114;84;1m▄[38;2;156;117;0;48;2;88;63;0m▄[38;2;172;134;1;48;2;176;138;2m▄[38;2;2;4;0;48;2;146;115;1m▄[38;2;1;25;5;48;2;60;47;1m▄[38;2;2;34;7;48;2;64;50;3m▄[38;2;1;32;7;48;2;59;46;1m▄[38;2;1;34;7;48;2;56;43;1m▄[38;2;1;31;6;48;2;57;44;1m▄[38;2;0;3;0;48;2;61;47;1m▄[38;2;1;26;4;48;2;65;50;1m▄[38;2;1;28;5m▄[38;2;1;35;7;48;2;66;52;1m▄[38;2;1;33;7;48;2;71;55;2m▄[38;2;1;26;5;48;2;75;59;1m▄[38;2;2;2;0;48;2;96;74;3m▄[38;2;91;71;3;48;2;123;96;4m▄[0m [38;2;94;74;1m    [0m
 [38;2;0;0;0m      [38;2;149;110;0;48;2;153;112;0m▄[38;2;68;49;1;48;2;64;47;1m▄[38;2;153;112;1;48;2;142;105;1m▄[38;2;178;138;1;48;2;172;133;1m▄[38;2;5;9;1;48;2;3;20;2m▄[38;2;1;28;6;48;2;2;148;26m▄[38;2;1;23;5;48;2;4;150;28m▄[48;2;5;157;27m▄[38;2;0;23;4;48;2;2;152;23m▄[38;2;0;31;5;48;2;1;140;16m▄[38;2;0;3;1;48;2;0;14;1m▄[38;2;1;46;7;48;2;1;137;16m▄[38;2;1;33;6;48;2;2;141;19m▄[38;2;0;17;3;48;2;3;159;23m▄[38;2;0;12;1;48;2;2;147;23m▄[38;2;0;15;2;48;2;2;125;16m▄[38;2;1;2;0;48;2;0;4;0m▄[38;2;83;66;1;48;2;88;71;1m▄[0m [38;2;92;73;0m    [0m
 [38;2;0;0;0m      [38;2;150;113;0;48;2;150;112;1m▄[38;2;140;104;0;48;2;98;72;1m▄[0m[7m[38;2;115;85;1m▄[0m[38;2;93;75;2;48;2;189;149;2m▄[38;2;206;165;1;48;2;118;94;1m▄[38;2;209;168;0;48;2;51;41;1m▄[38;2;210;170;1m▄[38;2;206;166;2;48;2;45;36;3m▄[38;2;206;167;1;48;2;42;33;2m▄[38;2;207;166;1;48;2;44;33;1m▄[38;2;206;165;1;48;2;43;34;1m▄[38;2;201;163;2;48;2;41;33;1m▄[38;2;199;159;1;48;2;36;28;1m▄[38;2;200;158;1;48;2;37;28;1m▄[38;2;198;157;1;48;2;39;31;1m▄[38;2;204;164;0;48;2;45;35;1m▄[38;2;167;134;0;48;2;70;55;1m▄[0m[7m[38;2;124;98;0m▄[0m [38;2;1;1;0m    [0m
 [38;2;0;0;0m      [38;2;158;117;1;48;2;156;118;2m▄[38;2;155;116;0;48;2;155;116;1m▄[38;2;143;107;1;48;2;150;112;0m▄[0m[38;2;145;108;0m▄[38;2;147;111;1m▄[38;2;146;110;1m▄[38;2;148;111;1m▄[38;2;147;111;0m▄[38;2;144;108;0m▄[38;2;143;107;1m▄▄[38;2;129;95;0m▄[38;2;137;100;0m▄[38;2;140;103;0m▄[38;2;86;63;0m▄        [0m
 [38;2;0;0;0m      [38;2;147;110;2;48;2;150;112;1m▄[38;2;148;111;1;48;2;152;113;1m▄[38;2;145;109;1;48;2;146;110;0m▄[38;2;144;108;1;48;2;145;109;1m▄[38;2;145;109;1;48;2;146;110;1m▄[38;2;147;110;1;48;2;144;108;0m▄[38;2;148;112;1;48;2;144;109;0m▄[48;2;143;108;1m▄[38;2;150;113;1m▄[38;2;149;112;1;48;2;148;111;1m▄[38;2;145;110;1;48;2;148;112;0m▄[38;2;125;92;1;48;2;110;82;0m▄[38;2;145;108;0;48;2;140;105;0m▄[38;2;144;107;0;48;2;142;106;0m▄[38;2;79;57;0;48;2;80;59;0m▄[0m[38;2;79;57;0m        [0m
 [38;2;0;0;0m      [38;2;152;113;1;48;2;151;112;1m▄[38;2;148;111;1;48;2;149;110;1m▄[48;2;147;110;1m [38;2;125;94;0;48;2;147;110;0m▄[0m[7m[38;2;152;113;1m▄[38;2;149;111;1m▄▄[38;2;149;110;1m▄[38;2;151;113;0m▄[38;2;152;114;1m▄[38;2;149;110;0m▄[38;2;147;109;1m▄[38;2;146;108;1m▄[38;2;142;105;0m▄[38;2;78;58;0m▄[0m[38;2;32;24;0m        [0m
 [38;2;0;0;0m      [38;2;146;109;2;48;2;148;110;1m▄[38;2;141;105;0;48;2;147;109;0m▄[38;2;96;72;1;48;2;131;97;0m▄[0m[7m[38;2;89;74;22m▄[0m[38;2;183;166;79;48;2;199;179;76m▄[38;2;221;203;97;48;2;234;211;99m▄[38;2;135;126;60;48;2;137;126;59m▄[38;2;220;201;96;48;2;231;209;93m▄[38;2;222;203;94;48;2;230;211;96m▄[38;2;226;209;103;48;2;230;212;101m▄[0m [38;2;198;186;102;48;2;223;207;101m▄[38;2;147;137;66;48;2;169;156;75m▄[0m[38;2;147;137;66m          [0m
 [38;2;0;0;0m      [38;2;140;105;2;48;2;138;103;2m▄[38;2;146;109;1;48;2;144;108;1m▄[38;2;128;97;2;48;2;108;82;1m▄[0m[38;2;108;96;46m▄[38;2;210;191;95m▄[38;2;226;206;99m▄[38;2;134;124;65m▄[38;2;231;213;114m▄[38;2;230;213;111m▄[38;2;230;212;107m▄[0m [38;2;224;207;106m▄[38;2;173;163;87m▄          [0m
 [38;2;0;0;0m    [0m [38;2;101;74;0m▄[38;2;69;49;0;48;2;147;109;1m▄[38;2;150;110;0;48;2;151;112;1m▄[38;2;147;109;1;48;2;147;110;1m▄[38;2;142;105;1;48;2;93;69;1m▄[0m[38;2;97;72;1m▄[38;2;101;74;1;48;2;107;99;52m▄[0m[38;2;105;78;1m▄[38;2;97;72;1m▄[38;2;100;74;1m▄▄[38;2;109;81;1m▄[38;2;111;83;1m▄[38;2;104;77;1m▄[38;2;129;94;1m▄[0m [38;2;12;9;0m        [0m
   [38;2;165;121;0m▄[38;2;166;124;1;48;2;100;75;0m▄[38;2;170;129;1;48;2;164;123;1m▄[38;2;171;130;1;48;2;167;126;1m▄[38;2;169;127;1;48;2;141;106;1m▄[38;2;174;130;0;48;2;32;24;1m▄[48;2;26;20;0m▄[38;2;81;60;0;48;2;124;93;2m▄[38;2;59;43;0;48;2;149;111;1m▄[38;2;60;44;0;48;2;153;115;1m▄[38;2;57;42;0;48;2;154;115;1m▄[38;2;56;41;1;48;2;150;111;1m▄[38;2;56;41;0;48;2;149;110;1m▄[38;2;59;43;0;48;2;152;113;1m▄[38;2;55;41;0;48;2;153;115;1m▄[38;2;49;36;0;48;2;148;111;1m▄[38;2;61;44;0;48;2;129;95;1m▄[38;2;121;90;1;48;2;61;43;0m▄[38;2;173;131;2;48;2;90;67;0m▄[38;2;172;130;1;48;2;156;116;0m▄[38;2;177;133;0;48;2;122;91;0m▄[0m[38;2;148;112;1m▄[0m  [38;2;2;2;0m   [0m
 [38;2;91;68;0m▄[38;2;70;52;0;48;2;66;48;0m▄[38;2;71;50;0;48;2;149;110;0m▄[38;2;126;92;0;48;2;154;114;1m▄[38;2;119;88;0;48;2;180;136;0m▄[38;2;108;80;0;48;2;174;132;0m▄[38;2;81;62;0;48;2;170;128;0m▄[38;2;82;62;0;48;2;168;126;1m▄[38;2;81;61;1;48;2;174;131;0m▄[38;2;81;63;0;48;2;181;136;0m▄[38;2;82;62;1;48;2;178;134;1m▄[38;2;90;68;1;48;2;176;132;1m▄[38;2;87;65;0;48;2;171;128;1m▄[38;2;89;67;1;48;2;170;127;1m▄[48;2;171;127;1m▄[38;2;85;63;1;48;2;170;126;1m▄[38;2;84;62;1;48;2;170;125;0m▄[38;2;84;63;1;48;2;173;129;0m▄[38;2;86;63;0;48;2;174;129;1m▄[38;2;84;63;0;48;2;174;130;1m▄[38;2;81;61;0;48;2;172;129;1m▄[38;2;75;56;0;48;2;169;125;1m▄[38;2;82;59;0;48;2;166;124;0m▄[38;2;135;97;0;48;2;159;117;1m▄[38;2;131;93;0;48;2;149;110;0m▄[0m  [38;2;61;45;0m  [0m
[38;2;132;96;0;48;2;125;92;0m▄[38;2;133;98;1;48;2;137;101;0m▄[48;2;129;96;0m▄[38;2;128;94;0;48;2;75;56;0m▄[0m[7m[38;2;69;51;0m▄[0m[38;2;150;111;0;48;2;137;102;0m▄[38;2;156;117;0;48;2;143;107;0m▄[38;2;151;111;0;48;2;140;104;0m▄[38;2;156;117;1;48;2;149;111;0m▄[38;2;153;114;0;48;2;147;110;0m▄[38;2;151;112;0;48;2;142;105;1m▄[38;2;153;114;1;48;2;144;108;1m▄[38;2;152;113;0;48;2;141;105;1m▄[38;2;152;114;1;48;2;138;103;1m▄[48;2;139;105;1m▄[38;2;151;113;0;48;2;141;107;0m▄[38;2;150;112;1;48;2;140;105;1m▄[38;2;152;112;1;48;2;142;105;0m▄[38;2;155;115;1;48;2;144;107;0m▄[38;2;155;114;1;48;2;142;104;0m▄[38;2;157;116;1;48;2;142;105;0m▄[38;2;157;117;0;48;2;145;107;0m▄[38;2;157;116;0;48;2;149;111;0m▄[38;2;155;114;0;48;2;149;111;1m▄[38;2;157;117;0;48;2;143;106;0m▄[0m[7m[38;2;121;88;0m▄[0m[38;2;57;41;0m [38;2;111;83;1;48;2;113;84;0m▄[38;2;130;96;0;48;2;74;55;0m▄[0m [0m
                              [0m
 [38;2;0;0;0m  [0m [7m[38;2;104;77;0m▄[38;2;119;85;0m▄[0m[38;2;97;73;0m▄[38;2;51;38;0;48;2;126;92;0m▄[0m[38;2;129;95;0m▄[38;2;104;80;1m▄[0m [38;2;13;10;0m [38;2;124;91;0m▄[7m[38;2;124;92;0m▄[0m [38;2;113;85;1;48;2;109;81;1m▄[0m [38;2;94;69;0m▄[38;2;123;94;0;48;2;89;68;0m▄[0m[38;2;123;94;0m [0m [38;2;105;78;0;48;2;85;63;0m▄[38;2;74;53;1;48;2;108;80;0m▄[0m [38;2;161;122;0;48;2;118;88;2m▄[0m[38;2;133;99;2m▄[0m [38;2;56;42;0m   [0m
[?25h