[?25l[0m[38;2;53;59;7;48;2;53;60;7m▄[38;2;54;61;7;48;2;53;60;8m▄[38;2;53;60;7;48;2;38;44;5m▄[38;2;27;33;1;48;2;32;39;2m▄[38;2;30;36;1;48;2;32;38;1m▄[38;2;27;32;0;48;2;30;36;2m▄[38;2;67;68;41;48;2;150;150;115m▄[38;2;250;247;193;48;2;252;249;191m▄[38;2;253;250;195;48;2;253;250;192m▄[38;2;253;250;197;48;2;253;250;193m▄[38;2;253;249;195;48;2;252;249;195m▄[38;2;252;249;194;48;2;244;241;193m▄[38;2;253;249;193;48;2;204;203;160m▄[38;2;252;250;193;48;2;182;180;140m▄[38;2;249;247;205;48;2;181;161;133m▄[38;2;118;62;49;48;2;148;38;31m▄[38;2;153;128;96;48;2;142;99;77m▄[38;2;252;249;192;48;2;246;243;187m▄[38;2;253;249;194;48;2;252;248;189m▄[38;2;252;249;191;48;2;252;249;189m▄[38;2;252;248;190;48;2;252;248;192m▄[38;2;179;177;137;48;2;162;162;131m▄[48;2;32;38;3m [38;2;25;30;1;48;2;24;30;1m▄[38;2;55;62;8;48;2;51;58;7m▄[38;2;57;65;8;48;2;56;64;8m▄[48;2;45;51;5m [38;2;52;60;8;48;2;54;62;8m▄[38;2;48;54;12;48;2;42;46;18m▄[0m [0m
[38;2;36;39;10;48;2;55;62;8m▄[38;2;30;33;7;48;2;51;58;7m▄[38;2;28;30;6;48;2;53;60;7m▄[38;2;26;28;7;48;2;35;40;3m▄[38;2;16;18;5;48;2;29;34;1m▄[38;2;19;22;6;48;2;28;33;0m▄[38;2;24;27;9;48;2;33;38;6m▄[38;2;88;87;72;48;2;215;213;174m▄[38;2;139;138;112;48;2;253;250;196m▄[38;2;140;138;109;48;2;253;249;194m▄[38;2;141;139;108;48;2;253;250;194m▄[38;2;141;139;109;48;2;253;250;195m▄[38;2;140;138;110;48;2;253;250;196m▄[38;2;140;138;111;48;2;252;250;196m▄[38;2;139;138;109;48;2;250;247;193m▄[38;2;85;65;55;48;2;145;97;78m▄[38;2;80;47;40;48;2;144;96;76m▄[38;2;136;134;112;48;2;251;247;193m▄[38;2;139;138;111;48;2;252;249;191m▄[38;2;140;138;112;48;2;252;249;193m▄[38;2;140;139;111;48;2;252;249;194m▄[38;2;112;111;90;48;2;195;194;156m▄[38;2;19;21;6;48;2;32;39;3m▄[38;2;21;24;7;48;2;26;32;2m▄[38;2;36;39;9;48;2;55;62;9m▄[38;2;30;34;7;48;2;54;62;7m▄[38;2;28;32;7;48;2;44;50;6m▄[38;2;32;36;7;48;2;55;63;7m▄[38;2;34;38;10;48;2;56;65;8m▄[0m [0m
 [38;2;0;0;0m                             [0m
 [38;2;0;0;0m        [0m  [38;2;59;63;64m▄[38;2;76;81;84m▄[38;2;90;96;99m▄[38;2;75;80;82m▄[38;2;54;56;58m▄[0m  [38;2;6;6;6m            [0m
 [38;2;0;0;0m     [0m [38;2;98;106;109m▄[38;2;133;145;152;48;2;61;64;66m▄[48;2;111;119;123m▄[48;2;131;142;148m▄[48;2;133;145;153m▄[48;2;130;143;150m▄[38;2;132;144;151m▄[38;2;133;145;152;48;2;131;144;152m▄[48;2;132;145;152m [38;2;132;145;152;48;2;125;138;144m▄[38;2;133;145;152;48;2;103;111;115m▄[0m[38;2;132;143;150m▄[38;2;82;88;91m▄[0m [38;2;14;14;14m         [0m
 [38;2;0;0;0m    [0m [38;2;129;141;148;48;2;90;98;102m▄[38;2;133;144;151;48;2;134;146;152m▄[38;2;134;145;152m▄[38;2;134;146;152;48;2;134;145;152m▄[48;2;133;146;153m▄[38;2;134;145;152;48;2;134;146;152m▄[48;2;133;145;152m   [48;2;133;145;153m [38;2;134;146;153;48;2;133;146;153m▄[38;2;133;145;153;48;2;134;145;153m▄[48;2;133;146;153m▄[48;2;132;145;153m [38;2;131;145;152;48;2;89;96;100m▄[0m [38;2;44;46;46m        [0m
 [38;2;0;0;0m    [38;2;43;46;47;48;2;42;45;47m▄[48;2;129;141;148m [38;2;131;143;150;48;2;132;144;151m▄[38;2;134;146;153;48;2;133;146;152m▄[48;2;134;146;153m  [48;2;134;146;152m [48;2;133;145;152m     [38;2;133;145;152;48;2;133;145;153m▄[48;2;134;146;153m [38;2;135;147;154m▄[38;2;137;149;156;48;2;136;148;155m▄[38;2;67;72;74;48;2;68;72;74m▄[0m[38;2;67;72;74m        [0m
 [38;2;0;0;0m    [38;2;80;85;87;48;2;52;56;58m▄[38;2;137;148;155;48;2;135;146;153m▄[38;2;136;147;154;48;2;133;145;152m▄[38;2;111;121;126m▄[38;2;110;119;124;48;2;134;146;153m▄[38;2;113;122;126;48;2;133;145;153m▄[38;2;116;125;130;48;2;133;145;152m▄▄[38;2;113;122;126;48;2;133;145;151m▄[38;2;111;121;126;48;2;133;145;152m▄[38;2;113;123;127m▄[38;2;114;124;127m▄[38;2;115;124;127m▄[38;2;112;121;126;48;2;134;146;153m▄[38;2;108;119;123m▄[38;2;107;118;123;48;2;133;145;153m▄[38;2;93;99;102;48;2;89;94;97m▄[0m  [38;2;0;0;0m      [0m
 [38;2;0;0;0m    [38;2;77;82;84;48;2;79;83;86m▄[38;2;128;141;148;48;2;135;146;153m▄[38;2;135;146;154;48;2;138;149;156m▄[38;2;132;143;148;48;2;130;142;148m▄[38;2;167;182;189;48;2;163;179;187m▄[38;2;168;181;189;48;2;168;183;191m▄[38;2;93;100;104;48;2;171;186;192m▄[38;2;122;123;104;48;2;173;187;194m▄[38;2;174;176;142m▄[38;2;165;168;139;48;2;171;185;193m▄[38;2;133;136;119;48;2;172;187;195m▄[38;2;63;68;67;48;2;173;188;195m▄[38;2;53;57;59;48;2;172;187;194m▄[38;2;64;68;68;48;2;168;182;190m▄[38;2;141;144;131;48;2;164;180;188m▄[38;2;171;174;149m▄[38;2;169;171;138;48;2;168;183;190m▄[38;2;73;74;63;48;2;166;178;183m▄[38;2;28;29;30;48;2;80;83;84m▄[0m [38;2;12;12;12m     [0m
 [38;2;0;0;0m    [38;2;77;81;84;48;2;79;85;87m▄[38;2;132;144;152;48;2;131;143;151m▄[38;2;133;146;153;48;2;133;145;153m▄[38;2;125;137;142;48;2;127;138;144m▄[38;2;165;180;187;48;2;166;180;188m▄[38;2;163;179;187;48;2;169;183;191m▄[38;2;183;183;141;48;2;99;100;84m▄[38;2;252;248;181;48;2;249;245;182m▄[38;2;252;249;188;48;2;252;248;185m▄[38;2;210;208;163;48;2;252;249;191m▄[38;2;188;187;147;48;2;252;249;185m▄[38;2;251;249;193;48;2;206;203;152m▄[38;2;198;197;151;48;2;44;44;31m▄[38;2;251;247;187;48;2;185;182;138m▄[38;2;253;249;183;48;2;252;249;192m▄[38;2;248;245;184;48;2;252;249;191m▄[38;2;146;143;107;48;2;252;249;186m▄[38;2;243;241;185;48;2;227;225;173m▄[38;2;102;102;78;48;2;34;34;27m▄[0m [38;2;10;10;10m     [0m
 [38;2;0;0;0m    [38;2;75;79;82;48;2;75;80;83m▄[38;2;133;145;153;48;2;132;144;152m▄[38;2;134;147;154;48;2;133;145;153m▄[38;2;128;139;145;48;2;128;139;144m▄[38;2;166;179;187;48;2;168;181;188m▄[38;2;163;178;185;48;2;167;182;188m▄[38;2;117;118;94;48;2;189;189;146m▄[38;2;251;247;187;48;2;252;248;183m▄[38;2;253;249;189;48;2;253;250;189m▄[38;2;253;250;187;48;2;202;201;158m▄[38;2;253;250;189;48;2;177;176;141m▄[38;2;249;248;196;48;2;251;249;195m▄[38;2;136;135;103;48;2;199;197;148m▄[38;2;248;245;181;48;2;251;247;180m▄[38;2;253;249;184;48;2;253;248;181m▄[38;2;253;250;181;48;2;248;245;178m▄[38;2;252;249;182;48;2;155;154;119m▄[38;2;243;240;182;48;2;244;241;183m▄[38;2;49;48;39;48;2;104;103;80m▄[0m [38;2;12;12;12m     [0m
 [38;2;0;0;0m    [38;2;69;75;78;48;2;73;78;81m▄[38;2;133;145;153;48;2;132;145;152m▄[38;2;137;149;157;48;2;134;146;154m▄[38;2;127;137;144;48;2;125;136;142m▄[38;2;163;176;184;48;2;163;178;186m▄[38;2;150;162;169;48;2;164;178;186m▄[38;2;134;145;153;48;2;53;56;57m▄[38;2;100;110;115;48;2;154;152;120m▄[38;2;107;115;112;48;2;248;246;189m▄[38;2;121;127;116;48;2;252;249;182m▄[38;2;74;80;78;48;2;244;241;177m▄[38;2;57;62;65;48;2;127;125;92m▄[38;2;54;60;63;48;2;3;3;2m▄[38;2;59;64;67;48;2;112;111;84m▄[38;2;75;81;82;48;2;237;234;182m▄[38;2;110;117;111;48;2;252;250;188m▄[38;2;96;105;108;48;2;232;229;169m▄[38;2;67;70;73;48;2;88;87;65m▄[0m[7m[38;2;25;24;24m▄[0m[38;2;14;14;14m      [0m
 [38;2;0;0;0m    [38;2;63;68;70;48;2;65;70;73m▄[38;2;132;144;151;48;2;131;144;151m▄[38;2;131;144;152;48;2;136;148;155m▄[38;2;110;121;126;48;2;121;130;135m▄[38;2;113;122;127;48;2;143;154;162m▄[38;2;105;114;120;48;2;139;151;159m▄[38;2;106;115;120;48;2;135;147;155m▄[38;2;111;121;127;48;2;134;146;155m▄[38;2;127;138;144;48;2;136;149;158m▄[38;2;135;146;153;48;2;135;148;156m▄[38;2;136;148;155;48;2;133;146;154m▄[38;2;133;146;155;48;2;133;147;155m▄[38;2;133;147;155;48;2;135;148;156m▄[38;2;135;149;157;48;2;137;149;157m▄[38;2;141;155;162;48;2;138;151;159m▄[38;2;141;153;161;48;2;137;151;159m▄[38;2;126;140;147;48;2;134;149;158m▄[38;2;67;71;74;48;2;82;88;91m▄[0m[38;2;67;71;74m       [0m
 [38;2;0;0;0m    [38;2;63;69;72;48;2;66;71;74m▄[38;2;134;146;152;48;2;137;148;155m▄[48;2;133;145;152m▄[38;2;134;146;153m▄[48;2;134;146;153m [38;2;135;147;154;48;2;133;146;153m▄[38;2;135;148;155;48;2;136;148;155m▄[38;2;135;147;155;48;2;133;144;151m▄[38;2;135;148;155;48;2;121;132;138m▄[38;2;135;147;155;48;2;111;121;127m▄[38;2;136;148;155;48;2;107;117;121m▄[48;2;107;116;121m▄[38;2;135;148;155;48;2;106;116;121m▄[38;2;120;133;139;48;2;99;109;115m▄[0m[7m[38;2;56;57;58m▄[0m  [38;2;0;0;0m        [0m
 [38;2;0;0;0m  [0m [38;2;34;36;36m▄[38;2;91;99;101;48;2;64;71;74m▄[38;2;135;147;153;48;2;134;146;153m▄[48;2;135;147;154m [38;2;136;147;154;48;2;135;146;154m▄[48;2;135;147;153m▄[38;2;136;148;155;48;2;135;147;154m▄[48;2;136;148;155m  [38;2;136;148;156m▄[38;2;136;148;155;48;2;135;148;154m▄[38;2;135;148;155;48;2;135;147;154m▄ [38;2;136;148;156;48;2;135;147;155m▄[38;2;121;131;136;48;2;123;133;139m▄[0m [38;2;8;8;8m          [0m
 [38;2;0;0;0m [0m [38;2;58;66;66;48;2;57;65;65m▄[38;2;57;67;68;48;2;57;69;70m▄[38;2;65;76;79;48;2;86;95;98m▄[38;2;112;122;128;48;2;135;146;153m▄[48;2;134;146;153m [38;2;136;147;154;48;2;135;147;154m▄[48;2;136;148;154m [48;2;136;148;155m [38;2;136;148;155;48;2;137;148;156m▄[48;2;136;148;155m [48;2;137;149;156m▄[48;2;136;148;156m ▄[38;2;137;148;156;48;2;136;148;155m▄[38;2;135;148;155;48;2;137;149;156m▄[38;2;113;123;128;48;2;118;128;133m▄[0m [38;2;15;15;15m          [0m
 [38;2;0;0;0m  [38;2;49;54;53;48;2;51;55;54m▄[38;2;48;57;56;48;2;58;67;66m▄[38;2;43;51;51;48;2;56;67;69m▄[38;2;99;108;113;48;2;88;97;100m▄[38;2;132;145;152;48;2;136;147;154m▄[38;2;135;147;154m▄[38;2;136;148;155m▄[48;2;137;148;155m▄[38;2;136;147;154;48;2;136;148;155m▄[48;2;136;148;154m▄[38;2;136;148;154;48;2;136;148;155m▄▄ [38;2;135;147;154m▄[38;2;134;147;154;48;2;133;146;154m▄[38;2;108;116;119;48;2;103;112;116m▄[0m[38;2;108;116;119m           [0m
  [38;2;95;100;102m▄[38;2;121;131;134;48;2;42;45;45m▄[38;2;43;49;49;48;2;52;61;61m▄[38;2;51;60;63;48;2;51;60;62m▄[38;2;64;78;81;48;2;75;83;85m▄[38;2;54;65;67;48;2;124;135;141m▄[38;2;65;73;76;48;2;136;148;155m▄[38;2;89;97;102;48;2;135;146;153m▄[38;2;119;128;134;48;2;135;147;154m▄[38;2;137;147;154;48;2;136;147;154m▄[38;2;140;151;158m▄[38;2;137;148;156m▄[38;2;133;146;153;48;2;136;148;155m▄[38;2;135;147;155;48;2;135;147;154m▄[38;2;141;153;160;48;2;135;148;155m▄[38;2;136;147;153;48;2;138;151;158m▄[38;2;75;81;83;48;2;107;114;116m▄[0m[38;2;56;60;61m▄[0m [38;2;11;11;11m         [0m
[38;2;163;175;182m▄[38;2;172;185;192;48;2;139;150;156m▄[38;2;169;183;190;48;2;167;182;189m▄[38;2;171;185;192;48;2;170;184;191m▄[38;2;174;187;194;48;2;138;150;156m▄[38;2;152;166;172;48;2;42;50;51m▄[38;2;80;89;93;48;2;45;55;58m▄[38;2;29;35;37;48;2;52;63;65m▄[38;2;34;42;44;48;2;46;56;58m▄[38;2;51;61;63;48;2;62;73;76m▄[38;2;60;71;73;48;2;65;77;78m▄[38;2;61;70;72;48;2;53;61;62m▄[38;2;67;78;80;48;2;68;77;79m▄[38;2;70;82;84;48;2;63;73;74m▄[38;2;57;65;66;48;2;51;58;60m▄[38;2;75;88;90;48;2;65;75;76m▄[38;2;74;86;87;48;2;58;66;67m▄[38;2;60;69;70;48;2;67;78;80m▄[38;2;67;77;79;48;2;64;74;74m▄[38;2;42;47;48;48;2;57;65;67m▄[38;2;162;177;185;48;2;120;129;132m▄[0m[38;2;161;175;181m▄[38;2;79;84;86m▄[0m [38;2;6;6;6m      [0m
[?25h