[?25l[0m[38;2;37;38;1;48;2;38;40;1m▄[38;2;48;49;0;48;2;49;50;1m▄[38;2;50;51;0;48;2;51;52;1m▄[38;2;52;53;1m▄[38;2;52;54;1;48;2;50;52;1m▄[38;2;52;53;0;48;2;42;44;1m▄[38;2;32;33;0;48;2;27;28;0m▄[48;2;29;30;0m [38;2;26;28;2;48;2;70;69;41m▄[38;2;198;197;146;48;2;250;247;187m▄[48;2;253;250;184m  [38;2;253;250;185m▄[38;2;253;249;185m▄[38;2;253;250;184;48;2;252;250;186m▄[38;2;252;249;185;48;2;196;194;147m▄[38;2;250;248;189;48;2;189;187;145m▄[38;2;253;251;188;48;2;251;249;192m▄[38;2;253;251;184;48;2;253;251;187m▄[38;2;252;250;182;48;2;237;236;180m▄[38;2;164;164;120;48;2;29;30;7m▄[38;2;42;43;5;48;2;30;31;1m▄[38;2;54;55;1;48;2;49;50;1m▄[38;2;50;51;1;48;2;50;52;1m▄[38;2;48;50;1;48;2;42;44;1m▄[38;2;43;45;1;48;2;50;52;1m▄[38;2;52;54;1;48;2;53;55;1m▄[48;2;52;53;1m▄[38;2;50;51;7;48;2;43;44;18m▄[0m [0m
[38;2;40;41;1;48;2;35;36;1m▄[38;2;53;54;1;48;2;49;50;0m▄[38;2;53;54;0;48;2;51;52;1m▄[38;2;53;55;1;48;2;52;54;1m▄[38;2;52;53;1;48;2;53;54;1m▄[38;2;51;52;1;48;2;52;53;0m▄[38;2;52;53;1;48;2;49;50;0m▄[38;2;47;48;1;48;2;26;27;0m▄[38;2;30;30;0;48;2;30;30;1m▄[38;2;36;36;13;48;2;106;105;72m▄[38;2;238;236;183;48;2;252;250;186m▄[38;2;252;250;184;48;2;253;251;185m▄[38;2;252;249;182;48;2;253;250;184m▄[38;2;252;249;185m▄[38;2;252;250;189;48;2;253;250;185m▄[38;2;251;249;185m▄[38;2;250;248;185;48;2;253;250;184m▄[38;2;249;246;188;48;2;253;251;185m▄[38;2;250;247;191;48;2;253;250;185m▄[38;2;250;248;194;48;2;253;250;186m▄[38;2;246;244;184;48;2;251;249;189m▄[38;2;235;231;168;48;2;146;145;104m▄[38;2;68;69;25;48;2;50;52;2m▄[38;2;54;56;1;48;2;51;52;1m▄[38;2;55;57;1;48;2;51;53;1m▄[38;2;36;37;2;48;2;38;39;1m▄[38;2;50;51;2;48;2;51;52;1m▄[38;2;58;60;3;48;2;54;55;1m▄[38;2;63;64;24;48;2;54;56;4m▄[0m [0m
[7m[38;2;44;45;16m▄[38;2;68;68;29m▄[38;2;71;72;26m▄[38;2;58;58;8m▄[38;2;49;49;3m▄[38;2;48;49;3m▄[38;2;51;52;3m▄[38;2;58;59;3m▄[0m[38;2;36;37;18;48;2;38;39;2m▄[38;2;30;31;17;48;2;32;32;2m▄[38;2;43;18;9;48;2;117;89;61m▄[38;2;113;52;43;48;2;157;107;71m▄[38;2;109;44;33;48;2;148;98;62m▄[38;2;112;39;25;48;2;154;95;59m▄[38;2;103;32;19;48;2;144;84;51m▄[38;2;89;46;22;48;2;119;85;41m▄[38;2;114;94;42;48;2;119;94;34m▄[38;2;118;97;49;48;2;113;84;25m▄[38;2;107;85;48;48;2;104;70;21m▄[38;2;76;22;14;48;2;116;36;18m▄[38;2;79;33;27;48;2;97;21;9m▄[0m[7m[38;2;99;18;6m▄[38;2;84;28;6m▄[38;2;53;56;5m▄[38;2;74;75;27m▄[38;2;44;43;19m▄[38;2;47;47;28m▄[0m [38;2;0;0;0m  [0m
       [38;2;1;1;1m                       [0m
[38;2;144;151;154;48;2;114;118;119m▄[38;2;130;135;138;48;2;120;125;126m▄[38;2;122;127;129;48;2;128;133;135m▄[38;2;121;126;127;48;2;131;137;139m▄[38;2;118;124;126;48;2;129;135;136m▄[38;2;119;125;126;48;2;118;123;124m▄[38;2;130;136;138;48;2;113;117;118m▄[38;2;149;156;157;48;2;94;97;97m▄[38;2;149;156;158;48;2;58;60;60m▄[0m[38;2;140;147;149m▄[38;2;118;122;123m▄[38;2;57;59;59m▄[0m [38;2;8;8;8m                 [0m
[38;2;176;183;191;48;2;143;149;155m▄[38;2;177;184;192;48;2;163;170;178m▄[48;2;174;182;190m▄[48;2;178;185;193m▄[38;2;178;185;193;48;2;176;184;192m▄[38;2;177;184;192;48;2;172;179;186m▄[38;2;177;183;191;48;2;163;170;177m▄[38;2;177;184;192;48;2;145;151;156m▄[38;2;178;185;193;48;2;136;141;146m▄[48;2;137;142;146m▄[38;2;175;183;191;48;2;128;134;137m▄[38;2;146;152;157;48;2;141;148;152m▄[0m[38;2;82;84;85m▄                 [0m
[38;2;176;182;190;48;2;175;182;190m▄[38;2;177;184;191;48;2;177;184;192m▄[48;2;178;184;192m [38;2;178;184;192;48;2;178;185;192m▄[38;2;178;185;193m▄▄[38;2;179;186;193;48;2;178;185;193m▄[48;2;179;185;193m [38;2;179;186;194m▄[48;2;179;186;193m▄[38;2;180;187;195;48;2;179;186;194m▄[48;2;181;188;196m▄[38;2;168;176;184;48;2;140;146;151m▄[0m [38;2;25;25;25m                [0m
[38;2;177;184;192;48;2;177;183;191m▄[38;2;178;184;192;48;2;177;184;192m▄[38;2;178;185;192;48;2;178;184;192m▄[38;2;178;185;193m▄[38;2;179;185;193;48;2;178;185;193m▄[38;2;179;186;193m▄[48;2;179;186;193m [38;2;179;186;194m▄[38;2;180;186;194;48;2;179;186;194m▄ [38;2;179;187;194m▄[38;2;180;187;194;48;2;178;185;194m▄[38;2;180;187;195;48;2;178;186;194m▄[0m[38;2;122;125;129m▄[0m [38;2;1;1;1m               [0m
[38;2;180;186;194;48;2;179;185;193m▄[38;2;179;185;193;48;2;178;185;192m▄[48;2;179;185;193m [38;2;179;186;194;48;2;179;186;193m▄[38;2;178;185;193;48;2;179;185;193m▄▄[38;2;180;186;194;48;2;179;186;193m▄[48;2;179;186;194m▄[38;2;181;187;195;48;2;180;186;194m▄[48;2;180;187;194m▄[38;2;181;187;194m▄[38;2;180;187;194;48;2;181;187;195m▄[38;2;180;187;195;48;2;180;187;194m▄[48;2;156;162;168m▄[0m[38;2;153;158;163m▄[0m [38;2;22;23;24m              [0m
[38;2;171;177;184;48;2;178;184;192m▄[38;2;179;186;194;48;2;179;185;193m▄[38;2;177;185;193;48;2;178;185;193m▄[38;2;181;182;154;48;2;162;166;155m▄[38;2;251;247;177;48;2;178;179;147m▄[38;2;252;248;179;48;2;169;171;150m▄[38;2;167;165;123;48;2;143;145;139m▄[38;2;131;130;96;48;2;147;152;157m▄[38;2;213;211;162;48;2;174;180;186m▄[38;2;139;140;113;48;2;183;189;196m▄[38;2;66;69;71;48;2;178;185;192m▄[38;2;126;131;136;48;2;178;184;192m▄[38;2;134;137;131;48;2;182;188;196m▄[38;2;175;175;145;48;2;186;191;198m▄[38;2;122;122;98;48;2;191;197;202m▄[38;2;127;126;97;48;2;137;140;144m▄[0m[38;2;183;181;137m▄[0m [38;2;16;16;16m            [0m
[38;2;156;161;168;48;2;162;169;177m▄[38;2;181;188;196;48;2;180;187;195m▄[38;2;182;188;196;48;2;182;190;197m▄[38;2;183;190;197;48;2;162;166;159m▄[38;2;158;162;157;48;2;241;238;175m▄[38;2;178;179;149;48;2;252;249;179m▄[38;2;187;186;131;48;2;252;249;177m▄[38;2;215;213;146;48;2;250;248;172m▄[38;2;207;204;144;48;2;251;248;174m▄[38;2;58;58;48;48;2;157;154;111m▄[38;2;172;178;185;48;2;92;95;98m▄[38;2;181;187;194;48;2;184;191;198m▄[38;2;176;183;191;48;2;157;163;162m▄[38;2;191;190;142;48;2;242;240;164m▄[38;2;249;247;172;48;2;229;226;151m▄[38;2;217;215;153;48;2;227;224;156m▄[38;2;116;115;96;48;2;223;221;167m▄[0m [38;2;1;1;1m            [0m
[38;2;125;130;131;48;2;154;159;165m▄[38;2;138;143;146;48;2;182;189;197m▄[38;2;150;156;160;48;2;180;188;195m▄[38;2;180;186;195;48;2;180;187;195m▄[38;2;180;187;196;48;2;181;187;195m▄[38;2;181;187;196;48;2;180;187;195m▄[38;2;181;188;196;48;2;177;184;191m▄[48;2;169;175;181m▄[38;2;180;187;196;48;2;163;170;175m▄[38;2;179;186;195;48;2;168;174;181m▄[48;2;178;185;193m [38;2;178;185;193;48;2;177;184;193m▄[38;2;181;188;195;48;2;177;185;193m▄[38;2;152;158;163;48;2;134;139;141m▄[38;2;157;161;166;48;2;148;151;150m▄[0m[7m[38;2;82;83;85m▄[0m [38;2;0;0;0m             [0m
[38;2;145;152;154;48;2;144;151;153m▄[38;2;143;151;153;48;2;144;152;154m▄[38;2;123;129;131;48;2;132;138;141m▄[38;2;183;190;197;48;2;180;187;195m▄[48;2;181;188;195m [38;2;181;188;195;48;2;181;188;196m▄[38;2;181;187;195;48;2;181;188;195m▄[38;2;180;187;195;48;2;181;188;196m▄[48;2;181;187;196m▄[48;2;180;187;195m [48;2;180;186;194m [48;2;179;186;194m [38;2;179;186;195m▄[38;2;176;184;193;48;2;168;176;183m▄[38;2;60;62;64;48;2;57;58;60m▄[0m[38;2;60;62;64m               [0m
[7m[38;2;146;153;155m [0m[38;2;144;151;153;48;2;145;152;154m▄[38;2;134;142;143;48;2;124;131;132m▄[38;2;161;167;173;48;2;176;182;189m▄[48;2;181;188;195m [48;2;181;187;195m [38;2;180;187;194m▄[48;2;180;187;194m [48;2;180;187;195m  [38;2;180;186;194m▄[48;2;179;186;195m [38;2;180;187;195;48;2;178;186;195m▄[38;2;179;186;195;48;2;177;185;194m▄[38;2;131;135;140;48;2;95;99;102m▄[0m[38;2;131;135;140m               [0m
[38;2;141;149;151;48;2;143;150;153m▄[38;2;142;150;152;48;2;144;151;153m▄[38;2;143;151;153;48;2;145;152;154m▄[38;2;148;153;157;48;2;149;154;160m▄[38;2;162;166;169;48;2;180;187;195m▄[38;2;133;136;126;48;2;179;186;194m▄[38;2;139;139;120;48;2;181;187;194m▄[38;2;122;121;109;48;2;174;180;186m▄[38;2;145;146;136;48;2;149;154;159m▄[38;2;148;149;140;48;2;146;151;156m▄[38;2;140;142;138;48;2;145;151;155m▄[38;2;152;155;151;48;2;150;155;159m▄[38;2;140;143;146;48;2;156;161;165m▄[38;2;112;114;115;48;2;149;154;159m▄[0m[7m[38;2;136;141;146m▄[0m [38;2;1;1;1m              [0m
[38;2;146;153;155;48;2;145;152;155m▄[48;2;144;151;153m [38;2;144;151;151;48;2;142;149;151m▄[38;2;134;134;98;48;2;110;113;102m▄[38;2;167;164;108;48;2;165;159;102m▄[38;2;136;133;92;48;2;154;147;100m▄[38;2;176;173;115;48;2;186;177;116m▄[38;2;138;135;92;48;2;150;143;95m▄[38;2;177;174;122;48;2;183;175;121m▄[38;2;183;180;131;48;2;186;178;126m▄[38;2;139;138;99;48;2;156;151;108m▄[38;2;164;163;112;48;2;187;184;131m▄[0m [38;2;37;36;35m                 [0m
[38;2;142;149;151;48;2;142;150;152m▄[38;2;145;152;154;48;2;143;150;152m▄[38;2;143;151;151;48;2;129;137;138m▄[38;2;142;141;98;48;2;213;208;144m▄[38;2;180;179;120;48;2;242;237;157m▄[38;2;148;147;106;48;2;186;183;131m▄[38;2;192;191;142;48;2;249;244;174m▄[38;2;148;147;107;48;2;190;187;135m▄[38;2;189;189;137;48;2;246;243;175m▄[38;2;187;186;129;48;2;247;243;170m▄[38;2;136;135;94;48;2;183;181;123m▄[38;2;160;159;112;48;2;236;233;157m▄[0m [38;2;13;13;13m                 [0m
[38;2;144;151;153;48;2;144;151;152m▄[38;2;146;153;155;48;2;145;152;154m▄[38;2;147;153;155;48;2;146;154;155m▄[38;2;148;155;157;48;2;144;148;131m▄[38;2;120;127;126;48;2;226;222;163m▄[38;2;120;125;116;48;2;193;192;137m▄[38;2;132;135;121;48;2;250;247;171m▄[38;2;119;123;109;48;2;193;190;131m▄[38;2;135;138;120;48;2;249;245;168m▄[38;2;130;134;120;48;2;248;245;164m▄[38;2;122;127;119;48;2;183;180;128m▄[38;2;121;129;130;48;2;217;215;155m▄[38;2;111;117;119;48;2;53;53;53m▄[0m[38;2;111;117;119m                 [0m
[38;2;142;148;151;48;2;146;153;155m▄[38;2;144;151;154;48;2;147;153;155m▄[48;2;145;152;154m▄[38;2;144;152;155;48;2;144;152;154m▄ [38;2;145;152;155m▄[38;2;145;153;155;48;2;142;150;152m▄[38;2;145;152;154;48;2;141;149;152m▄[38;2;146;153;155;48;2;143;151;153m▄[38;2;146;154;156;48;2;145;152;155m▄[38;2;144;152;155;48;2;146;153;156m▄[38;2;142;150;152;48;2;144;151;154m▄[38;2;119;125;126;48;2;113;118;120m▄[0m[38;2;123;127;130m▄[0m [38;2;33;34;34m               [0m
[?25h