[?25l[0m[38;2;34;39;40m▄[38;2;39;55;59;48;2;41;58;63m▄[38;2;30;44;47;48;2;33;48;51m▄[38;2;30;42;46;48;2;29;41;45m▄[38;2;37;54;58;48;2;35;52;56m▄[38;2;34;49;53;48;2;34;50;54m▄[38;2;183;177;160;48;2;140;140;127m▄[38;2;224;217;196;48;2;224;218;197m▄[38;2;225;218;197;48;2;225;217;195m▄[48;2;225;217;196m▄[48;2;225;218;196m▄[38;2;225;218;196;48;2;225;217;195m▄[48;2;224;217;195m▄[38;2;225;218;197;48;2;225;217;196m▄[38;2;195;189;171;48;2;225;218;198m▄[38;2;36;51;54;48;2;52;62;62m▄[38;2;39;55;58;48;2;37;54;57m▄[38;2;38;54;58;48;2;38;56;59m▄[38;2;39;56;59;48;2;39;56;60m▄[38;2;29;42;45;48;2;29;43;46m▄[38;2;41;60;63;48;2;33;50;53m▄[38;2;34;47;50;48;2;31;45;48m▄[38;2;38;54;58;48;2;36;51;55m▄[38;2;39;55;59;48;2;38;54;57m▄[48;2;38;54;58m▄[48;2;39;55;59m [38;2;40;56;60m▄▄[38;2;36;50;53;48;2;43;53;56m▄[0m [0m
[7m[38;2;38;46;48m▄[38;2;35;51;55m▄[38;2;27;39;42m▄[38;2;30;44;47m▄[38;2;41;58;62m▄[38;2;39;51;52m▄[38;2;217;210;191m▄[38;2;224;216;194m▄[38;2;224;217;196m▄[38;2;226;219;198m▄▄[38;2;226;218;197m▄[38;2;225;218;197m▄▄[38;2;145;142;130m▄[38;2;43;60;63m▄[38;2;38;55;58m▄[38;2;34;50;53m▄[38;2;31;45;47m▄[38;2;38;55;58m▄[38;2;41;58;61m▄[38;2;29;42;45m▄[38;2;39;55;60m▄[38;2;39;55;59m▄[38;2;38;54;58m▄[38;2;40;56;60m▄[38;2;37;54;57m▄[38;2;37;53;56m▄[38;2;41;58;61m▄[0m [0m
 [38;2;0;0;0m                  [0m  [38;2;53;55;37m▄[38;2;80;83;48m▄[38;2;84;88;44m▄[38;2;84;86;45m▄[38;2;64;66;41m▄[0m [38;2;27;27;24m   [0m
 [38;2;0;0;0m               [0m [38;2;104;108;51m▄[38;2;138;144;54m▄[38;2;140;147;53;48;2;98;102;51m▄[48;2;126;132;49m▄[48;2;140;147;53m [38;2;141;148;53;48;2;141;148;54m▄[38;2;140;147;53;48;2;140;147;54m▄[38;2;140;147;54;48;2;138;145;54m▄[38;2;141;148;55;48;2;140;147;54m▄[38;2;142;149;54;48;2;129;135;51m▄[38;2;127;134;50;48;2;55;56;36m▄[0m [38;2;30;30;23m [0m
 [38;2;0;0;0m            [0m [38;2;109;113;49m▄[38;2;142;148;52;48;2;78;80;45m▄[38;2;140;146;52;48;2;131;136;50m▄[48;2;140;148;53m▄[48;2;140;147;53m [38;2;140;147;53;48;2;140;146;53m▄[38;2;140;147;52m▄[48;2;140;147;53m  [48;2;140;148;53m [48;2;140;148;54m [38;2;139;147;53;48;2;139;146;54m▄[48;2;139;146;53m▄[38;2;139;146;55;48;2;140;149;55m▄[38;2;111;115;61;48;2;85;89;47m▄[0m [0m
 [38;2;0;0;0m         [0m [38;2;54;55;39m▄[38;2;129;136;51m▄[38;2;140;147;53;48;2;122;130;52m▄[38;2;139;146;53;48;2;140;147;53m▄[38;2;140;146;53m▄[38;2;140;147;53;48;2;140;146;53m▄▄[48;2;140;147;53m [38;2;140;147;54m▄[38;2;140;148;54m▄[38;2;141;148;54;48;2;140;148;53m▄[48;2;140;148;54m ▄[38;2;141;149;54m▄[38;2;140;148;54;48;2;140;148;53m▄[48;2;140;148;54m [48;2;139;147;54m▄[38;2;85;87;47;48;2;106;111;57m▄[0m [0m
 [38;2;0;0;0m      [0m [38;2;98;102;50m▄[38;2;139;146;53m▄[38;2;140;145;51;48;2;55;56;41m▄[38;2;139;145;50;48;2;122;129;47m▄[38;2;139;145;51;48;2;137;143;52m▄[38;2;139;146;52;48;2;139;145;52m▄[38;2;140;146;53m▄[38;2;140;147;53;48;2;140;146;53m▄[38;2;140;147;54;48;2;140;147;53m▄[38;2;141;148;54m▄[38;2;141;147;55m▄[38;2;141;147;54;48;2;140;147;54m▄[38;2;141;148;55;48;2;141;148;54m▄[38;2;142;149;55;48;2;141;149;55m▄ [38;2;141;149;54;48;2;141;148;54m▄[38;2;141;148;55;48;2;141;149;55m▄ [38;2;140;148;55;48;2;139;148;54m▄[38;2;116;123;51;48;2;139;147;54m▄[0m[7m[38;2;47;48;32m▄[0m[38;2;16;16;16m [0m
 [38;2;0;0;0m      [0m [38;2;143;142;97;48;2;117;120;48m▄[38;2;242;241;162;48;2;126;129;55m▄[38;2;142;142;83;48;2;134;139;49m▄[38;2;144;150;53;48;2;137;142;50m▄[38;2;141;147;52;48;2;139;145;51m▄[38;2;140;147;52;48;2;140;146;52m▄[38;2;140;147;53m▄[38;2;140;146;54;48;2;139;146;53m▄[38;2;131;133;73;48;2;141;147;54m▄[38;2;221;220;152;48;2;125;129;52m▄[38;2;245;244;165;48;2;140;141;74m▄[38;2;240;239;169;48;2;125;127;60m▄[38;2;126;128;59;48;2;139;145;54m▄[38;2;142;148;54;48;2;141;148;55m▄[38;2;141;147;54;48;2;141;148;54m▄[38;2;139;146;54;48;2;140;148;54m▄[38;2;139;145;53;48;2;140;147;53m▄[38;2;142;149;54;48;2;140;148;54m▄[38;2;124;130;54;48;2;138;147;54m▄[0m[7m[38;2;63;65;38m▄[0m[38;2;21;21;21m  [0m
 [38;2;0;0;0m      [0m [38;2;191;189;125;48;2;196;194;134m▄[38;2;158;156;101;48;2;229;228;148m▄[38;2;181;179;131;48;2;226;224;153m▄[38;2;165;167;102;48;2;127;130;57m▄[38;2;144;151;54;48;2;143;150;53m▄[38;2;141;148;53;48;2;142;148;53m▄[38;2;131;137;49;48;2;140;146;52m▄[38;2;195;194;128;48;2;128;130;63m▄[38;2;246;246;169;48;2;239;238;165m▄[38;2;99;98;66;48;2;216;215;148m▄[38;2;240;238;167;48;2;247;245;169m▄[38;2;244;243;170;48;2;246;244;166m▄[38;2;128;131;59;48;2;142;144;79m▄[38;2;142;149;53;48;2;140;147;53m▄[38;2;141;149;53m▄[38;2;136;142;52;48;2;139;146;53m▄[38;2;117;123;47;48;2;139;146;54m▄[38;2;103;107;51;48;2;142;149;55m▄[0m[7m[38;2;65;67;44m▄[0m[38;2;13;13;13m   [0m
 [38;2;0;0;0m      [0m [38;2;67;67;45;48;2;148;148;109m▄[38;2;215;212;138;48;2;181;179;123m▄[38;2;246;243;162;48;2;197;195;134m▄[38;2;148;148;84;48;2;168;167;103m▄[38;2;138;145;53;48;2;140;147;53m▄[38;2;142;149;55;48;2;139;146;53m▄[38;2;120;126;47;48;2;114;118;47m▄[38;2;230;229;160;48;2;246;245;177m▄[38;2;248;247;164;48;2;248;247;179m▄[38;2;248;246;163;48;2;133;132;89m▄[38;2;198;197;131;48;2;243;241;157m▄[38;2;121;126;49;48;2;173;172;107m▄[38;2;137;144;52;48;2;135;142;51m▄[38;2;140;148;53;48;2;140;148;52m▄[38;2;140;148;51;48;2;139;146;52m▄[38;2;108;112;38;48;2;112;117;43m▄[38;2;87;89;46;48;2;135;141;52m▄[0m  [38;2;20;20;20m   [0m
 [38;2;0;0;0m       [38;2;79;81;45;48;2;94;96;57m▄[38;2;138;143;54;48;2;109;112;45m▄[38;2;137;143;54;48;2;139;142;76m▄[38;2;139;146;55;48;2;131;136;52m▄[38;2;142;150;56;48;2;144;152;56m▄[38;2;146;153;56m▄[38;2;145;152;55;48;2;147;155;56m▄[38;2;141;148;54;48;2;133;135;65m▄[38;2;138;145;52;48;2;157;158;92m▄[38;2;138;146;52;48;2;143;145;79m▄[38;2;139;146;52;48;2;127;132;49m▄[38;2;141;149;53;48;2;143;151;53m▄[38;2;142;150;53;48;2;140;148;53m▄[38;2;136;144;51;48;2;138;146;53m▄[38;2;106;110;39;48;2;122;128;46m▄[38;2;135;141;52;48;2;96;100;34m▄[38;2;141;149;55;48;2;99;104;43m▄[38;2;142;150;55;48;2;111;118;45m▄[38;2;88;92;50;48;2;106;112;45m▄[0m [38;2;5;5;5m  [0m
 [38;2;0;0;0m       [7m[38;2;43;44;29m▄[0m[38;2;117;122;48;48;2;140;145;54m▄[38;2;141;149;53;48;2;144;151;54m▄[38;2;134;140;48;48;2;118;123;43m▄[38;2;143;149;54;48;2;147;155;56m▄[38;2;126;132;47;48;2;113;118;42m▄[38;2;138;145;52;48;2;142;148;54m▄[48;2;140;147;53m [38;2;141;148;53;48;2;139;146;53m▄[38;2;140;148;54;48;2;139;147;53m▄[38;2;140;147;54;48;2;140;148;53m▄▄[38;2;139;146;54;48;2;139;147;53m▄[38;2;140;147;55;48;2;138;146;53m▄[38;2;142;150;56;48;2;139;146;53m▄[38;2;133;138;55;48;2;138;145;54m▄[38;2;48;49;35;48;2;128;134;50m▄[0m[7m[38;2;69;71;41m▄[0m [38;2;0;0;0m   [0m
 [38;2;0;0;0m       [0m [7m[38;2;90;94;51m▄[0m[38;2;141;148;53;48;2;140;147;53m▄[38;2;139;146;53;48;2;139;146;52m▄[48;2;138;145;52m▄[38;2;139;146;52;48;2;139;145;52m▄[38;2;139;147;52m▄[48;2;140;147;53m [38;2;140;148;53m▄[38;2;140;147;54m▄[48;2;140;147;54m  [38;2;141;148;55;48;2;140;148;54m▄[38;2;116;122;44;48;2;138;146;54m▄[38;2;57;59;36;48;2;125;131;50m▄[0m [38;2;0;0;0m      [0m
 [38;2;0;0;0m       [0m [38;2;88;92;43;48;2;47;47;29m▄[38;2;143;150;53;48;2;136;144;50m▄[38;2;141;147;53;48;2;140;146;53m▄[38;2;139;146;53;48;2;140;147;53m▄[38;2;141;148;54m▄[38;2;142;150;54m▄[38;2;142;149;54m▄[38;2;139;146;53;48;2;140;148;53m▄[38;2;132;138;50;48;2;141;148;55m▄[38;2;132;138;52;48;2;140;148;55m▄[38;2;141;148;53;48;2;140;147;54m▄[38;2;140;148;53;48;2;139;146;54m▄[38;2;91;68;32;48;2;107;112;51m▄[0m[38;2;94;28;41m▄[38;2;94;38;49m▄[38;2;82;38;45m▄[0m  [38;2;15;16;15m   [0m
 [38;2;0;0;0m       [0m [38;2;67;69;38;48;2;130;138;51m▄[38;2;88;91;52;48;2;140;146;54m▄[38;2;132;133;101;48;2;143;149;55m▄[38;2;104;103;87;48;2;144;150;57m▄[38;2;132;132;122;48;2;129;134;54m▄[38;2;70;70;69;48;2;99;103;45m▄[38;2;15;12;10;48;2;87;89;55m▄[38;2;97;78;67;48;2;117;118;96m▄[38;2;42;14;13;48;2;24;24;9m▄[38;2;65;55;22;48;2;105;108;41m▄[38;2;104;110;39;48;2;103;108;37m▄[38;2;131;140;47;48;2;134;142;49m▄[38;2;68;17;21;48;2;89;39;29m▄[38;2;88;14;27;48;2;121;21;38m▄[38;2;106;19;34;48;2;127;22;40m▄[38;2;124;23;40;48;2;128;23;41m▄[38;2;125;23;41;48;2;123;23;41m▄[38;2;131;23;41;48;2;103;30;42m▄[38;2;133;24;41;48;2;62;32;36m▄[0m[38;2;65;31;36m▄[0m [0m
 [38;2;0;0;0m          [7m[38;2;74;73;73m▄[0m[38;2;104;104;41;48;2;99;98;55m▄[38;2;141;144;54;48;2;73;71;33m▄[38;2;139;144;54;48;2;35;35;18m▄[38;2;137;144;55;48;2;93;52;32m▄[38;2;135;142;52;48;2;115;38;35m▄[38;2;134;142;52;48;2;142;56;45m▄[38;2;138;147;52;48;2;132;116;47m▄[38;2;142;150;54;48;2;118;123;45m▄[38;2;136;146;52;48;2;128;137;48m▄[38;2;12;14;12;48;2;18;8;7m▄[38;2;56;12;19;48;2;70;11;22m▄[38;2;89;17;29;48;2;88;16;28m▄[38;2;124;24;41;48;2;130;24;42m▄[38;2;92;18;30;48;2;130;23;41m▄[38;2;76;13;23;48;2;114;20;35m▄[38;2;46;27;30;48;2;60;13;20m▄[0m [38;2;0;0;0m [0m
 [38;2;0;0;0m         [0m [38;2;77;24;32;48;2;84;31;39m▄[38;2;115;21;34;48;2;108;24;36m▄[38;2;68;13;20;48;2;80;22;26m▄[38;2;72;71;29;48;2;121;128;44m▄[38;2;139;148;56;48;2;142;151;55m▄[38;2;142;151;56;48;2;140;150;55m▄[38;2;144;154;56;48;2;139;149;55m▄[38;2;132;142;51;48;2;138;148;55m▄[38;2;62;67;26;48;2;137;145;53m▄[38;2;9;11;9;48;2;93;100;35m▄[38;2;14;11;11;48;2;15;20;17m▄[38;2;104;20;34;48;2;51;13;19m▄[38;2;127;23;40;48;2;124;24;40m▄[38;2;77;13;24;48;2;109;22;36m▄[38;2;74;22;32;48;2;67;12;22m▄[0m[7m[38;2;53;25;30m▄[0m [38;2;0;0;0m  [0m
 [38;2;0;0;0m          [7m[38;2;50;26;30m▄[0m[38;2;95;22;35;48;2;125;20;38m▄[38;2;80;14;25;48;2;63;15;22m▄[38;2;12;15;13;48;2;25;26;12m▄[38;2;125;128;49;48;2;137;144;56m▄[38;2;20;23;16;48;2;104;111;42m▄[38;2;14;17;16;48;2;64;70;30m▄[38;2;13;17;16;48;2;21;25;18m▄[38;2;14;16;16;48;2;15;19;18m▄[38;2;85;18;29;48;2;15;15;15m▄[38;2;129;24;41;48;2;84;17;28m▄[38;2;66;15;23;48;2;117;21;38m▄[38;2;15;14;13;48;2;52;15;21m▄[38;2;86;15;28;48;2;23;15;15m▄[38;2;121;20;38;48;2;55;35;38m▄[0m[38;2;106;27;39m▄[0m [38;2;23;13;14m  [0m
[?25h