[?25l[0m [38;2;0;0;0m       [0m   [38;2;94;78;49m▄[38;2;113;90;49m▄[38;2;113;90;50m▄[38;2;84;69;43m▄[0m [38;2;19;17;15m        [0m
 [38;2;0;0;0m     [0m [38;2;169;134;71m▄[38;2;229;179;86;48;2;125;102;61m▄[38;2;228;178;86;48;2;173;140;78m▄[38;2;228;177;86;48;2;220;173;87m▄[48;2;228;177;86m [48;2;227;177;87m▄[38;2;228;178;87m▄[38;2;229;178;87;48;2;229;178;88m▄[38;2;229;179;86;48;2;212;166;84m▄[38;2;227;177;86;48;2;87;72;45m▄[0m[38;2;87;71;42m▄      [0m
 [38;2;0;0;0m    [0m [38;2;215;169;84;48;2;88;73;47m▄[38;2;227;177;85;48;2;219;170;82m▄[38;2;228;177;85;48;2;229;178;85m▄[38;2;219;172;86;48;2;229;178;87m▄[38;2;199;156;79;48;2;229;179;87m▄[38;2;228;178;87;48;2;228;177;86m▄[38;2;230;177;83;48;2;229;178;86m▄[38;2;230;177;84;48;2;228;177;86m▄[38;2;231;179;86;48;2;228;178;86m▄[48;2;229;178;86m [38;2;230;181;89;48;2;229;178;85m▄[38;2;214;169;82;48;2;209;164;79m▄[0m [38;2;72;59;35m     [0m
 [38;2;0;0;0m    [38;2;106;83;41;48;2;98;79;47m▄[38;2;227;177;85;48;2;227;177;86m▄[38;2;227;177;86;48;2;227;177;85m▄[38;2;228;178;86;48;2;228;177;85m▄[38;2;227;177;82;48;2;223;174;82m▄[38;2;209;157;105;48;2;207;158;109m▄[38;2;245;183;128;48;2;212;163;115m▄[38;2;246;184;130;48;2;205;154;105m▄[38;2;246;185;132;48;2;202;151;103m▄[38;2;246;184;131;48;2;206;153;99m▄[38;2;245;182;128;48;2;203;154;96m▄[38;2;245;183;130;48;2;202;155;83m▄[38;2;107;86;65;48;2;156;127;73m▄[0m[7m[38;2;65;54;36m▄[0m[38;2;4;4;4m     [0m
 [38;2;0;0;0m    [7m[38;2;95;77;44m▄[0m[38;2;215;168;80;48;2;229;179;86m▄[38;2;229;179;86;48;2;229;179;87m▄[38;2;230;181;89;48;2;228;177;85m▄[38;2;201;153;92;48;2;172;134;65m▄[38;2;246;180;124;48;2;226;168;115m▄[38;2;208;192;178;48;2;227;173;126m▄[38;2;251;251;251;48;2;208;186;166m▄[38;2;246;246;246;48;2;212;193;174m▄[38;2;211;201;192;48;2;227;176;132m▄[38;2;209;199;190;48;2;229;175;128m▄[38;2;250;250;250;48;2;211;180;152m▄[38;2;240;240;240;48;2;167;139;114m▄[0m [38;2;49;49;49m     [0m
 [38;2;0;0;0m     [7m[38;2;108;88;53m▄[0m[38;2;178;141;102;48;2;214;164;78m▄[38;2;189;138;95;48;2;207;160;80m▄[38;2;208;154;101;48;2;206;159;97m▄[38;2;247;185;130;48;2;247;187;132m▄[38;2;216;175;139;48;2;211;203;195m▄[38;2;222;218;216;48;2;248;248;248m▄[38;2;226;225;225;48;2;212;212;212m▄[38;2;210;179;151;48;2;210;206;205m▄[38;2;225;177;135;48;2;204;200;198m▄[38;2;208;179;154;48;2;239;239;239m▄[38;2;170;162;155;48;2;225;225;225m▄[0m [38;2;6;6;6m     [0m
 [38;2;0;0;0m     [0m [7m[38;2;188;146;104m▄[0m[38;2;161;128;95;48;2;213;162;115m▄[38;2;244;181;126;48;2;246;182;125m▄[38;2;247;184;128;48;2;247;182;126m▄[38;2;247;183;127;48;2;248;185;130m▄[38;2;248;185;128;48;2;240;178;124m▄[38;2;247;184;128;48;2;234;174;121m▄[38;2;246;181;123;48;2;246;182;128m▄[38;2;213;156;104;48;2;243;181;126m▄[38;2;213;158;108;48;2;241;179;124m▄[38;2;208;159;115;48;2;156;119;86m▄[0m [38;2;9;9;9m     [0m
 [38;2;0;0;0m       [0m [38;2;240;179;127;48;2;245;184;129m▄[38;2;247;184;128;48;2;248;185;128m▄[38;2;224;169;118;48;2;229;172;119m▄[38;2;209;157;109;48;2;247;183;127m▄[38;2;210;161;112;48;2;247;182;125m▄[38;2;209;159;109;48;2;246;182;125m▄[38;2;197;152;110;48;2;247;183;127m▄[38;2;196;149;108;48;2;246;182;127m▄[38;2;175;138;102;48;2;246;180;123m▄[0m[7m[38;2;83;64;48m▄[0m[38;2;56;46;38m     [0m
 [38;2;0;0;0m      [38;2;33;54;55m▄[38;2;47;90;90;48;2;44;73;73m▄[38;2;221;172;124;48;2;243;183;128m▄[38;2;247;185;129;48;2;247;184;128m▄[38;2;247;185;128m▄[38;2;248;185;128;48;2;248;186;130m▄[38;2;176;141;101;48;2;248;187;131m▄[0m[7m[38;2;169;135;101m▄[0m   [38;2;0;0;0m      [0m
 [38;2;0;0;0m    [0m [38;2;45;96;98m▄[38;2;40;88;90;48;2;42;81;83m▄[38;2;40;91;94;48;2;45;100;104m▄[38;2;48;105;109;48;2;56;100;98m▄[38;2;48;106;110;48;2;138;127;99m▄[38;2;46;103;106;48;2;187;146;102m▄[38;2;46;102;104;48;2;196;152;108m▄[38;2;44;101;104;48;2;82;98;84m▄[38;2;37;79;81;48;2;38;71;73m▄[0m [38;2;23;34;34m        [0m
 [38;2;0;0;0m    [38;2;32;67;69;48;2;32;68;69m▄[38;2;50;106;108;48;2;49;105;107m▄[38;2;50;107;110;48;2;49;104;108m▄[38;2;50;106;109;48;2;44;96;98m▄[38;2;49;105;108;48;2;38;87;89m▄[38;2;48;104;106;48;2;38;87;90m▄[38;2;45;99;101;48;2;43;95;99m▄[38;2;45;102;103;48;2;42;94;97m▄[38;2;49;104;107;48;2;39;92;94m▄[38;2;49;105;108;48;2;43;98;99m▄[38;2;49;107;110;48;2;46;100;102m▄[0m[38;2;40;82;84m▄[0m [38;2;6;5;6m      [0m
 [38;2;0;0;0m    [0m [7m[38;2;39;83;85m▄[38;2;39;82;84m▄[38;2;39;81;83m▄[38;2;40;84;86m▄[38;2;40;85;86m▄▄[38;2;39;83;85m▄[38;2;39;83;84m▄[38;2;38;82;84m▄[38;2;36;79;81m▄[38;2;37;80;82m▄[0m [38;2;0;0;0m      [0m
[?25h