[?25l[0m [38;2;0;0;0m                                   [0m
 [38;2;0;0;0m     [0m      [38;2;0;0;0m      [0m       [38;2;0;0;0m           [0m
 [38;2;0;0;0m                                   [0m
 [38;2;0;0;0m            [0m  [38;2;99;56;22m▄[38;2;81;44;15m▄[0m   [38;2;1;1;1m                [0m
 [38;2;0;0;0m        [0m  [38;2;199;94;7m▄[38;2;217;100;2;48;2;106;55;17m▄[38;2;216;99;2;48;2;188;90;10m▄[38;2;215;98;2;48;2;220;101;2m▄[38;2;213;98;3;48;2;219;101;3m▄[38;2;217;100;2;48;2;215;99;3m▄[38;2;216;99;0;48;2;211;96;2m▄[38;2;192;87;2;48;2;190;87;4m▄[38;2;213;99;1;48;2;127;70;22m▄[0m[38;2;75;40;13m▄               [0m
 [38;2;0;0;0m     [0m [38;2;173;84;12;48;2;64;44;31m▄[0m[38;2;97;56;23m▄[38;2;209;96;2;48;2;106;58;20m▄[38;2;215;98;1;48;2;209;95;1m▄[38;2;217;98;2;48;2;216;98;2m▄[38;2;220;99;1;48;2;217;100;2m▄[38;2;175;91;22m▄[38;2;191;135;77;48;2;215;99;2m▄[38;2;226;174;118;48;2;193;89;4m▄[38;2;241;183;119;48;2;173;88;19m▄[38;2;242;187;126;48;2;161;84;22m▄[38;2;243;188;129;48;2;167;105;51m▄[38;2;243;185;124;48;2;196;138;77m▄[0m[38;2;205;156;105m▄[0m [38;2;20;18;16m              [0m
 [38;2;0;0;0m     [38;2;136;65;3m▄[38;2;214;95;1;48;2;213;97;2m▄[38;2;216;97;1;48;2;217;98;1m▄[48;2;218;99;1m [38;2;211;97;2;48;2;216;98;2m▄[38;2;200;144;85;48;2;203;92;5m▄[38;2;244;187;125;48;2;190;129;70m▄[38;2;244;184;123;48;2;240;180;115m▄[38;2;229;176;119;48;2;242;183;119m▄[38;2;203;157;103;48;2;243;182;120m▄[38;2;242;182;119;48;2;242;183;121m▄[38;2;244;184;121;48;2;243;185;123m▄[48;2;243;184;121m▄[38;2;243;184;123;48;2;243;182;119m▄[38;2;243;185;124;48;2;242;183;122m▄[38;2;243;184;122;48;2;144;115;80m▄[0m[38;2;171;133;91m▄[0m [38;2;1;1;1m            [0m
 [38;2;0;0;0m     [38;2;95;47;9;48;2;127;58;2m▄[38;2;216;98;2;48;2;219;99;1m▄[38;2;217;98;1;48;2;218;98;1m▄[38;2;218;99;2;48;2;218;99;1m▄[38;2;217;99;2;48;2;218;100;2m▄[38;2;190;101;22;48;2;193;135;76m▄[38;2;243;188;127;48;2;243;183;120m▄[38;2;243;183;121;48;2;244;183;121m▄[38;2;221;167;112;48;2;207;160;107m▄[38;2;174;182;170;48;2;239;184;126m▄[38;2;193;222;220;48;2;201;160;113m▄[38;2;180;211;209;48;2;210;160;107m▄[38;2;172;165;143;48;2;242;181;117m▄[38;2;243;186;127;48;2;244;184;122m▄[38;2;183;169;141;48;2;230;178;122m▄[38;2;193;225;223;48;2;170;171;153m▄[38;2;194;225;223;48;2;159;188;185m▄[38;2;183;209;208;48;2;129;147;146m▄[0m[38;2;121;138;138m▄           [0m
 [38;2;0;0;0m     [0m [38;2;221;103;2;48;2;216;99;2m▄[38;2;220;101;2;48;2;219;100;2m▄[38;2;218;100;2;48;2;220;100;2m▄[38;2;218;99;2;48;2;219;100;2m▄[38;2;195;90;3;48;2;179;84;5m▄[38;2;222;165;103;48;2;239;181;116m▄[38;2;244;183;119;48;2;244;185;123m▄[38;2;159;163;149;48;2;178;167;141m▄[38;2;192;223;221;48;2;194;224;222m▄[38;2;196;225;223;48;2;193;224;222m▄[38;2;171;195;193;48;2;163;185;184m▄[38;2;195;225;223;48;2;201;228;226m▄[38;2;178;158;123;48;2;163;140;106m▄[38;2;190;151;104;48;2;154;156;137m▄[38;2;186;164;130;48;2;191;225;224m▄[38;2;185;167;137;48;2;193;221;220m▄[38;2;185;213;210;48;2;156;179;177m▄[38;2;120;137;136;48;2;155;176;175m▄[0m[38;2;120;137;136m           [0m
 [38;2;0;0;0m     [0m [7m[38;2;176;83;10m▄[0m[38;2;203;96;6;48;2;221;102;1m▄[38;2;219;100;2;48;2;221;102;2m▄[38;2;186;113;48;48;2;217;99;2m▄[38;2;183;125;68;48;2;220;99;2m▄[38;2;141;88;35;48;2;173;117;58m▄[38;2;243;186;125;48;2;185;144;96m▄[38;2;242;186;127;48;2;166;144;111m▄[38;2;182;162;131;48;2;195;223;221m▄[38;2;163;178;169;48;2;196;225;223m▄[38;2;165;179;168;48;2;193;224;223m▄[38;2;195;165;126;48;2;185;213;211m▄[38;2;242;185;124;48;2;201;162;115m▄[38;2;244;184;123;48;2;242;184;122m▄[38;2;207;160;107;48;2;242;182;120m▄[38;2;197;149;96;48;2;240;182;119m▄[38;2;226;168;107;48;2;146;135;111m▄[0m [38;2;42;37;31m           [0m
 [38;2;0;0;0m       [0m [7m[38;2;116;62;18m▄[0m[38;2;200;154;103;48;2;209;162;109m▄[38;2;191;147;97;48;2;161;128;88m▄[38;2;243;178;113;48;2;234;175;116m▄[38;2;243;181;118;48;2;243;179;116m▄[38;2;243;181;119;48;2;241;179;117m▄[38;2;240;175;111;48;2;240;181;121m▄[38;2;243;181;119;48;2;236;175;111m▄[38;2;243;184;122;48;2;242;180;117m▄[38;2;244;182;120;48;2;237;176;115m▄[38;2;243;180;117;48;2;242;180;117m▄[38;2;243;180;116;48;2;243;182;119m▄[38;2;243;182;119;48;2;243;182;120m▄[38;2;244;184;122;48;2;242;180;118m▄[38;2;244;184;121;48;2;243;183;121m▄[38;2;238;180;119;48;2;219;169;116m▄[0m[38;2;124;101;74m▄[0m [38;2;1;1;1m         [0m
 [38;2;0;0;0m         [0m [7m[38;2;135;104;70m▄[38;2;175;137;93m▄[0m[38;2;243;183;120;48;2;243;185;124m▄[38;2;244;182;121;48;2;243;183;121m▄[38;2;179;136;91m▄[38;2;59;58;57;48;2;205;166;125m▄[38;2;78;79;79;48;2;202;168;130m▄[38;2;118;118;117;48;2;206;166;121m▄[38;2;151;143;131;48;2;204;162;116m▄[38;2;95;95;95;48;2;197;153;105m▄[38;2;89;89;90;48;2;202;163;120m▄[0m[7m[38;2;142;115;83m▄[0m   [38;2;0;0;0m          [0m
 [38;2;0;0;0m           [0m [38;2;190;147;100;48;2;222;170;114m▄[38;2;242;182;120;48;2;244;184;123m▄[38;2;242;181;117;48;2;207;156;104m▄[38;2;217;160;103;48;2;121;41;28m▄[38;2;176;114;73;48;2;85;26;20m▄[38;2;121;86;57;48;2;11;3;2m▄[38;2;179;136;89;48;2;162;123;76m▄[0m[38;2;112;87;60m▄               [0m
 [38;2;0;0;0m          [0m  [38;2;185;145;100;48;2;186;142;95m▄[38;2;244;182;118;48;2;243;182;119m▄[38;2;244;181;117;48;2;243;183;121m▄[38;2;243;183;121;48;2;243;183;119m▄[48;2;242;183;120m [38;2;243;180;115;48;2;243;183;121m▄[38;2;90;81;72;48;2;167;128;87m▄[0m [38;2;12;12;11m               [0m
 [38;2;0;0;0m        [0m    [38;2;144;156;159;48;2;160;169;167m▄[38;2;172;165;167;48;2;164;131;98m▄[38;2;138;15;18;48;2;121;40;31m▄[38;2;130;15;17;48;2;161;104;66m▄[38;2;82;13;13;48;2;220;165;105m▄[38;2;96;14;13;48;2;209;160;103m▄[38;2;118;14;14;48;2;109;54;52m▄[38;2;110;16;17;48;2;108;26;27m▄[0m  [38;2;1;1;1m             [0m
 [38;2;0;0;0m      [0m     [38;2;0;0;0m [7m[38;2;74;78;80m▄[0m[38;2;166;172;174;48;2;168;171;174m▄[38;2;121;16;20;48;2;126;14;18m▄[38;2;113;39;43;48;2;129;14;17m▄[38;2;136;135;137;48;2;99;11;13m▄[38;2;158;161;163;48;2;108;13;14m▄[38;2;124;92;93;48;2;130;14;17m▄[38;2;75;24;26;48;2;117;17;18m▄[0m   [38;2;10;10;10m     [0m [38;2;2;2;2m      [0m
 [38;2;0;0;0m     [0m        [7m[38;2;117;123;125m▄[0m[38;2;173;192;195;48;2;145;156;158m▄[38;2;180;194;198;48;2;189;209;215m▄[38;2;171;184;187;48;2;183;205;211m▄[38;2;119;132;134;48;2;203;230;236m▄[38;2;178;194;198;48;2;178;194;198m▄[0m     [38;2;5;5;5m    [0m [38;2;30;16;16m      [0m
 [38;2;0;0;0m                                   [0m
[?25h