[?25l[0m          [38;2;0;0;0m    [0m      [38;2;0;0;0m        [0m  [0m
 [38;2;0;0;0m                             [0m
 [38;2;0;0;0m                             [0m
 [38;2;0;0;0m [0m  [38;2;20;18;17m [0m [38;2;82;53;34m▄[38;2;145;79;36m▄[38;2;154;75;27m▄[38;2;153;75;26m▄[38;2;109;62;33m▄[0m [38;2;12;12;12m                  [0m
 [38;2;46;31;22m▄[38;2;201;104;38;48;2;116;66;33m▄[38;2;97;54;27;48;2;64;38;22m▄[0m[38;2;168;82;29m▄[38;2;195;96;34;48;2;158;80;32m▄[38;2;196;97;34;48;2;193;95;35m▄[38;2;194;96;35;48;2;196;98;36m▄[38;2;194;96;34;48;2;197;97;34m▄[38;2;165;82;28;48;2;187;92;31m▄[38;2;108;59;28;48;2;78;51;35m▄[0m[38;2;97;51;23m▄[38;2;90;52;29m▄[38;2;60;39;25m▄[0m  [38;2;5;5;5m              [0m
[38;2;92;56;33m▄[38;2;138;74;33;48;2;100;64;38m▄[38;2;193;95;33;48;2;197;99;35m▄[38;2;193;94;34;48;2;194;95;33m▄[38;2;194;95;34;48;2;196;96;34m▄[48;2;195;96;34m [48;2;196;96;34m [38;2;197;96;34m▄[38;2;197;97;35;48;2;196;97;35m▄[38;2;197;96;35;48;2;196;96;34m▄[38;2;195;95;33;48;2;195;95;32m▄[38;2;196;95;32;48;2;193;93;33m▄[38;2;197;95;32;48;2;196;95;32m▄[38;2;197;95;31;48;2;202;99;33m▄[38;2;193;92;32;48;2;179;89;31m▄[38;2;190;91;32;48;2;108;59;28m▄[0m[38;2;179;88;29m▄[38;2;80;51;33m▄[0m [38;2;5;5;5m           [0m
[38;2;137;70;25;48;2;195;95;33m▄[38;2;199;98;34;48;2;195;94;33m▄[38;2;186;90;32;48;2;196;96;33m▄[38;2;143;72;27;48;2;194;95;34m▄[38;2;147;86;41;48;2;197;96;34m▄[38;2;141;86;43;48;2;200;98;35m▄[38;2;145;87;44;48;2;198;97;36m▄[38;2;148;79;33m▄[38;2;169;81;28;48;2;197;96;35m▄[48;2;196;96;35m [38;2;198;96;34;48;2;198;97;33m▄[38;2;194;94;31;48;2;198;97;32m▄[38;2;119;79;39;48;2;200;96;32m▄[38;2;147;93;48;48;2;193;92;32m▄[38;2;156;75;27;48;2;194;92;32m▄[38;2;202;97;31;48;2;196;94;32m▄[38;2;196;95;31;48;2;204;99;32m▄[38;2;131;62;19;48;2;203;101;32m▄[38;2;135;66;21;48;2;76;48;31m▄[0m [38;2;19;18;19m          [0m
[38;2;190;94;33;48;2;188;91;34m▄[38;2;143;97;53;48;2;181;87;30m▄[38;2;242;191;122;48;2;159;115;66m▄[38;2;243;191;122;48;2;235;188;122m▄[38;2;243;192;123;48;2;243;193;126m▄[38;2;243;192;124;48;2;240;189;120m▄[38;2;243;193;124;48;2;241;191;122m▄[48;2;242;191;123m▄[48;2;205;162;102m▄[38;2;243;192;124;48;2;158;109;62m▄[38;2;219;173;111;48;2;155;76;29m▄[38;2;150;99;53;48;2;190;90;31m▄[38;2;158;107;60;48;2;154;91;43m▄[38;2;244;195;127;48;2;243;192;122m▄[38;2;244;193;125;48;2;220;176;115m▄[38;2;243;191;123;48;2;153;105;59m▄[38;2;156;120;75;48;2;164;78;26m▄[38;2;142;74;34;48;2;188;87;28m▄[38;2;141;72;35;48;2;83;50;30m▄[0m [38;2;2;2;2m          [0m
[38;2;91;66;41;48;2;166;82;28m▄[38;2;192;149;95;48;2;197;155;99m▄[48;2;243;193;124m [38;2;244;192;124;48;2;243;192;124m▄[48;2;243;192;123m▄[48;2;243;192;124m [38;2;243;193;124;48;2;243;193;125m▄[38;2;244;193;125m▄[48;2;244;193;125m [48;2;243;193;125m▄[48;2;244;194;125m▄[38;2;243;192;125;48;2;244;193;126m▄[38;2;243;191;122;48;2;243;192;122m▄[38;2;243;191;123;48;2;243;191;121m▄[48;2;243;192;123m [48;2;243;192;124m [38;2;243;195;128;48;2;239;191;129m▄[38;2;108;91;66;48;2;57;49;41m▄[0m [38;2;0;0;0m           [0m
[38;2;138;113;78;48;2;139;115;82m▄[38;2;244;193;125;48;2;243;191;123m▄[48;2;243;192;124m▄[48;2;244;193;124m▄[48;2;243;193;124m▄▄[38;2;244;194;126;48;2;243;193;125m▄[38;2;238;189;122;48;2;243;194;125m▄[38;2;159;147;115;48;2;244;195;126m▄[38;2;142;166;157;48;2;242;192;125m▄[38;2;139;170;162;48;2;239;188;121m▄[38;2;154;155;131;48;2;243;193;124m▄[38;2;220;179;121;48;2;243;194;127m▄[48;2;243;193;126m [38;2;236;189;124;48;2;243;193;125m▄[38;2;160;150;120;48;2;243;191;122m▄[38;2;137;165;158;48;2;239;187;116m▄[38;2;133;164;158;48;2;142;115;79m▄[0m[38;2;92;107;105m▄[0m [38;2;7;7;7m          [0m
[38;2;79;69;52;48;2;126;105;75m▄[38;2;245;196;129;48;2;244;194;125m▄[38;2;244;194;125;48;2;244;193;125m▄[48;2;243;193;125m [38;2;243;194;126;48;2;244;193;125m▄[38;2;244;195;128;48;2;244;194;126m▄[38;2;226;180;118;48;2;244;193;125m▄[38;2;154;189;182;48;2;158;150;120m▄[38;2;185;229;223;48;2;184;227;221m▄[38;2;186;230;224;48;2;186;229;224m▄[38;2;183;220;215;48;2;188;230;225m▄[38;2;186;229;224;48;2;190;232;226m▄[38;2;177;223;218;48;2;144;164;150m▄[38;2;154;129;89;48;2;232;181;114m▄[38;2;160;194;189;48;2;147;142;114m▄[38;2;185;228;223;48;2;186;228;223m▄[38;2;188;230;225;48;2;186;229;224m▄[38;2;179;215;210m▄[38;2;182;227;222;48;2;190;232;226m▄[38;2;165;207;202;48;2;96;117;115m▄[0m [38;2;26;27;27m        [0m [0m
 [38;2;135;111;79;48;2;213;169;109m▄[38;2;243;195;128;48;2;243;194;127m▄[38;2;244;195;130m▄[38;2;209;167;111;48;2;243;194;126m▄[38;2;185;149;99;48;2;244;197;131m▄[38;2;187;149;97;48;2;200;163;111m▄[38;2;155;185;178;48;2;174;215;211m▄[38;2;185;229;224;48;2;186;229;224m▄[38;2;188;230;225;48;2;191;231;225m▄[38;2;188;231;225;48;2;96;116;113m▄[38;2;182;228;222;48;2;161;199;194m▄[38;2;177;220;214;48;2;185;229;224m▄[38;2;167;136;91;48;2;110;106;85m▄[38;2;148;141;113;48;2;179;216;211m▄[38;2;156;157;132;48;2;187;229;224m▄[38;2;171;206;200;48;2;193;231;226m▄[38;2;184;230;225;48;2;83;101;98m▄[38;2;186;230;224;48;2;166;210;204m▄[38;2;156;193;189;48;2;181;226;221m▄[0m [38;2;18;19;19m      [0m [38;2;77;45;33m▄[38;2;154;66;30;48;2;79;44;29m▄[0m
 [38;2;142;117;86;48;2;42;38;33m▄[38;2;172;135;87;48;2;178;144;94m▄[38;2;202;155;97;48;2;146;116;73m▄[38;2;241;189;120;48;2;213;167;103m▄[38;2;244;193;125;48;2;244;193;124m▄[38;2;244;193;124;48;2;244;192;122m▄[38;2;244;195;127;48;2;171;155;117m▄[38;2;185;160;115;48;2;183;221;216m▄[38;2;156;163;141;48;2;188;230;225m▄[38;2;147;160;141;48;2;184;229;223m▄[38;2;165;149;113;48;2;187;229;224m▄[38;2;232;184;120;48;2;149;154;133m▄[38;2;242;193;127;48;2;239;190;124m▄[48;2;239;185;115m▄[38;2;241;188;119;48;2;240;185;114m▄[38;2;145;121;82;48;2;154;141;107m▄[38;2;160;160;132;48;2;182;229;224m▄[38;2;70;71;66;48;2;180;220;214m▄[0m[7m[38;2;77;87;87m▄[0m [38;2;0;0;0m      [0m [38;2;150;64;29;48;2;136;57;26m▄[38;2;141;59;26;48;2;162;69;30m▄[0m
 [38;2;79;66;49;48;2;162;132;93m▄[38;2;219;175;116;48;2;187;154;105m▄[38;2;235;188;126;48;2;220;176;115m▄[38;2;233;186;122;48;2;243;193;124m▄[38;2;244;194;125;48;2;244;193;125m▄[48;2;243;192;123m  [38;2;243;192;123;48;2;242;191;123m▄[38;2;243;192;124;48;2;241;191;123m▄[38;2;243;193;125;48;2;242;191;122m▄[38;2;243;192;124;48;2;242;190;122m▄[38;2;242;192;123;48;2;242;190;121m▄[38;2;243;191;122;48;2;243;191;124m▄[38;2;243;191;123;48;2;192;154;100m▄[38;2;242;191;123;48;2;181;144;92m▄[38;2;242;191;124;48;2;225;175;109m▄[38;2;241;193;130;48;2;228;180;114m▄[0m[38;2;71;60;46m▄        [0m [38;2;132;56;27;48;2;154;66;30m▄[38;2;158;68;31;48;2;148;63;28m▄[0m
  [7m[38;2;49;43;34m▄[38;2;72;63;49m▄[0m[38;2;161;133;94;48;2;214;170;110m▄[38;2;243;195;129;48;2;243;193;124m▄[38;2;243;194;126;48;2;243;193;125m▄[38;2;244;194;125;48;2;244;194;126m▄[38;2;191;152;99;48;2;244;194;127m▄[38;2;182;146;93;48;2;243;193;125m▄[38;2;178;139;85;48;2;243;192;123m▄[38;2;208;163;102m▄[38;2;244;193;123;48;2;242;191;123m▄[38;2;244;194;126;48;2;243;192;124m▄[38;2;244;195;127m▄[38;2;243;193;126;48;2;242;192;125m▄[38;2;242;191;123m▄[38;2;242;189;119;48;2;242;191;122m▄[38;2;147;117;78;48;2;181;145;96m▄[0m [38;2;10;10;10m       [0m [38;2;40;34;32;48;2;90;49;33m▄[38;2;156;68;31;48;2;157;68;31m▄[0m
 [38;2;0;0;0m [0m [38;2;56;92;38m▄[38;2;84;89;42;48;2;98;90;55m▄[38;2;241;190;122;48;2;242;192;124m▄[38;2;243;193;125m▄[48;2;244;194;126m▄[38;2;243;194;125;48;2;243;194;124m▄[38;2;243;194;126;48;2;242;190;120m▄[48;2;243;193;125m [38;2;231;183;117;48;2;212;168;106m▄[38;2;132;109;79;48;2;184;147;96m▄[0m[7m[38;2;160;129;87m▄[38;2;123;101;69m▄[38;2;125;103;71m▄[38;2;125;104;75m▄[38;2;71;60;46m▄[0m [38;2;0;0;0m        [0m [38;2;72;21;17;48;2;45;29;27m▄[38;2;68;20;15;48;2;81;32;15m▄[0m
  [38;2;46;59;37m▄[38;2;53;91;26;48;2;58;104;31m▄[38;2;67;116;35;48;2;62;111;33m▄[38;2;68;120;36;48;2;126;120;65m▄[38;2;58;86;29;48;2;231;185;121m▄[38;2;133;119;68;48;2;243;193;125m▄[38;2;217;174;114;48;2;243;195;127m▄[38;2;242;193;124;48;2;244;194;126m▄[38;2;235;187;120;48;2;242;191;120m▄[38;2;57;91;31;48;2;126;111;63m▄[38;2;62;102;38;48;2;31;40;27m▄[0m [38;2;5;5;4m            [0m [38;2;64;20;16;48;2;52;26;24m▄[38;2;75;23;17;48;2;78;23;18m▄[48;2;80;24;18m▄[0m
[38;2;45;71;28m▄[38;2;72;122;38;48;2;48;73;31m▄[38;2;74;122;40;48;2;72;120;40m▄[38;2;75;127;41;48;2;54;92;29m▄[38;2;50;86;26;48;2;65;112;34m▄[38;2;63;106;34;48;2;69;118;38m▄[38;2;53;88;28;48;2;67;113;36m▄[38;2;67;115;36;48;2;58;98;29m▄[38;2;72;123;39;48;2;64;88;32m▄[38;2;110;114;57;48;2;217;171;106m▄[38;2;129;118;66;48;2;207;165;102m▄[38;2;54;92;25;48;2;46;84;24m▄[38;2;37;67;18;48;2;52;92;29m▄[0m[38;2;51;72;33m▄[0m [38;2;6;6;6m           [38;2;55;32;30;48;2;33;23;22m▄[38;2;76;23;17;48;2;77;23;18m▄[48;2;77;23;17m▄[38;2;77;23;17;48;2;76;23;17m▄[0m
[?25h