[?25l[0m [38;2;0;0;0m      [0m [38;2;144;34;33m▄[38;2;166;30;29m▄[0m [38;2;14;11;12m                   [0m
 [38;2;0;0;0m      [0m [7m[38;2;102;33;31m▄[0m[38;2;51;41;41;48;2;105;28;29m▄[0m [38;2;0;0;0m                   [0m
 [38;2;0;0;0m      [0m [38;2;42;31;31m▄[38;2;66;39;40;48;2;68;52;52m▄[0m[38;2;41;32;32m▄[0m  [38;2;2;2;2m                 [0m
 [38;2;0;0;0m   [0m [38;2;31;53;55m▄[38;2;42;103;109m▄[38;2;45;109;115;48;2;42;59;61m▄[38;2;47;113;119;48;2;38;67;71m▄[38;2;48;114;120;48;2;39;92;95m▄[38;2;49;112;118;48;2;40;100;104m▄[38;2;49;113;118;48;2;37;91;94m▄[38;2;49;114;120;48;2;48;90;94m▄[38;2;49;118;124;48;2;38;62;63m▄[0m[38;2;44;98;103m▄[0m [38;2;22;28;28m              [0m
 [38;2;0;0;0m [0m [38;2;44;82;85m▄[38;2;46;113;119;48;2;46;82;85m▄[38;2;46;111;117;48;2;46;111;118m▄[38;2;47;110;116;48;2;46;111;117m▄[38;2;48;113;118;48;2;47;111;117m▄[38;2;49;113;119;48;2;48;114;119m▄[38;2;48;112;118;48;2;47;113;118m▄[38;2;47;113;119m▄[38;2;47;113;120;48;2;49;114;119m▄[38;2;48;113;119;48;2;48;114;120m▄[38;2;47;114;121;48;2;47;113;120m▄[38;2;45;114;121;48;2;45;113;120m▄[38;2;44;112;118;48;2;41;90;94m▄[0m[38;2;26;45;46m▄             [0m
  [38;2;42;92;97;48;2;34;50;51m▄[38;2;46;111;117;48;2;44;108;113m▄[38;2;46;111;118;48;2;46;109;115m▄[38;2;45;110;116;48;2;47;110;115m▄[38;2;48;115;122;48;2;46;111;117m▄[38;2;47;104;108;48;2;48;114;120m▄[38;2;78;110;101;48;2;47;112;119m▄[38;2;126;133;109;48;2;48;112;119m▄[38;2;136;114;80;48;2;49;116;122m▄[38;2;157;82;16;48;2;43;101;104m▄[38;2;205;110;24;48;2;47;85;83m▄[38;2;206;110;26;48;2;69;95;82m▄[38;2;199;106;26;48;2;87;89;66m▄[38;2;200;106;24;48;2;101;93;61m▄[38;2;208;109;23;48;2;85;73;51m▄[0m[38;2;189;103;27m▄[38;2;85;60;37;48;2;70;51;35m▄[0m [38;2;0;0;0m          [0m
  [38;2;61;95;86;48;2;45;114;120m▄[38;2;127;91;46;48;2;47;113;120m▄[38;2;183;98;26;48;2;44;98;101m▄[38;2;172;114;55;48;2;83;106;93m▄[38;2;238;196;138;48;2;155;141;105m▄[38;2;238;194;135;48;2;217;180;126m▄[48;2;238;196;138m▄[38;2;238;195;136;48;2;238;196;140m▄[38;2;238;196;138;48;2;237;193;134m▄[38;2;237;195;137;48;2;197;154;101m▄[38;2;236;192;132;48;2;171;104;37m▄[38;2;192;154;105;48;2;191;102;20m▄[38;2;174;133;79;48;2;174;97;21m▄[38;2;232;190;134;48;2;173;101;34m▄[38;2;159;132;94;48;2;195;103;18m▄[0m[7m[38;2;135;85;37m▄[0m [38;2;9;9;9m           [0m
[38;2;68;46;26m▄[38;2;208;112;25;48;2;105;68;34m▄[38;2;204;110;26;48;2;203;110;28m▄[38;2;204;109;27;48;2;210;113;28m▄[38;2;209;112;26;48;2;206;111;27m▄[38;2;186;100;21;48;2;195;104;24m▄[38;2;179;127;69;48;2;198;157;103m▄[38;2;236;194;135;48;2;238;194;134m▄[38;2;239;198;142;48;2;237;195;138m▄[38;2;191;165;124;48;2;238;195;136m▄[38;2;181;173;144;48;2;238;194;135m▄[38;2;179;165;133;48;2;237;194;136m▄[38;2;221;184;132;48;2;237;195;138m▄[38;2;237;194;137;48;2;237;194;138m▄[38;2;226;184;127;48;2;236;193;134m▄[38;2;171;155;122;48;2;236;189;127m▄[38;2;178;175;147;48;2;195;158;107m▄[0m[38;2;65;64;58m▄            [0m
[38;2;75;54;37;48;2;121;71;28m▄[38;2;206;111;24;48;2;195;105;22m▄[38;2;208;113;25;48;2;209;113;25m▄[38;2;208;113;26;48;2;206;111;26m▄[48;2;205;110;26m [38;2;186;102;23;48;2;165;92;24m▄[38;2;213;175;122;48;2;197;162;112m▄[38;2;217;181;127;48;2;238;195;136m▄[38;2;164;200;200;48;2;173;162;135m▄[38;2;186;232;234;48;2;185;225;227m▄[38;2;185;228;230;48;2;193;234;236m▄[38;2;167;206;208;48;2;191;234;236m▄[38;2;181;231;233;48;2;158;185;179m▄[38;2;126;145;139;48;2;209;173;120m▄[38;2;188;232;234;48;2;166;178;168m▄[38;2;191;234;237;48;2;188;233;236m▄[38;2;165;199;201;48;2;185;232;235m▄[38;2;191;232;233;48;2;188;226;227m▄[38;2;147;185;186;48;2;81;90;91m▄[0m [38;2;11;11;11m          [0m
[38;2;122;74;31;48;2;133;85;40m▄[38;2;182;102;27;48;2;209;113;25m▄[38;2;213;115;26;48;2;205;111;26m▄[38;2;169;93;21;48;2;207;112;26m▄[38;2;139;74;14;48;2;208;112;26m▄[38;2;168;89;12;48;2;200;110;24m▄[38;2;152;121;80;48;2;191;153;101m▄[38;2;202;167;116;48;2;147;126;91m▄[38;2;169;207;209;48;2;195;233;235m▄[38;2;188;232;235;48;2;190;233;235m▄[38;2;186;232;234;48;2;160;196;198m▄[38;2;184;230;232;48;2;93;117;118m▄[38;2;190;234;235;48;2;183;233;234m▄[38;2;156;162;146;48;2;152;186;188m▄[38;2;186;162;123;48;2;196;236;237m▄[38;2;167;160;134;48;2;198;236;238m▄[38;2;179;223;226;48;2;95;115;115m▄[38;2;187;233;235;48;2;174;216;217m▄[38;2;146;179;180;48;2;168;209;211m▄[0m [38;2;8;8;8m          [0m
 [7m[38;2;132;81;34m▄[0m[38;2;172;120;62;48;2;180;105;32m▄[38;2;173;143;102;48;2;211;168;113m▄[38;2;165;137;94;48;2;215;172;115m▄[38;2;214;175;121;48;2;171;108;42m▄[38;2;233;189;129;48;2;204;164;111m▄[38;2;239;196;138;48;2;240;196;135m▄[38;2;240;199;142;48;2;173;166;139m▄[38;2;188;165;125;48;2;185;226;228m▄[38;2;171;173;147;48;2;186;232;233m▄[38;2;173;167;138;48;2;192;233;235m▄[38;2;211;177;126;48;2;173;201;198m▄[38;2;237;196;140;48;2;206;172;123m▄[38;2;191;157;110;48;2;234;188;128m▄[38;2;179;148;101;48;2;232;187;125m▄[38;2;179;159;120;48;2;161;185;183m▄[38;2;80;72;58;48;2;180;212;213m▄[0m [38;2;0;0;0m           [0m
  [7m[38;2;96;82;65m▄[0m[38;2;148;123;89;48;2;220;181;130m▄[38;2;209;172;122;48;2;208;172;124m▄[38;2;194;162;114;48;2;237;193;133m▄[38;2;238;194;134;48;2;239;194;133m▄[38;2;238;195;135;48;2;239;194;134m▄[48;2;239;194;135m [38;2;234;193;136;48;2;238;194;135m▄[38;2;211;176;124m▄[38;2;240;198;140;48;2;238;195;136m▄[38;2;239;195;136;48;2;238;194;134m▄[48;2;238;194;136m▄[38;2;238;195;137;48;2;239;197;140m▄[48;2;238;196;137m [38;2;239;197;139;48;2;238;194;134m▄[38;2;236;196;138;48;2;170;143;104m▄[0m [38;2;36;33;29m           [0m
 [38;2;0;0;0m  [0m  [7m[38;2;106;92;72m▄[0m[38;2;237;199;145;48;2;238;195;136m▄[38;2;239;196;139;48;2;239;195;138m▄[38;2;239;195;136;48;2;239;196;137m▄[38;2;238;195;138;48;2;225;186;132m▄[38;2;237;195;137;48;2;205;170;118m▄[38;2;238;196;140;48;2;193;161;115m▄[38;2;231;190;138;48;2;188;155;108m▄[38;2;172;143;107;48;2;189;155;107m▄[0m[7m[38;2;180;153;111m▄[38;2;185;157;114m▄[38;2;150;127;95m▄[38;2;76;68;55m▄[0m [38;2;0;0;0m           [0m
 [38;2;0;0;0m   [0m [38;2;16;79;82;48;2;28;57;59m▄[38;2;13;85;85;48;2;202;172;124m▄[38;2;93;112;90;48;2;239;198;143m▄[38;2;162;139;99;48;2;239;197;139m▄[38;2;205;169;119;48;2;238;196;139m▄[38;2;212;179;129;48;2;238;195;137m▄[38;2;176;152;109;48;2;237;193;133m▄[38;2;31;56;53;48;2;132;112;85m▄[0m [38;2;0;0;0m                [0m
  [38;2;34;56;58m▄[38;2;37;94;99m▄[38;2;42;105;112;48;2;40;90;95m▄[38;2;41;103;108;48;2;12;73;77m▄[38;2;21;76;80;48;2;0;80;85m▄[38;2;3;72;75;48;2;0;82;87m▄[38;2;1;88;91;48;2;2;81;83m▄[38;2;9;93;95;48;2;6;77;77m▄[48;2;4;61;63m [38;2;6;74;76;48;2;35;103;95m▄[38;2;26;92;96;48;2;11;76;76m▄[0m[38;2;38;83;88m▄[0m [38;2;27;33;34m             [38;2;67;30;25m▄[38;2;76;10;7;48;2;79;35;26m▄[0m
[38;2;30;45;46m▄[38;2;45;108;115;48;2;39;74;77m▄[38;2;46;111;118;48;2;45;116;123m▄[38;2;45;111;117;48;2;35;93;97m▄[38;2;36;90;95;48;2;44;110;117m▄[38;2;47;113;118;48;2;46;110;117m▄[38;2;47;113;119;48;2;46;110;116m▄[38;2;47;111;117;48;2;44;109;114m▄[38;2;46;109;114;48;2;34;93;97m▄[38;2;31;86;89;48;2;21;74;76m▄[38;2;66;120;104;48;2;24;82;87m▄[38;2;96;123;83;48;2;35;104;108m▄[38;2;44;107;112;48;2;43;113;119m▄[38;2;45;109;115;48;2;41;102;107m▄[38;2;36;93;97;48;2;35;87;91m▄[0m[38;2;42;85;90m▄[0m [38;2;7;7;7m          [0m [38;2;69;2;17;48;2;63;25;32m▄[38;2;76;1;18;48;2;75;1;17m▄[0m
[?25h