[?25l[0m[38;2;124;143;147;48;2;155;174;179m▄[38;2;140;161;165;48;2;134;150;155m▄[38;2;143;164;169;48;2;131;147;151m▄[38;2;142;162;167;48;2;123;137;141m▄[38;2;124;141;145;48;2;118;134;138m▄[38;2;111;126;129;48;2;133;151;155m▄[38;2;115;130;133;48;2;138;158;162m▄[0m[38;2;101;113;115m▄[0m [38;2;35;37;37m         [0m  [7m[38;2;31;32;32m▄[38;2;38;39;40m▄[38;2;41;42;42m▄[38;2;40;41;42m▄[38;2;52;56;58m▄[38;2;47;61;69m▄[38;2;37;51;59m▄[38;2;38;46;51m▄[38;2;34;35;34m▄[38;2;32;33;34m▄[0m
[38;2;143;164;168;48;2;141;162;166m▄[48;2;143;163;167m▄[48;2;145;165;169m [38;2;112;127;130;48;2;132;149;153m▄[38;2;143;163;167;48;2;123;141;145m▄[38;2;142;162;167;48;2;138;159;163m▄[38;2;116;134;137;48;2;139;160;165m▄[38;2;95;108;111;48;2;145;165;169m▄[38;2;93;106;109;48;2;131;148;150m▄[0m [38;2;27;28;29m                    [0m
[38;2;119;134;138;48;2;143;162;165m▄[38;2;144;164;168;48;2;145;165;168m▄[38;2;120;137;140;48;2;137;156;159m▄[38;2;133;154;158;48;2;118;136;141m▄[38;2;143;163;167;48;2;140;160;165m▄[38;2;105;120;123;48;2;130;148;152m▄[38;2;107;122;126;48;2;87;101;104m▄[38;2;105;121;125;48;2;103;119;123m▄[38;2;105;120;124;48;2;104;120;124m▄[38;2;92;105;108;48;2;92;104;107m▄[0m[38;2;69;78;80m▄[0m [38;2;11;11;11m                  [0m
[38;2;122;139;143;48;2;122;138;142m▄[38;2;146;166;170;48;2;143;163;168m▄[38;2;147;166;170;48;2;125;144;147m▄[38;2;109;124;127;48;2;130;147;151m▄[38;2;139;159;164;48;2;145;164;168m▄[38;2;129;147;151;48;2;99;113;116m▄[38;2;94;106;109;48;2;108;124;128m▄[38;2;96;110;113;48;2;107;123;127m▄[38;2;99;114;117;48;2;83;95;98m▄[38;2;111;127;132;48;2;99;113;116m▄[38;2;115;130;135;48;2;115;130;135m▄[0m [38;2;54;60;61m                  [0m
[38;2;83;93;95;48;2;128;147;151m▄[38;2;78;89;90;48;2;146;165;170m▄[0m[7m[38;2;143;164;168m▄[38;2;126;142;145m▄[38;2;123;139;142m▄[38;2;149;166;170m▄[38;2;112;128;131m▄[38;2;53;57;59m▄[38;2;63;71;73m▄[0m  [38;2;0;0;0m                   [0m
 [38;2;0;0;0m             [0m [38;2;66;69;34m▄[38;2;99;105;33m▄[38;2;106;113;29m▄[38;2;113;122;30m▄[38;2;99;106;31m▄[38;2;64;65;33m▄[0m  [38;2;12;12;12m       [0m
 [38;2;0;0;0m           [0m [38;2;73;77;34m▄[38;2;111;120;27;48;2;89;95;33m▄[38;2;113;121;28;48;2;115;124;29m▄[38;2;115;123;29m▄ [38;2;114;124;29;48;2;114;123;29m▄[38;2;114;123;29;48;2;111;120;29m▄[38;2;116;125;29;48;2;97;103;23m▄[38;2;108;116;25;48;2;99;107;24m▄[38;2;107;116;25;48;2;89;96;32m▄[0m [38;2;30;30;26m      [0m
 [38;2;0;0;0m           [38;2;71;75;33m▄[38;2;112;123;28;48;2;107;116;26m▄[38;2;113;122;28;48;2;112;121;27m▄[48;2;113;122;28m [38;2;114;123;28;48;2;114;123;29m▄[48;2;114;124;29m [48;2;113;123;29m [38;2;115;124;29;48;2;114;123;29m▄[38;2;112;122;26;48;2;115;125;29m▄[38;2;93;100;22;48;2;90;96;18m▄[38;2;103;111;31;48;2;80;84;38m▄[0m [38;2;15;15;15m      [0m
 [38;2;0;0;0m         [38;2;51;53;34m▄[38;2;83;87;41m▄[38;2;107;116;27;48;2;103;111;30m▄[38;2;112;122;27;48;2;113;124;28m▄[38;2;113;122;28;48;2;113;123;27m▄[48;2;113;123;28m [38;2;112;122;28;48;2;113;123;29m▄[38;2;114;123;29;48;2;115;125;30m▄[38;2;105;115;27;48;2;110;119;28m▄[38;2;101;109;25;48;2;117;127;29m▄[38;2;112;122;29;48;2;107;116;26m▄[38;2;111;120;29;48;2;106;113;26m▄[38;2;112;123;29;48;2;107;117;28m▄[0m[38;2;53;56;31m▄      [0m
 [38;2;0;0;0m        [0m [38;2;147;140;64;48;2;97;107;26m▄[38;2;110;120;25;48;2;110;121;26m▄[38;2;104;114;24;48;2;111;121;28m▄[38;2;108;118;26;48;2;109;118;27m▄[38;2;106;114;30;48;2;115;126;29m▄[38;2;208;196;92;48;2;113;120;31m▄[38;2;248;230;112;48;2;145;143;59m▄[38;2;248;231;116;48;2;123;120;50m▄[38;2;155;150;63;48;2;104;111;27m▄[38;2;113;123;28;48;2;103;111;24m▄[38;2;114;124;29;48;2;116;126;29m▄[38;2;113;123;28;48;2;114;124;29m▄[38;2;114;124;30;48;2;112;121;29m▄[38;2;82;88;41;48;2;64;69;31m▄[0m[38;2;82;88;41m      [0m
 [38;2;0;0;0m       [0m [38;2;203;191;98;48;2;200;188;102m▄[38;2;179;168;89;48;2;249;234;121m▄[38;2;157;150;69;48;2;122;122;40m▄[38;2;90;96;23;48;2;92;101;20m▄[38;2;79;84;18;48;2;107;118;27m▄[38;2;235;217;113;48;2;174;164;73m▄[38;2;139;131;65;48;2;229;213;103m▄[38;2;249;232;120;48;2;249;232;114m▄[38;2;249;231;113;48;2;249;231;115m▄[38;2;176;164;74;48;2;198;186;93m▄[38;2;107;117;29;48;2;117;127;30m▄[38;2;114;124;29;48;2;114;124;28m▄[38;2;113;123;28;48;2;112;122;28m▄[38;2;114;124;28;48;2;113;123;29m▄[38;2;98;106;44;48;2;85;92;37m▄[0m[38;2;98;106;44m      [0m
 [38;2;0;0;0m       [38;2;51;55;34m▄[38;2;68;72;19;48;2;189;180;94m▄[38;2;95;101;18;48;2;140;137;55m▄[38;2;113;123;27;48;2;100;108;26m▄[38;2;103;111;24;48;2;105;114;28m▄[38;2;95;103;21;48;2;98;104;25m▄[38;2;84;88;16;48;2;168;158;70m▄[38;2;123;122;41;48;2;242;225;112m▄[38;2;132;131;48;48;2;250;231;113m▄[38;2;107;114;32;48;2;226;210;99m▄[38;2;101;111;27;48;2;115;119;40m▄[38;2;90;94;21;48;2;87;95;25m▄[38;2;116;125;28;48;2;112;121;27m▄[38;2;113;122;29;48;2;115;125;27m▄[38;2;112;121;29;48;2;114;124;28m▄[38;2;106;115;32;48;2;99;107;35m▄[0m [38;2;21;21;21m     [0m
 [38;2;0;0;0m      [0m [38;2;110;119;28;48;2;105;115;29m▄[38;2;97;105;22;48;2;83;89;19m▄[38;2;112;121;26;48;2;68;73;14m▄[38;2;110;121;27;48;2;113;123;26m▄[38;2;113;124;26;48;2;67;73;15m▄[38;2;111;121;26;48;2;96;103;21m▄[38;2;109;119;25;48;2;111;120;24m▄[38;2;111;121;26;48;2;86;94;21m▄[38;2;112;122;27;48;2;108;117;28m▄[38;2;114;125;29;48;2;114;124;29m▄[38;2;94;102;22;48;2;103;113;24m▄[38;2;115;125;29;48;2;115;122;28m▄[38;2;112;122;28;48;2;114;124;29m▄[48;2;113;122;29m▄[38;2;113;122;29;48;2;114;124;29m▄[38;2;112;122;28;48;2;117;127;29m▄[0m[38;2;53;56;32m▄     [0m
 [38;2;0;0;0m      [0m [38;2;75;81;30;48;2;77;83;25m▄[38;2;116;126;28;48;2;112;122;27m▄[38;2;114;124;27;48;2;113;123;27m▄[48;2;112;122;27m [38;2;111;122;27;48;2;111;122;26m▄[38;2;112;123;28;48;2;110;121;26m▄[38;2;111;121;27;48;2;111;122;26m▄[48;2;112;123;26m▄[38;2;113;123;28;48;2;112;123;28m▄[38;2;112;122;29;48;2;111;121;29m▄[38;2;111;121;29;48;2;100;108;25m▄[38;2;113;123;28;48;2;112;122;28m▄[38;2;114;124;28;48;2;113;122;28m▄[38;2;113;124;28;48;2;113;123;28m▄[48;2;112;123;28m [38;2;110;121;28;48;2;115;126;29m▄[38;2;86;93;22;48;2;76;80;29m▄[0m[38;2;45;15;17m▄[38;2;47;31;31m▄[0m [38;2;4;4;4m  [0m
 [38;2;0;0;0m     [0m [38;2;106;114;33m▄[38;2;113;124;30;48;2;101;110;28m▄[38;2;112;123;30;48;2;112;123;29m▄[38;2;114;126;29;48;2;114;125;28m▄[38;2;108;118;27;48;2;114;124;28m▄[38;2;100;102;38;48;2;114;125;29m▄[38;2;131;130;82;48;2;114;124;29m▄[38;2;12;50;45;48;2;81;90;21m▄[38;2;117;128;87;48;2;115;116;47m▄[38;2;34;91;78;48;2;87;96;39m▄[38;2;11;89;80;48;2;81;92;25m▄[38;2;98;110;31;48;2;112;121;29m▄[38;2;89;96;21;48;2;104;113;24m▄[38;2;110;120;27;48;2;112;123;27m▄[38;2;112;122;28m▄[38;2;113;125;28;48;2;111;122;28m▄[38;2;116;128;28;48;2;111;122;27m▄[38;2;87;90;21;48;2;106;118;27m▄[38;2;47;18;18;48;2;37;19;11m▄[38;2;46;26;28;48;2;58;29;31m▄[0m [38;2;0;0;0m  [0m
 [38;2;0;0;0m     [0m [38;2;39;40;25;48;2;117;126;30m▄[38;2;116;109;33;48;2;116;125;31m▄[38;2;31;16;9;48;2;101;110;27m▄[38;2;97;87;47;48;2;123;125;49m▄[38;2;70;63;37;48;2;79;74;37m▄[38;2;12;87;81;48;2;21;30;22m▄[38;2;42;92;69;48;2;52;103;87m▄[38;2;92;94;49;48;2;10;92;85m▄[38;2;101;107;63;48;2;21;93;86m▄[38;2;55;92;51;48;2;7;95;89m▄[38;2;76;96;32;48;2;9;84;77m▄[38;2;111;122;28;48;2;94;108;29m▄[38;2;97;107;21;48;2;95;104;22m▄[38;2;97;105;22;48;2;109;118;27m▄[38;2;99;106;24;48;2;110;120;28m▄[38;2;54;40;17;48;2;111;121;28m▄[38;2;52;19;21;48;2;77;75;20m▄[38;2;53;19;20;48;2;53;20;20m▄[48;2;52;19;20m [38;2;38;17;19;48;2;47;30;31m▄[0m[38;2;38;29;29m▄[0m [38;2;22;21;21m [0m
 [38;2;0;0;0m       [38;2;41;29;29;48;2;64;47;34m▄[38;2;54;48;16;48;2;53;38;17m▄[38;2;108;119;27;48;2;89;85;28m▄[38;2;111;119;27;48;2;76;66;26m▄[38;2;114;125;29;48;2;69;90;31m▄[38;2;113;124;30;48;2;110;124;29m▄[38;2;113;125;30;48;2;111;123;30m▄[38;2;116;128;29;48;2;109;121;30m▄[38;2;109;121;28;48;2;113;125;30m▄[38;2;80;85;20;48;2;113;125;29m▄[38;2;63;51;18;48;2;114;126;28m▄[38;2;46;18;17;48;2;98;108;21m▄[38;2;52;18;20;48;2;56;47;12m▄[38;2;53;19;20;48;2;52;21;19m▄[48;2;53;19;21m▄[48;2;52;19;20m▄[38;2;50;18;19m▄[38;2;31;12;13;48;2;44;16;17m▄[38;2;31;12;14;48;2;28;11;12m▄[38;2;32;16;14;48;2;35;13;15m▄[38;2;63;34;29;48;2;33;15;16m▄[38;2;50;25;23;48;2;35;27;26m▄[0m
 [38;2;0;0;0m      [0m [38;2;36;31;31m▄[38;2;35;13;14;48;2;48;19;20m▄[38;2;49;16;17;48;2;39;15;14m▄[38;2;44;21;14;48;2;62;60;17m▄[38;2;103;113;24;48;2;122;133;31m▄[38;2;114;127;27;48;2;116;128;30m▄[38;2;61;50;17;48;2;98;107;23m▄[38;2;51;17;19;48;2;57;43;16m▄[38;2;50;17;19;48;2;45;19;15m▄[38;2;51;17;19;48;2;51;18;20m▄[38;2;52;18;20m▄[48;2;52;18;20m [38;2;53;18;20m▄[38;2;50;17;19;48;2;52;19;20m▄[38;2;35;13;14;48;2;52;18;20m▄[38;2;31;12;13;48;2;43;15;16m▄[38;2;33;13;14;48;2;30;11;12m▄[38;2;30;12;13;48;2;33;13;15m▄[38;2;59;34;27;48;2;34;17;16m▄[38;2;42;17;19;48;2;61;34;27m▄[38;2;42;16;18;48;2;43;18;19m▄[48;2;42;16;18m [0m
[?25h