[?25l[0m[38;2;43;47;47;48;2;50;55;55m▄[38;2;56;61;60;48;2;53;58;58m▄[38;2;55;60;60;48;2;54;59;59m▄[48;2;52;57;57m [38;2;153;146;133;48;2;173;164;148m▄[38;2;227;216;197;48;2;227;216;198m▄[38;2;227;216;196;48;2;186;166;139m▄[38;2;184;153;115;48;2;217;161;95m▄[38;2;213;158;92;48;2;209;158;98m▄[38;2;191;138;80;48;2;198;146;86m▄[38;2;189;171;148;48;2;177;141;99m▄[38;2;171;165;152;48;2;150;143;131m▄[38;2;54;59;58;48;2;51;57;56m▄[48;2;54;60;59m▄[38;2;43;46;46;48;2;46;50;49m▄[38;2;50;55;55;48;2;44;48;49m▄[38;2;43;48;47;48;2;44;49;49m▄[38;2;51;57;56;48;2;48;53;53m▄[0m[38;2;34;35;35m▄    [0m [38;2;113;118;120m▄[38;2;146;153;155;48;2;128;133;135m▄[38;2;148;155;157;48;2;150;157;159m▄[48;2;148;155;158m [38;2;147;155;157;48;2;146;154;157m▄[38;2;149;156;158;48;2;124;132;133m▄[0m
[38;2;56;60;60;48;2;48;51;51m▄[38;2;44;48;48;48;2;57;61;61m▄[48;2;55;60;60m [38;2;58;63;62;48;2;54;60;59m▄[38;2;129;125;116;48;2;142;137;127m▄[38;2;227;215;195;48;2;227;216;197m▄[38;2;228;217;198;48;2;226;214;194m▄[38;2;228;218;199;48;2;218;208;188m▄[38;2;188;168;143;48;2;196;153;101m▄[38;2;193;176;152;48;2;175;135;89m▄[38;2;229;220;203;48;2;221;210;189m▄[38;2;200;191;174;48;2;187;179;164m▄[38;2;46;51;51;48;2;55;61;60m▄[38;2;59;64;63;48;2;53;59;58m▄[38;2;55;58;57;48;2;40;44;43m▄[38;2;54;56;56;48;2;54;59;59m▄[38;2;44;46;46;48;2;49;54;54m▄[0m[7m[38;2;57;62;62m▄[38;2;52;53;53m▄[0m[38;2;4;4;4m    [38;2;83;86;87;48;2;65;67;67m▄[38;2;151;157;159;48;2;148;155;157m▄[38;2;149;155;157;48;2;147;154;156m▄[38;2;150;157;158;48;2;148;155;157m▄[38;2;151;157;159;48;2;149;156;158m▄[48;2;150;157;159m [38;2;148;156;158;48;2;151;158;160m▄[0m
[7m[38;2;36;38;38m▄[38;2;26;28;28m▄[38;2;33;35;35m▄[38;2;37;39;38m▄[38;2;68;67;63m▄[0m         [38;2;0;0;0m          [0m     [7m[38;2;82;86;87m▄[0m
 [38;2;0;0;0m      [0m [38;2;124;145;56m▄[38;2;90;104;48m▄                    [0m
 [38;2;0;0;0m      [0m [38;2;118;136;67;48;2;127;146;68m▄[38;2;88;101;50;48;2;85;98;48m▄[0m[38;2;88;101;50m    [0m  [38;2;15;16;14m              [0m
 [38;2;0;0;0m    [0m [38;2;114;134;58m▄[38;2;137;162;64;48;2;46;50;33m▄[48;2;121;143;59m▄[38;2;138;163;65;48;2;120;142;56m▄[38;2;136;161;63;48;2;81;93;48m▄[38;2;138;164;65;48;2;67;77;42m▄[0m[38;2;137;164;66m▄[38;2;113;131;60m▄[38;2;113;128;57;48;2;122;141;66m▄[0m[7m[38;2;73;81;48m▄[0m[38;2;19;20;17m              [0m
 [38;2;0;0;0m  [0m [38;2;105;122;54m▄[38;2;138;163;65;48;2;128;152;63m▄[48;2;140;166;66m▄[38;2;139;163;65;48;2;139;164;65m▄[48;2;139;163;65m [48;2;138;163;65m▄[38;2;138;163;65;48;2;137;162;65m▄[48;2;138;163;65m [48;2;138;163;66m▄[38;2;139;164;66;48;2;140;165;67m▄[38;2;138;163;66;48;2;136;160;65m▄[48;2;74;83;47m▄[0m[38;2;78;89;48m▄[0m [38;2;5;5;5m            [0m
 [38;2;0;0;0m  [38;2;88;100;54;48;2;48;52;35m▄[38;2;137;162;64;48;2;136;161;63m▄[38;2;138;163;65;48;2;138;162;64m▄[48;2;138;163;65m  [48;2;139;164;65m [48;2;139;163;65m [48;2;139;164;65m [38;2;139;163;65;48;2;138;163;65m▄ [38;2;138;163;65;48;2;139;164;66m▄[38;2;139;164;66;48;2;139;163;65m▄[38;2;139;163;65;48;2;138;162;65m▄[38;2;139;164;65;48;2;137;162;64m▄[38;2;129;152;66;48;2;58;65;39m▄[0m [38;2;23;24;21m           [0m
 [38;2;0;0;0m [0m [38;2;115;133;60;48;2;112;127;62m▄[38;2;138;163;64;48;2;139;164;65m▄[48;2;138;163;65m▄ ▄ [48;2;139;163;65m [38;2;139;163;65;48;2;139;164;65m▄[48;2;138;163;65m   [38;2;139;164;65;48;2;138;164;65m▄▄[38;2;138;164;65;48;2;139;164;66m▄[38;2;136;161;64;48;2;137;163;65m▄[38;2;121;143;60;48;2;81;92;51m▄[0m [38;2;14;14;13m          [0m
 [38;2;0;0;0m [0m [38;2;103;119;57;48;2;116;134;62m▄[48;2;138;163;64m  [38;2;138;164;65m▄[38;2;139;164;66;48;2;138;163;65m▄[38;2;140;164;66;48;2;139;164;65m▄[38;2;139;164;66m▄[38;2;139;164;67;48;2;139;164;66m▄[38;2;138;163;66;48;2;138;163;65m▄[38;2;138;164;66;48;2;138;164;65m▄[38;2;139;166;67m▄[38;2;133;158;64;48;2;139;164;66m▄[38;2;134;158;64;48;2;138;163;66m▄[38;2;139;165;65;48;2;137;163;65m▄[38;2;137;162;65m▄[38;2;138;163;66;48;2;136;162;65m▄[0m[38;2;107;125;55m▄[0m [38;2;23;25;17m         [0m
 [38;2;0;0;0m  [38;2;63;70;42;48;2;87;100;53m▄[38;2;139;163;66;48;2;137;162;64m▄[38;2;140;164;66;48;2;140;165;65m▄[48;2;139;165;66m [38;2;134;159;63;48;2;141;165;67m▄[38;2;176;175;119;48;2;129;151;61m▄[38;2;238;233;162;48;2;108;127;51m▄[38;2;233;229;161;48;2;113;133;53m▄[38;2;188;186;130;48;2;136;160;66m▄[38;2;168;173;107;48;2;139;165;67m▄[38;2;127;143;66;48;2;139;167;67m▄[38;2;137;163;65;48;2;144;173;69m▄[38;2;110;131;51;48;2;122;145;57m▄[38;2;131;155;62;48;2;141;168;67m▄[38;2;140;154;81;48;2;138;164;65m▄[38;2;179;181;120;48;2;134;159;64m▄[38;2;204;200;136;48;2;130;153;62m▄[38;2;185;182;127;48;2;104;118;60m▄[0m [38;2;12;12;12m        [0m
 [38;2;0;0;0m [0m [38;2;67;77;43m▄[38;2;105;125;47;48;2;136;159;64m▄[38;2;138;163;65;48;2;137;162;66m▄[38;2;140;165;66;48;2;137;162;67m▄[38;2;139;164;65;48;2;137;161;65m▄[38;2;136;155;73;48;2;192;191;124m▄[38;2;207;205;140;48;2;244;237;167m▄[38;2;243;237;165;48;2;244;240;177m▄[38;2;243;237;171;48;2;131;128;90m▄[38;2;242;236;165;48;2;243;237;172m▄[38;2;234;228;161;48;2;240;235;165m▄[38;2;135;151;74;48;2;118;126;71m▄[38;2;133;159;62;48;2;116;139;53m▄[38;2;144;156;84;48;2;151;157;95m▄[38;2;240;237;167;48;2;242;238;167m▄[38;2;242;237;171;48;2;242;238;175m▄[38;2;221;218;156;48;2;156;154;110m▄[38;2;92;92;68;48;2;217;213;154m▄[0m [38;2;0;0;0m        [0m
 [38;2;0;0;0m [0m [38;2;128;150;62;48;2;122;145;58m▄[38;2;122;145;55;48;2;108;128;49m▄[38;2;138;162;66;48;2;136;160;65m▄[48;2;138;163;66m [38;2;138;163;66;48;2;140;166;66m▄[38;2;138;163;65;48;2;139;166;66m▄[38;2;138;164;65;48;2;128;153;62m▄[38;2;137;164;65;48;2;136;150;75m▄[38;2;134;160;65;48;2;154;162;94m▄[38;2;133;159;63;48;2;151;159;91m▄[38;2;131;157;60;48;2;118;136;61m▄[38;2;135;161;62;48;2;138;164;64m▄[38;2;137;164;63;48;2;136;161;64m▄[38;2;136;162;63;48;2;139;166;66m▄[38;2;133;158;61;48;2;98;111;49m▄[38;2;133;157;61;48;2;121;137;63m▄[38;2;136;162;63;48;2;121;144;57m▄[38;2;101;116;58;48;2;74;85;47m▄[0m[38;2;101;116;58m         [0m
 [38;2;0;0;0m  [7m[38;2;59;65;42m▄[0m[38;2;61;65;50;48;2;118;141;56m▄[38;2;146;172;67;48;2;134;160;63m▄[38;2;140;166;65;48;2;140;165;66m▄[38;2;137;163;65;48;2;139;165;65m▄[38;2;136;160;64;48;2;137;163;65m▄[38;2;133;157;62;48;2;136;162;64m▄[38;2;116;135;58;48;2;137;165;64m▄[38;2;119;137;63;48;2;137;165;65m▄[38;2;118;138;58;48;2;136;163;65m▄[38;2;134;159;63;48;2;137;163;64m▄[38;2;138;164;65;48;2;136;163;63m▄[38;2;135;160;63;48;2;136;163;62m▄[48;2;136;162;63m▄[38;2;136;162;63;48;2;135;160;62m▄[48;2;135;160;63m▄[38;2;135;161;63;48;2;134;159;63m▄[38;2;138;165;64;48;2;125;147;60m▄[0m[38;2;120;141;63m▄[0m [38;2;23;24;20m       [0m
 [38;2;0;0;0m [0m [38;2;72;18;28m▄[38;2;77;36;23;48;2;59;59;44m▄[38;2;134;160;65;48;2;141;166;67m▄[38;2;136;161;65;48;2;139;165;65m▄[38;2;120;144;56;48;2;138;165;65m▄[38;2;5;6;2;48;2;78;93;36m▄[38;2;2;1;2;48;2;17;18;11m▄[38;2;45;44;34;48;2;175;173;137m▄[38;2;41;40;32;48;2;185;184;154m▄[38;2;71;70;61;48;2;173;172;148m▄[38;2;87;86;74;48;2;194;194;168m▄[38;2;4;3;2;48;2;36;42;18m▄[38;2;6;7;3;48;2;67;78;30m▄[38;2;117;135;56;48;2;102;119;47m▄[38;2;51;53;38;48;2;135;159;62m▄[38;2;170;173;136;48;2;139;165;64m▄[38;2;80;84;59;48;2;136;161;63m▄[0m[7m[38;2;136;162;64m▄[38;2;129;152;63m▄[0m [38;2;0;0;0m       [0m
  [38;2;73;25;33;48;2;46;23;27m▄[38;2;96;0;16;48;2;84;1;15m▄[38;2;79;57;28;48;2;73;54;25m▄[38;2;141;167;67;48;2;135;162;64m▄[38;2;139;165;66;48;2;137;163;66m▄[38;2;139;165;67;48;2;134;160;63m▄[38;2;126;148;62;48;2;30;27;11m▄[38;2;97;93;39;48;2;54;17;12m▄[38;2;104;67;32;48;2;53;19;12m▄[38;2;102;55;28;48;2;28;10;6m▄[38;2;72;38;15;48;2;3;1;0m▄[38;2;23;25;9;48;2;1;1;0m▄[38;2;21;26;10;48;2;0;0;0m▄[38;2;29;35;12;48;2;24;29;12m▄[38;2;106;127;49;48;2;126;149;63m▄[0m[38;2;117;140;63m▄[0m  [38;2;0;0;0m          [0m
  [38;2;65;11;22;48;2;71;11;23m▄[38;2;86;0;16;48;2;85;0;16m▄[38;2;87;0;16;48;2;80;2;16m▄[38;2;86;1;16;48;2;92;86;39m▄[38;2;83;51;26;48;2;135;159;65m▄[38;2;125;145;59;48;2;137;162;67m▄[38;2;140;166;66;48;2;138;164;67m▄[38;2;140;166;67;48;2;139;167;66m▄[38;2;138;164;66;48;2;138;166;65m▄[38;2;138;163;66;48;2;140;166;66m▄[38;2;139;165;66;48;2;139;164;68m▄[38;2;139;166;67;48;2;138;164;67m▄[38;2;138;164;67;48;2;141;169;67m▄[38;2;138;165;67;48;2;139;168;66m▄[38;2;100;120;48;48;2;133;160;66m▄[38;2;69;1;12;48;2;112;131;55m▄[0m[38;2;59;18;25m▄           [0m
 [38;2;65;9;18m▄[38;2;78;0;11;48;2;60;7;15m▄[38;2;66;0;10;48;2;85;0;15m▄[38;2;87;0;17;48;2;85;0;16m▄[38;2;85;1;17;48;2;87;0;17m▄[38;2;86;0;17;48;2;87;1;16m▄[38;2;85;1;17;48;2;78;7;15m▄[38;2;86;0;16;48;2;87;65;31m▄[38;2;78;2;14;48;2;117;134;55m▄[38;2;109;114;47;48;2;139;165;68m▄[38;2;138;165;66;48;2;139;166;66m▄[38;2;138;163;65;48;2;139;165;66m▄[38;2;137;163;65;48;2;138;164;66m▄[38;2;136;163;66;48;2;137;163;66m▄[38;2;135;161;65;48;2;136;163;66m▄[38;2;93;95;39;48;2;86;97;40m▄[38;2;80;1;14;48;2;74;1;12m▄[38;2;59;4;13;48;2;76;25;33m▄[0m [38;2;31;20;22m          [0m
[?25h