[?25l[0m [38;2;0;0;0m               [0m [38;2;181;77;1m▄[38;2;216;95;0m▄[0m  [38;2;41;19;1m         [0m
 [38;2;0;0;0m         [0m [38;2;181;80;0m▄[38;2;202;85;0m▄[0m    [38;2;136;62;0;48;2;143;66;1m▄[38;2;208;96;1;48;2;207;93;0m▄[38;2;212;96;1;48;2;209;93;1m▄[38;2;209;94;2;48;2;173;78;2m▄[0m[38;2;175;79;1m▄[0m [38;2;56;25;0m       [0m
 [38;2;0;0;0m    [0m [38;2;99;42;0m▄[38;2;103;45;0m▄[38;2;102;45;0m▄▄[38;2;102;46;0m▄▄[38;2;192;87;2;48;2;200;88;1m▄[38;2;214;97;1;48;2;219;100;1m▄[38;2;212;95;2;48;2;214;96;1m▄[38;2;213;95;1;48;2;212;94;1m▄[38;2;214;96;1;48;2;206;91;1m▄[38;2;212;97;2;48;2;143;64;1m▄[38;2;215;98;2;48;2;195;88;1m▄[38;2;214;98;1;48;2;212;95;1m▄[38;2;213;96;1;48;2;211;95;1m▄[38;2;212;97;1;48;2;214;98;0m▄[38;2;209;97;1;48;2;178;81;0m▄[0m[38;2;168;77;1m▄[0m [38;2;49;24;1m     [0m
 [38;2;0;0;0m    [0m [38;2;100;43;0;48;2;181;80;0m▄[38;2;198;87;0;48;2;214;95;0m▄[38;2;211;94;1;48;2;213;95;1m▄[38;2;213;96;1;48;2;213;98;1m▄[38;2;213;97;1;48;2;216;99;1m▄[38;2;212;95;1;48;2;213;97;1m▄[38;2;213;95;1;48;2;215;97;1m▄[38;2;217;98;1;48;2;216;98;1m▄[38;2;218;98;1;48;2;214;95;1m▄[38;2;217;99;0;48;2;215;97;1m▄[38;2;217;98;0;48;2;216;98;1m▄[38;2;214;96;0;48;2;213;96;2m▄[48;2;214;96;1m [38;2;214;96;1;48;2;213;96;1m▄[38;2;214;96;0;48;2;212;94;1m▄[38;2;211;95;0m▄[38;2;211;94;1;48;2;214;96;0m▄[38;2;208;91;1;48;2;212;94;0m▄[38;2;133;62;1;48;2;136;64;1m▄[0m[38;2;133;62;1m     [0m
     [38;2;176;78;1m▄[38;2;217;97;1;48;2;172;76;0m▄[38;2;217;97;0;48;2;217;98;0m▄[38;2;215;97;1;48;2;213;96;1m▄[38;2;213;94;0;48;2;213;93;1m▄[48;2;214;95;1m▄[38;2;214;94;0;48;2;215;96;2m▄[38;2;216;95;0;48;2;217;97;1m▄[38;2;215;94;0;48;2;218;98;2m▄[38;2;215;93;0;48;2;219;99;1m▄[38;2;214;94;0;48;2;218;98;1m▄[38;2;216;94;0m▄[48;2;217;97;1m▄[38;2;215;94;0;48;2;216;96;1m▄[48;2;213;95;1m▄[38;2;213;92;1;48;2;212;93;1m▄[48;2;211;93;1m [38;2;213;94;1;48;2;211;92;1m▄[38;2;213;94;0;48;2;212;93;0m▄[38;2;140;63;0;48;2;137;63;0m▄[0m[38;2;140;63;0m     [0m
 [38;2;106;48;1;48;2;128;59;0m▄[38;2;145;66;1;48;2;217;100;0m▄[38;2;205;90;1;48;2;155;71;1m▄[38;2;213;97;1;48;2;150;68;1m▄[48;2;216;98;1m [38;2;216;98;1;48;2;215;97;1m▄[48;2;217;97;1m [38;2;177;79;1;48;2;217;96;1m▄[38;2;147;67;4m▄[38;2;136;71;14;48;2;217;95;1m▄[38;2;119;63;15;48;2;217;93;1m▄[38;2;115;62;15;48;2;215;92;0m▄[38;2;115;63;14;48;2;213;90;0m▄[38;2;123;68;16;48;2;215;90;0m▄[38;2;175;80;5;48;2;215;91;0m▄[38;2;199;86;0;48;2;214;92;0m▄[38;2;183;80;0;48;2;214;93;0m▄[38;2;201;87;1;48;2;212;92;0m▄[38;2;214;94;1;48;2;210;90;1m▄[38;2;215;95;1;48;2;212;92;1m▄[38;2;189;85;1;48;2;214;94;0m▄[38;2;110;50;1;48;2;213;95;1m▄[0m[7m[38;2;183;81;1m▄[0m [38;2;0;0;0m     [0m
  [38;2;126;55;1m▄[38;2;215;96;1;48;2;201;89;2m▄[38;2;216;97;1;48;2;211;95;0m▄[38;2;214;96;1;48;2;215;97;1m▄[38;2;214;97;2;48;2;214;98;2m▄[38;2;209;94;1;48;2;211;95;1m▄[38;2;171;77;0;48;2;140;61;0m▄[38;2;126;64;10;48;2;135;74;21m▄[38;2;190;119;47;48;2;218;130;46m▄[38;2;224;141;56;48;2;221;135;49m▄[38;2;222;138;52;48;2;220;134;47m▄[48;2;220;136;49m▄[38;2;222;138;53;48;2;221;135;49m▄[38;2;221;138;52;48;2;164;99;33m▄[38;2;221;137;51;48;2;115;69;25m▄[38;2;223;139;54;48;2;126;76;27m▄[38;2;222;139;52;48;2;108;54;9m▄[38;2;226;143;55;48;2;109;51;2m▄[38;2;226;145;58;48;2;101;46;2m▄[38;2;225;147;61;48;2;102;54;9m▄[38;2;225;146;59;48;2;117;76;30m▄[0m[38;2;126;82;34m▄      [0m
 [38;2;189;84;0m▄[38;2;220;99;0;48;2;208;93;0m▄[38;2;218;97;0;48;2;210;93;1m▄[38;2;218;96;1;48;2;211;94;1m▄[38;2;216;97;1;48;2;212;95;1m▄[38;2;217;96;1;48;2;213;96;1m▄[38;2;184;81;1;48;2;207;94;1m▄[38;2;78;35;1;48;2;206;92;1m▄[38;2;74;31;0;48;2;179;78;1m▄[38;2;115;55;3;48;2;119;64;15m▄[38;2;170;106;42;48;2;211;131;48m▄[38;2;221;139;54;48;2;219;135;49m▄[38;2;220;139;53;48;2;221;136;51m▄[38;2;221;139;53;48;2;220;137;52m▄[38;2;221;137;51;48;2;220;138;53m▄[38;2;221;139;52;48;2;221;141;55m▄[38;2;222;140;53;48;2;221;141;54m▄[38;2;221;138;51;48;2;222;140;54m▄[38;2;220;137;51m▄[38;2;220;137;53m▄[38;2;221;141;55;48;2;223;143;57m▄[38;2;222;142;56;48;2;223;145;60m▄[38;2;215;137;54;48;2;190;124;53m▄[0m[38;2;131;86;35m▄     [0m
 [38;2;212;90;0;48;2;212;92;0m▄[38;2;215;93;0;48;2;214;94;0m▄[38;2;216;96;0;48;2;213;93;0m▄[38;2;217;96;1;48;2;213;95;1m▄[38;2;217;98;1;48;2;211;95;1m▄[38;2;219;99;0;48;2;217;97;1m▄[38;2;222;100;1;48;2;188;84;2m▄[38;2;137;63;1;48;2;118;72;25m▄[38;2;120;72;21;48;2;216;130;43m▄[38;2;219;138;51;48;2;140;85;27m▄[38;2;218;133;48;48;2;174;109;43m▄[38;2;218;131;45;48;2;219;136;52m▄[38;2;210;126;43;48;2;219;136;51m▄[38;2;93;75;58;48;2;214;136;55m▄[38;2;239;233;224;48;2;128;93;59m▄[38;2;238;230;220;48;2;122;97;70m▄[38;2;233;225;215;48;2;125;99;72m▄[38;2;221;212;202;48;2;102;68;33m▄[38;2;78;61;44;48;2;218;134;47m▄[38;2;210;127;45;48;2;222;139;54m▄[38;2;156;130;102;48;2;212;134;54m▄[38;2;235;229;220;48;2;88;77;66m▄[38;2;236;230;221;48;2;184;178;169m▄[38;2;234;227;218;48;2;184;179;172m▄[38;2;231;223;212;48;2;117;115;110m▄[0m[38;2;151;147;140m▄[0m [38;2;9;9;9m  [0m
 [7m[38;2;192;81;0m▄[0m[38;2;169;73;0;48;2;215;93;0m▄[38;2;215;94;0;48;2;220;98;0m▄[38;2;216;96;1;48;2;219;99;1m▄[38;2;217;96;1;48;2;220;100;1m▄[38;2;217;97;1m▄[38;2;213;96;2;48;2;216;97;0m▄[38;2;214;95;0;48;2;208;90;0m▄[38;2;134;58;0;48;2;100;42;1m▄[38;2;165;99;33;48;2;167;102;35m▄[38;2;220;139;56;48;2;220;136;50m▄[38;2;102;63;22;48;2;217;136;51m▄[38;2;190;183;176;48;2;122;96;71m▄[38;2;236;229;220;48;2;243;239;234m▄[48;2;237;230;222m▄[38;2;210;203;195;48;2;231;223;212m▄[38;2;193;187;179;48;2;229;221;210m▄[38;2;230;223;216;48;2;232;223;213m▄[38;2;235;230;221;48;2;216;210;201m▄[38;2;187;183;175;48;2;72;70;67m▄[38;2;101;98;93;48;2;222;216;207m▄[38;2;234;226;215;48;2;234;226;216m▄[38;2;233;226;217;48;2;233;226;216m▄[38;2;149;144;137;48;2;228;221;210m▄[38;2;7;7;7;48;2;218;211;201m▄[38;2;199;194;185;48;2;235;231;223m▄[38;2;137;134;129;48;2;144;143;140m▄[0m[38;2;137;134;129m  [0m
 [38;2;0;0;0m [38;2;109;48;1;48;2;160;71;1m▄[38;2;197;87;0;48;2;212;93;0m▄[48;2;215;96;0m [38;2;217;96;0;48;2;217;97;1m▄[38;2;172;72;0;48;2;215;94;1m▄[38;2;156;67;1;48;2;212;95;1m▄[38;2;174;76;1;48;2;213;95;0m▄[38;2;210;90;1;48;2;221;96;0m▄[38;2;84;36;1;48;2;99;44;1m▄[38;2;204;128;51;48;2;205;127;50m▄[38;2;106;66;28;48;2;95;58;22m▄[38;2;196;189;180;48;2;189;181;172m▄[38;2;238;230;221;48;2;233;225;214m▄[38;2;236;228;217;48;2;233;224;213m▄[38;2;145;141;135;48;2;103;101;97m▄[38;2;83;82;78;48;2;8;7;7m▄[38;2;221;214;206;48;2;206;198;189m▄[38;2;234;227;216;48;2;233;224;212m▄[38;2;193;186;177;48;2;189;181;169m▄[38;2;68;67;64;48;2;90;88;84m▄[38;2;179;174;168;48;2;238;233;226m▄[38;2;177;173;166m▄[38;2;176;171;164;48;2;175;170;164m▄[38;2;200;195;187;48;2;60;59;56m▄[38;2;198;193;188;48;2;208;202;194m▄[0m[7m[38;2;141;137;131m▄[0m[38;2;71;71;70m  [0m
 [38;2;0;0;0m  [7m[38;2;107;46;0m▄[0m[38;2;168;67;0;48;2;207;88;0m▄[38;2;73;37;7;48;2;149;65;1m▄[38;2;205;130;50;48;2;98;62;22m▄[38;2;197;127;51;48;2;100;66;28m▄[38;2;180;114;45;48;2;121;65;16m▄[38;2;185;95;19;48;2;188;86;2m▄[38;2;75;39;6;48;2;85;39;2m▄[38;2;200;121;43;48;2;203;126;48m▄[38;2;219;127;41;48;2;141;86;33m▄[38;2;107;65;24;48;2;164;150;134m▄[38;2;162;153;142;48;2;221;214;205m▄[38;2;214;209;201;48;2;237;230;221m▄[38;2;234;227;218;48;2;235;227;217m▄[38;2;230;222;211;48;2;235;227;218m▄[38;2;224;216;206;48;2;237;231;224m▄[38;2;167;159;148;48;2;230;225;218m▄[38;2;94;57;22;48;2;145;137;128m▄[38;2;216;130;43;48;2;114;69;25m▄[38;2;217;131;45;48;2;173;104;35m▄[38;2;214;130;44;48;2;151;91;32m▄[38;2;213;129;45;48;2;112;66;23m▄[38;2;219;137;54;48;2;108;79;51m▄[0m[38;2;203;128;49m▄[0m [38;2;1;0;0m  [0m
 [38;2;0;0;0m    [38;2;157;101;41;48;2;167;106;39m▄[38;2;154;100;43;48;2;139;90;37m▄[38;2;131;84;34;48;2;39;25;9m▄[38;2;181;115;44;48;2;105;67;29m▄[38;2;219;139;55;48;2;138;86;35m▄[38;2;223;140;52;48;2;170;105;39m▄[38;2;223;141;53;48;2;226;143;56m▄[38;2;222;140;53;48;2;223;141;56m▄[38;2;220;138;51;48;2;224;140;53m▄[38;2;219;136;50;48;2;161;99;35m▄[38;2;214;131;48;48;2;79;60;44m▄[38;2;209;130;49;48;2;75;70;64m▄[38;2;208;133;55;48;2;74;70;65m▄[38;2;210;134;55;48;2;79;67;57m▄[38;2;217;135;50;48;2;159;99;34m▄[38;2;218;138;54;48;2;221;140;57m▄[38;2;222;141;55;48;2;221;137;54m▄[38;2;206;131;51;48;2;221;137;50m▄[38;2;176;109;40;48;2;220;135;49m▄[38;2;188;115;38;48;2;220;136;51m▄[38;2;128;79;28;48;2;220;138;53m▄[0m[7m[38;2;179;113;44m▄[0m [38;2;11;7;2m  [0m
 [38;2;0;0;0m    [0m [7m[38;2;193;117;43m▄[0m[38;2;184;114;39;48;2;138;81;27m▄[38;2;185;116;41;48;2;198;123;47m▄[38;2;197;122;43;48;2;222;138;50m▄[38;2;220;136;48;48;2;221;137;49m▄[38;2;221;136;49;48;2;222;137;48m▄[38;2;221;135;48;48;2;222;137;49m▄[38;2;222;137;49;48;2;221;139;51m▄[38;2;222;137;48;48;2;221;138;49m▄[38;2;224;139;50;48;2;220;137;50m▄[38;2;224;141;52;48;2;222;139;49m▄[38;2;223;141;52;48;2;222;138;49m▄[38;2;225;141;52;48;2;222;139;51m▄[38;2;222;139;52;48;2;224;141;52m▄[48;2;221;140;52m▄[38;2;223;140;53;48;2;220;139;52m▄[38;2;222;140;53;48;2;222;141;53m▄[38;2;220;138;51;48;2;166;104;37m▄[38;2;220;137;52;48;2;47;28;10m▄[48;2;119;73;28m▄[38;2;221;140;55;48;2;223;139;54m▄[38;2;221;139;54;48;2;135;86;34m▄[0m  [0m
 [38;2;0;0;0m        [38;2;104;64;21;48;2;107;66;22m▄[38;2;218;136;47;48;2;219;136;48m▄[38;2;220;138;49;48;2;221;137;48m▄[38;2;218;136;49;48;2;220;137;48m▄[38;2;200;125;41;48;2;218;135;48m▄[38;2;157;97;31;48;2;214;131;45m▄[38;2;182;111;38;48;2;222;138;50m▄[38;2;204;127;45;48;2;224;141;53m▄[38;2;221;137;48;48;2;224;140;52m▄[38;2;222;139;49;48;2;222;139;51m▄[38;2;222;140;51;48;2;222;138;51m▄[38;2;222;139;51;48;2;221;137;50m▄[38;2;222;138;50;48;2;222;138;51m▄[38;2;220;138;50;48;2;221;138;50m▄[38;2;221;139;51;48;2;222;138;51m▄[38;2;220;138;51;48;2;220;137;51m▄[38;2;218;137;51;48;2;219;137;51m▄[38;2;218;138;53;48;2;218;137;50m▄[38;2;220;141;54;48;2;219;138;52m▄[38;2;185;120;48;48;2;220;138;51m▄[0m [0m
 [38;2;0;0;0m        [0m [38;2;221;137;48;48;2;217;137;48m▄[38;2;220;137;47;48;2;218;137;49m▄[38;2;218;137;49;48;2;219;137;49m▄[38;2;219;137;50;48;2;177;110;38m▄[38;2;220;135;46;48;2;75;47;17m▄[38;2;215;128;41;48;2;72;43;14m▄[38;2;129;79;28;48;2;122;77;27m▄[0m[7m[38;2;155;96;33m▄[38;2;158;99;35m▄[38;2;167;106;40m▄[38;2;169;106;41m▄[38;2;167;104;37m▄[38;2;169;105;37m▄[38;2;166;104;37m▄[38;2;165;103;36m▄[38;2;167;104;39m▄[38;2;166;105;41m▄[38;2;128;82;29m▄[0m [38;2;0;0;0m [0m
 [38;2;0;0;0m        [7m[38;2;116;73;25m▄[0m[38;2;218;137;49;48;2;221;139;50m▄[38;2;219;138;49;48;2;222;138;49m▄[38;2;220;138;49;48;2;220;138;50m▄[38;2;219;139;50;48;2;218;136;48m▄[38;2;219;137;48m▄[38;2;218;136;49;48;2;219;135;47m▄[38;2;219;137;48;48;2;220;137;49m▄[38;2;216;134;47;48;2;221;139;52m▄[38;2;211;130;46;48;2;219;138;53m▄[38;2;107;69;26;48;2;218;138;52m▄[0m[7m[38;2;205;129;50m▄[0m [38;2;0;0;0m        [0m
 [38;2;0;0;0m     [0m [38;2;43;56;2m▄[38;2;58;76;3m▄[38;2;83;67;13m▄[38;2;181;115;40;48;2;216;134;45m▄[38;2;222;140;53;48;2;219;136;47m▄[38;2;221;138;49;48;2;219;135;46m▄[38;2;221;139;50;48;2;219;138;50m▄[38;2;220;138;51;48;2;219;140;52m▄[38;2;220;138;50;48;2;220;140;51m▄[38;2;219;139;52;48;2;218;141;54m▄[38;2;219;140;52;48;2;217;137;51m▄[0m[7m[38;2;140;85;29m▄[0m [38;2;34;45;2m          [0m
 [38;2;0;0;0m   [0m [38;2;53;70;2m▄[38;2;81;107;3;48;2;48;64;1m▄[38;2;78;103;3;48;2;76;101;3m▄[38;2;75;100;2;48;2;73;97;3m▄[38;2;74;99;2;48;2;58;77;2m▄[38;2;59;79;2;48;2;97;76;15m▄[38;2;40;51;2;48;2;135;87;27m▄[38;2;92;63;17;48;2;189;118;40m▄[38;2;140;84;30;48;2;217;136;48m▄[38;2;216;136;50;48;2;217;139;52m▄[38;2;210;130;46;48;2;216;138;52m▄[38;2;214;134;47;48;2;216;136;51m▄[38;2;143;90;32;48;2;215;136;51m▄[0m[38;2;57;56;6m▄[38;2;70;93;1;48;2;63;86;1m▄[0m[38;2;73;97;1m▄[38;2;57;78;2m▄[0m [38;2;22;30;1m       [0m
 [38;2;0;0;0m  [0m [38;2;72;99;2;48;2;43;57;2m▄[38;2;83;111;3;48;2;83;109;5m▄[38;2;82;109;5;48;2;83;109;6m▄[38;2;80;106;3;48;2;80;106;5m▄[38;2;81;108;3;48;2;79;105;3m▄[38;2;81;109;3;48;2;79;106;3m▄[38;2;79;105;3;48;2;80;107;3m▄[38;2;76;102;4;48;2;77;103;3m▄[38;2;75;101;4;48;2;58;78;4m▄[38;2;76;103;2;48;2;61;76;3m▄[38;2;63;87;2;48;2;59;53;4m▄[38;2;57;78;3;48;2;35;24;5m▄[38;2;58;78;3;48;2;36;24;5m▄[38;2;75;102;3;48;2;53;68;5m▄[38;2;76;102;4;48;2;79;108;4m▄[38;2;77;102;3;48;2;82;108;2m▄[38;2;71;95;2;48;2;75;99;2m▄[38;2;60;81;2;48;2;74;99;2m▄[38;2;78;104;3;48;2;59;78;3m▄[0m[38;2;41;56;1m▄      [0m
 [38;2;0;0;0m  [0m                     [38;2;0;0;0m      [0m
 [38;2;0;0;0m   [38;2;101;53;3m▄[7m[38;2;117;61;5m▄[0m  [38;2;104;56;7;48;2;85;45;8m▄[0m [38;2;132;75;7;48;2;96;51;3m▄[0m [38;2;92;52;7;48;2;123;65;6m▄[38;2;61;34;2;48;2;94;48;4m▄[0m [38;2;99;52;5m▄[7m[38;2;132;69;5m▄[38;2;131;68;5m▄[0m [38;2;145;81;11;48;2;109;59;10m▄[38;2;34;19;2;48;2;124;64;7m▄[0m[38;2;111;62;3m▄[0m [7m[38;2;128;66;6m▄[0m[38;2;114;62;9;48;2;130;69;7m▄[0m [38;2;14;8;0m    [0m
[?25h