[?25l[0m[7m[38;2;112;119;178m [0m[38;2;0;0;0;48;2;112;119;178m  [48;2;112;118;177m [38;2;112;118;177;48;2;111;118;176m▄[38;2;111;117;176;48;2;111;118;177m▄[38;2;111;118;177;48;2;112;120;179m▄[38;2;109;117;175;48;2;91;97;137m▄[0m [38;2;30;31;38m               [38;2;92;49;33;48;2;107;53;30m▄[38;2;185;75;35;48;2;191;77;35m▄[38;2;186;74;34;48;2;185;76;34m▄[38;2;159;64;26;48;2;132;63;35m▄[0m[38;2;193;80;34m▄[38;2;166;67;29;48;2;104;39;19m▄[0m
[7m[38;2;112;118;178m [0m[38;2;112;118;178;48;2;112;119;178m▄▄[38;2;111;118;177;48;2;112;118;177m▄[48;2;111;118;177m [48;2;110;117;176m▄ [38;2;100;107;161;48;2;111;119;176m▄[0m [38;2;18;18;20m               [0m [38;2;96;56;40;48;2;186;75;35m▄[38;2;132;55;21;48;2;185;75;33m▄[38;2;185;76;31;48;2;148;59;24m▄[38;2;188;77;32;48;2;185;76;33m▄[38;2;186;76;33;48;2;184;75;33m▄[0m
[38;2;96;98;137;48;2;113;119;178m▄[38;2;111;118;178;48;2;110;117;176m▄[38;2;111;117;177m▄[38;2;110;117;177;48;2;111;117;177m▄[38;2;110;116;176;48;2;111;118;177m▄[38;2;110;117;176;48;2;111;118;176m▄[38;2;104;113;166;48;2;108;115;172m▄[0m[7m[38;2;63;65;85m▄[0m [38;2;0;0;0m                [0m  [7m[38;2;99;53;34m▄[38;2;145;71;41m▄[38;2;180;73;30m▄[0m
[38;2;244;180;136;48;2;221;165;130m▄[38;2;240;176;133;48;2;115;109;138m▄[38;2;93;87;111;48;2;106;113;171m▄[38;2;103;109;165;48;2;108;114;174m▄[38;2;107;114;176;48;2;109;116;176m▄[38;2;105;113;173;48;2;110;117;177m▄[38;2;66;70;93;48;2;104;111;163m▄[0m [38;2;2;2;2m                     [0m [0m
[38;2;236;175;144;48;2;244;178;134m▄[38;2;228;166;157;48;2;244;180;139m▄[38;2;204;155;143;48;2;171;139;122m▄[38;2;98;97;132;48;2;109;113;167m▄[38;2;63;67;86;48;2;87;92;136m▄[0m[7m[38;2;52;55;70m▄[0m [38;2;0;0;0m                       [0m
[38;2;201;175;157;48;2;179;133;169m▄[38;2;209;208;207;48;2;154;115;150m▄[38;2;215;213;210;48;2;165;127;161m▄[0m[7m[38;2;97;84;98m▄[0m  [38;2;0;0;0m                       [0m [0m
[38;2;229;170;126;48;2;245;182;135m▄[38;2;209;155;114;48;2;212;163;125m▄[38;2;207;158;119;48;2;197;153;115m▄[0m [38;2;25;25;25m                       [0m [38;2;83;40;27m▄[38;2;91;28;6;48;2;84;32;12m▄[0m
[38;2;200;129;100;48;2;218;163;124m▄[38;2;204;136;101;48;2;232;168;123m▄[38;2;200;129;99;48;2;245;180;132m▄[38;2;242;182;137;48;2;157;123;97m▄[0m[38;2;169;129;99m▄[0m [38;2;3;3;3m                     [38;2;37;26;23m▄[38;2;104;34;8;48;2;97;31;8m▄[38;2;105;35;9;48;2;103;34;8m▄[0m
[38;2;162;65;55;48;2;153;34;33m▄[38;2;171;86;99;48;2;164;44;41m▄[0m[7m[38;2;122;43;41m▄[38;2;107;81;66m▄[0m [38;2;0;0;0m                      [38;2;84;46;34;48;2;60;28;18m▄[38;2;115;36;9;48;2;99;29;8m▄[38;2;107;32;8;48;2;85;26;7m▄[0m
[38;2;175;124;104;48;2;196;138;116m▄[38;2;215;124;152;48;2;235;125;160m▄[38;2;236;133;165;48;2;219;118;150m▄[0m[38;2;97;64;75m▄                    [0m  [38;2;60;33;25m▄[38;2;86;35;19;48;2;43;21;15m▄[38;2;110;34;8;48;2;84;25;6m▄[38;2;111;34;8;48;2;89;25;6m▄[0m
[38;2;194;124;121;48;2;179;124;98m▄[38;2;238;124;161;48;2;232;132;162m▄[38;2;194;108;133;48;2;234;139;167m▄[0m[38;2;79;52;60m▄                  [0m [38;2;105;30;9;48;2;67;39;31m▄[38;2;125;36;10;48;2;119;47;24m▄[38;2;134;40;11;48;2;129;39;13m▄[38;2;133;40;12;48;2;123;37;12m▄[38;2;132;40;12;48;2;99;30;8m▄[38;2;128;39;13;48;2;102;29;6m▄[38;2;127;38;12;48;2;96;28;6m▄[0m
[38;2;223;116;148;48;2;220;126;153m▄[38;2;214;111;143;48;2;224;127;156m▄[38;2;226;116;151;48;2;201;100;132m▄[38;2;218;114;146;48;2;205;104;136m▄[0m[38;2;98;63;72m▄               [0m [38;2;130;45;19m▄[38;2;143;43;14;48;2;72;36;26m▄[38;2;130;39;11;48;2;103;29;8m▄[38;2;120;32;8;48;2;113;30;9m▄[38;2;129;36;11;48;2;116;33;9m▄[38;2;130;38;12;48;2;120;35;9m▄[38;2;129;38;12;48;2;112;33;9m▄[38;2;133;40;12;48;2;110;33;10m▄[38;2;136;41;12;48;2;116;34;10m▄[0m
[7m[38;2;212;122;151m▄[38;2;173;92;119m▄[38;2;121;71;88m▄[0m [38;2;0;0;0m                [7m[38;2;58;29;20m▄[0m[38;2;114;55;37;48;2;98;29;8m▄[38;2;113;41;19;48;2;119;36;11m▄[38;2;143;44;15;48;2;152;46;14m▄[38;2;107;33;11;48;2;110;31;8m▄[38;2;132;40;13;48;2;127;37;12m▄[38;2;134;41;13;48;2;131;39;12m▄[38;2;132;40;13;48;2;131;38;12m▄[48;2;130;39;13m▄[38;2;131;39;13m▄[0m
 [38;2;0;0;0m                     [0m  [7m[38;2;65;35;28m▄[38;2;106;56;42m▄[38;2;119;54;35m▄[38;2;117;42;21m▄[38;2;147;70;51m▄[38;2;145;67;47m▄[0m
 [38;2;0;0;0m                  [0m  [38;2;45;59;75m▄[38;2;41;61;84m▄[38;2;40;62;86;48;2;39;46;53m▄[38;2;41;64;87;48;2;37;48;57m▄[38;2;41;65;91;48;2;41;48;53m▄[0m[38;2;41;62;85m▄[38;2;39;47;55m▄[0m [38;2;1;1;1m [0m
 [38;2;5;5;5m                [0m [38;2;38;54;71m▄[38;2;40;62;86;48;2;43;54;66m▄[38;2;39;61;83;48;2;39;60;83m▄[38;2;39;61;84;48;2;40;61;84m▄[38;2;40;63;85;48;2;39;59;82m▄[38;2;176;160;78;48;2;44;59;70m▄[38;2;197;187;134;48;2;122;116;70m▄[38;2;191;174;93;48;2;58;70;74m▄[38;2;42;61;78;48;2;38;60;82m▄[38;2;39;62;85;48;2;39;64;87m▄[38;2;47;62;77;48;2;28;33;38m▄[0m [0m
 [38;2;42;41;42m              [0m [38;2;37;51;67m▄[38;2;39;61;85;48;2;36;53;72m▄[48;2;39;60;83m [38;2;39;59;82m▄[38;2;38;59;82m▄[38;2;37;59;82;48;2;38;60;82m▄[38;2;36;58;80;48;2;39;61;84m▄[38;2;39;56;69;48;2;135;128;70m▄[38;2;95;95;55;48;2;194;186;134m▄[38;2;48;57;56;48;2;161;152;91m▄[38;2;30;45;59;48;2;39;59;79m▄[38;2;33;52;69;48;2;39;60;82m▄[38;2;30;36;42;48;2;48;63;79m▄[0m [0m
[38;2;39;48;60;48;2;47;52;57m▄[0m[38;2;54;65;81m▄[38;2;45;49;55m▄          [0m [38;2;35;53;72m▄[38;2;36;58;82;48;2;35;49;63m▄[38;2;35;56;79;48;2;36;57;80m▄[38;2;35;55;77;48;2;38;59;83m▄[38;2;30;47;65;48;2;39;61;84m▄[38;2;12;18;25;48;2;38;59;81m▄[38;2;1;1;1;48;2;32;49;68m▄[38;2;0;0;0;48;2;18;29;39m▄[48;2;7;12;17m▄[48;2;1;1;2m▄[48;2;2;1;1m▄[48;2;1;1;1m▄[48;2;0;0;0m [38;2;2;1;1;48;2;23;24;25m▄[0m[38;2;14;14;13m▄[38;2;22;22;22m▄[0m
[?25h