[?25l[0m[38;2;31;50;65;48;2;29;48;61m▄[38;2;31;50;64;48;2;30;48;62m▄[38;2;30;49;62;48;2;29;47;60m▄[38;2;25;41;51;48;2;22;37;47m▄[38;2;27;43;54;48;2;28;46;60m▄[38;2;28;45;57;48;2;29;48;61m▄[38;2;29;48;59;48;2;30;50;63m▄[38;2;29;47;59;48;2;28;45;54m▄[38;2;175;175;161;48;2;190;187;164m▄[38;2;207;205;184;48;2;237;234;207m▄[38;2;210;208;186;48;2;199;191;168m▄[38;2;197;194;168;48;2;188;174;144m▄[38;2;197;193;164;48;2;187;170;138m▄[38;2;205;203;179;48;2;191;182;155m▄[38;2;233;230;207;48;2;234;229;200m▄[38;2;174;173;160;48;2;122;126;118m▄[38;2;30;47;59;48;2;32;51;65m▄[38;2;24;40;49;48;2;29;46;58m▄[38;2;26;42;53;48;2;19;32;42m▄[38;2;33;53;67;48;2;33;43;51m▄[0m [38;2;23;24;25m        [38;2;85;90;92;48;2;54;55;57m▄[0m
[7m[38;2;24;33;40m▄[38;2;26;34;40m▄[38;2;25;32;38m▄[38;2;26;33;38m▄[38;2;27;35;41m▄[38;2;23;30;35m▄[38;2;19;25;28m▄[38;2;26;35;40m▄[38;2;81;83;77m▄[0m       [7m[38;2;26;33;39m▄[38;2;24;29;31m▄[38;2;24;33;38m▄[38;2;25;34;39m▄[0m [38;2;0;0;0m        [7m[38;2;60;62;63m▄[0m
 [38;2;0;0;0m                             [0m
 [38;2;0;0;0m        [38;2;138;32;24;48;2;65;30;26m▄[38;2;176;36;24;48;2;85;36;32m▄[0m [38;2;17;14;15m                  [0m
 [38;2;0;0;0m        [0m [38;2;54;69;66;48;2;79;57;56m▄[0m [38;2;34;40;38m                  [0m
 [38;2;0;0;0m      [0m [38;2;44;65;44m▄[38;2;54;95;55m▄[38;2;56;102;58;48;2;55;96;79m▄[38;2;58;105;60;48;2;59;98;72m▄[38;2;59;106;61;48;2;47;73;49m▄[38;2;57;101;58;48;2;43;64;44m▄[38;2;56;102;58;48;2;32;42;32m▄[0m[38;2;58;96;59m▄[0m [38;2;29;37;29m             [0m
 [38;2;0;0;0m    [0m [38;2;56;91;58m▄[38;2;58;104;59;48;2;50;84;51m▄[38;2;58;105;60;48;2;59;106;60m▄[38;2;58;104;60;48;2;58;105;60m▄[38;2;57;105;59m▄[38;2;57;104;59;48;2;58;106;60m▄[38;2;57;103;59;48;2;57;105;59m▄[38;2;57;105;60;48;2;57;103;59m▄[38;2;57;106;60;48;2;57;104;60m▄[38;2;55;103;59;48;2;58;108;61m▄[38;2;52;95;54;48;2;56;104;59m▄[0m[38;2;40;75;42m▄[38;2;55;76;56m▄[38;2;46;70;48m▄[38;2;28;52;29m▄[38;2;31;58;32m▄[38;2;32;60;31m▄[38;2;42;57;39m▄[0m [38;2;19;21;18m     [0m
 [38;2;0;0;0m   [38;2;35;45;36m▄[38;2;59;107;62;48;2;55;84;57m▄[38;2;59;107;61;48;2;59;108;62m▄[38;2;58;106;61;48;2;58;107;61m▄[48;2;58;106;60m [48;2;58;105;60m▄[48;2;58;106;60m▄[48;2;57;104;59m▄[38;2;47;89;50;48;2;57;103;59m▄[38;2;45;86;49;48;2;58;107;62m▄[38;2;56;102;60;48;2;48;91;51m▄[38;2;53;98;56;48;2;42;78;46m▄[38;2;90;82;26;48;2;45;81;47m▄[38;2;180;102;3;48;2;57;86;44m▄[38;2;189;106;2;48;2;43;51;20m▄[38;2;150;83;2;48;2;25;50;23m▄[38;2;105;73;11;48;2;31;59;30m▄[38;2;42;67;30;48;2;34;62;32m▄[38;2;34;64;33;48;2;34;63;32m▄[38;2;31;54;29;48;2;33;64;31m▄[0m[7m[38;2;28;40;27m▄[0m[38;2;18;20;18m     [0m
 [38;2;0;0;0m  [0m [38;2;51;95;55;48;2;53;82;55m▄[38;2;57;104;60;48;2;59;108;62m▄[38;2;57;105;60;48;2;58;107;61m▄[38;2;57;106;61;48;2;58;106;61m▄[48;2;58;107;61m [38;2;48;90;51m▄[38;2;51;93;54;48;2;54;99;57m▄[38;2;59;109;63;48;2;46;86;49m▄[38;2;52;99;57;48;2;51;96;55m▄[38;2;57;67;30;48;2;53;100;58m▄[38;2;168;92;3;48;2;57;93;49m▄[38;2;188;102;0;48;2;131;87;12m▄[38;2;166;91;2;48;2;187;103;1m▄[38;2;146;88;20;48;2;191;106;1m▄[38;2;159;96;23;48;2;186;103;2m▄[38;2;157;89;9;48;2;187;102;1m▄[38;2;182;100;2;48;2;195;107;1m▄[38;2;187;102;2;48;2;141;83;5m▄[38;2;156;88;9;48;2;38;54;29m▄[0m [38;2;30;23;17m      [0m
 [38;2;0;0;0m  [0m [38;2;58;108;61;48;2;56;106;59m▄[38;2;56;110;60;48;2;56;105;59m▄[38;2;54;97;51;48;2;56;103;60m▄[38;2;119;80;13;48;2;55;103;58m▄[38;2;167;109;35;48;2;77;96;58m▄[38;2;241;189;129;48;2;81;94;57m▄[38;2;239;186;124;48;2;79;97;59m▄[38;2;241;188;127;48;2;114;118;76m▄[38;2;243;190;131;48;2;180;149;102m▄[38;2;243;191;131;48;2;219;172;113m▄[38;2;242;188;126;48;2;184;139;83m▄[48;2;174;120;56m▄[38;2;242;190;130;48;2;161;100;26m▄[38;2;227;180;124;48;2;142;93;26m▄[38;2;224;177;120;48;2;225;180;120m▄[38;2;243;190;129;48;2;243;193;133m▄[38;2;235;183;120;48;2;187;148;101m▄[38;2;117;98;74;48;2;51;41;31m▄[0m[7m[38;2;88;56;18m▄[38;2;114;69;28m▄[0m [38;2;11;11;11m     [0m
 [38;2;0;0;0m  [0m [38;2;58;100;57;48;2;56;104;60m▄[38;2;148;92;11;48;2;56;95;50m▄[38;2;192;108;1;48;2;155;93;7m▄[38;2;192;109;1;48;2;189;106;1m▄[38;2;188;106;1;48;2;171;97;2m▄[38;2;182;132;70;48;2;209;165;111m▄[38;2;245;191;132;48;2;243;191;133m▄[38;2;228;179;125;48;2;243;190;129m▄[38;2;183;176;168;48;2;235;183;124m▄[38;2;248;248;249;48;2;194;160;120m▄[38;2;251;251;251;48;2;192;161;125m▄[38;2;228;227;227;48;2;209;162;109m▄[38;2;201;171;136;48;2;243;193;135m▄[38;2;245;194;135;48;2;243;192;134m▄[38;2;220;176;124;48;2;243;190;128m▄[38;2;202;196;190;48;2;227;175;116m▄[38;2;250;250;250;48;2;198;163;120m▄[38;2;249;249;249;48;2;198;164;119m▄[0m[38;2;159;159;159m▄[0m [38;2;10;10;10m      [0m
 [38;2;0;0;0m  [0m [38;2;110;73;28;48;2;88;70;22m▄[38;2;189;108;2;48;2;184;106;4m▄[38;2;191;109;2;48;2;188;107;3m▄[38;2;192;110;2;48;2;191;109;2m▄[38;2;166;101;16;48;2;160;92;8m▄[38;2;212;165;108;48;2;171;118;55m▄[38;2;242;186;122;48;2;245;191;131m▄[38;2;193;179;164;48;2;199;175;148m▄[38;2;253;253;253;48;2;251;250;251m▄[38;2;247;247;246;48;2;252;252;253m▄[38;2;108;108;108;48;2;253;253;253m▄[38;2;252;252;252m▄[38;2;248;248;247;48;2;216;214;213m▄[38;2;196;160;117;48;2;225;173;116m▄[38;2;205;194;181;48;2;206;185;159m▄[38;2;253;253;253;48;2;250;251;252m▄[38;2;234;234;234;48;2;253;253;253m▄[38;2;111;111;112;48;2;252;252;252m▄[38;2;249;248;248;48;2;251;251;251m▄[38;2;115;115;115;48;2;75;75;75m▄[0m[38;2;115;115;115m      [0m
 [38;2;0;0;0m   [38;2;125;78;25;48;2;130;82;26m▄[38;2;211;171;121;48;2;165;98;11m▄[38;2;206;164;112;48;2;170;111;33m▄[38;2;196;147;88;48;2;171;97;3m▄[38;2;140;80;6;48;2;148;85;5m▄[38;2;242;189;129;48;2;240;186;124m▄[38;2;244;192;133;48;2;243;192;134m▄[38;2;211;170;123;48;2;198;181;162m▄[38;2;223;222;221;48;2;252;252;252m▄[38;2;251;251;252m▄[38;2;252;252;252;48;2;224;223;224m▄[38;2;249;249;249;48;2;250;250;251m▄[38;2;185;170;152;48;2;234;233;233m▄[38;2;229;181;127;48;2;211;170;124m▄[38;2;190;150;101;48;2;207;187;162m▄[38;2;193;163;129;48;2;250;250;250m▄[38;2;205;197;189;48;2;250;250;251m▄[38;2;247;247;248;48;2;248;248;249m▄[38;2;148;149;149;48;2;249;249;250m▄[0m[7m[38;2;74;74;74m▄[0m[38;2;9;9;9m      [0m
 [38;2;0;0;0m   [7m[38;2;78;67;54m▄[0m[38;2;235;188;131;48;2;215;171;117m▄[38;2;192;154;106;48;2;189;148;98m▄[38;2;243;190;130;48;2;220;173;117m▄[38;2;244;190;129;48;2;178;134;83m▄[48;2;244;191;130m [48;2;244;191;131m▄[38;2;244;190;130m▄[38;2;244;191;131;48;2;181;146;108m▄[48;2;180;168;153m▄[38;2;244;191;130;48;2;185;177;166m▄[38;2;243;188;128;48;2;185;161;132m▄[38;2;242;188;127;48;2;232;181;123m▄[38;2;228;177;121;48;2;241;188;130m▄[38;2;202;159;107;48;2;241;187;127m▄[38;2;215;170;116;48;2;241;187;126m▄[38;2;185;146;100;48;2;201;161;114m▄[38;2;238;185;121;48;2;184;154;117m▄[0m[7m[38;2;62;53;43m▄[0m[38;2;37;33;29m       [0m
 [38;2;0;0;0m    [7m[38;2;94;81;65m▄[38;2;188;152;109m▄[38;2;183;146;102m▄[0m[38;2;232;182;125;48;2;243;189;127m▄[38;2;244;190;129;48;2;244;190;128m▄[38;2;244;191;130;48;2;244;190;129m▄[38;2;244;191;131;48;2;244;190;130m▄[48;2;244;191;130m▄[38;2;244;191;130;48;2;244;191;131m▄[48;2;244;191;130m [38;2;244;190;130;48;2;244;190;129m▄[38;2;245;191;130;48;2;243;189;128m▄[48;2;244;190;129m [38;2;244;190;128;48;2;239;186;125m▄[38;2;244;191;129;48;2;227;179;122m▄[38;2;245;193;132;48;2;245;193;131m▄[38;2;218;173;120;48;2;176;141;100m▄[0m [38;2;19;18;17m       [0m
 [38;2;0;0;0m      [0m [38;2;170;140;101;48;2;196;158;114m▄[38;2;243;190;128;48;2;244;191;130m▄[38;2;244;190;129;48;2;244;190;128m▄[38;2;243;191;130;48;2;241;189;129m▄[38;2;242;191;129;48;2;192;152;103m▄[38;2;215;170;114;48;2;232;182;125m▄[38;2;201;161;110;48;2;245;192;132m▄[38;2;202;162;113;48;2;245;192;131m▄[38;2;196;154;103;48;2;245;191;131m▄[38;2;195;155;107;48;2;245;192;131m▄[38;2;201;163;119;48;2;244;191;130m▄[38;2;189;152;108m▄[38;2;160;128;89;48;2;244;191;129m▄[38;2;114;94;69;48;2;244;191;128m▄[0m[7m[38;2;99;83;64m▄[0m[38;2;21;19;18m       [0m
 [38;2;0;0;0m    [0m  [38;2;52;76;72m▄[38;2;185;146;100;48;2;188;157;117m▄[38;2;243;191;129;48;2;244;193;133m▄[38;2;244;192;130;48;2;244;192;131m▄ [38;2;245;193;133m▄[48;2;244;193;132m▄[38;2;244;192;130;48;2;245;194;133m▄[38;2;213;172;121;48;2;245;196;137m▄[0m[7m[38;2;233;183;123m▄[38;2;108;92;72m▄[0m[38;2;0;0;0m           [38;2;38;54;53m▄[0m
 [38;2;0;0;0m  [0m [38;2;72;118;111m▄[38;2;81;139;130;48;2;59;90;85m▄[38;2;81;140;130;48;2;76;131;123m▄[38;2;82;140;131;48;2;81;140;132m▄[38;2;79;139;129;48;2;134;130;99m▄[38;2;111;127;102;48;2;244;193;133m▄[38;2;199;164;116;48;2;244;193;131m▄[38;2;243;193;131m▄[38;2;242;191;128;48;2;244;193;132m▄[38;2;244;192;130;48;2;245;194;133m▄[38;2;228;183;123;48;2;245;191;127m▄[38;2;80;119;105;48;2;116;101;74m▄[0m[38;2;70;118;110m▄[0m  [38;2;1;1;1m          [7m[38;2;26;38;38m▄[0m
[?25h