[?25l[0m [38;2;0;0;0m                   [0m  [38;2;1;1;1m              [0m
 [38;2;0;0;0m                   [0m [7m[38;2;135;69;15m▄[0m[38;2;230;109;4m▄[0m  [38;2;129;65;10m▄[0m [38;2;1;1;1m         [0m
 [38;2;0;0;0m              [0m [38;2;116;58;9m▄[38;2;187;92;10m▄[38;2;202;98;7m▄[38;2;181;89;10m▄[38;2;106;54;9m▄[0m [38;2;219;106;6;48;2;242;115;1m▄[38;2;244;115;1;48;2;217;104;4m▄[0m[38;2;131;65;8m▄[38;2;200;96;7;48;2;219;104;3m▄[0m[38;2;212;102;5m▄[0m [38;2;6;5;3m        [0m
 [38;2;0;0;0m          [0m [38;2;170;82;7m▄[38;2;125;62;10m▄[38;2;187;90;6m▄[38;2;243;115;1;48;2;206;98;5m▄[38;2;244;116;1;48;2;243;115;1m▄[38;2;243;116;1m▄[48;2;244;116;1m▄[38;2;244;117;1m▄[38;2;244;116;1;48;2;244;115;1m▄[48;2;216;104;5m▄[48;2;226;108;3m▄[48;2;243;115;1m [38;2;243;115;1;48;2;226;107;3m▄[38;2;244;116;1;48;2;212;101;5m▄[38;2;243;115;1;48;2;243;114;1m▄[0m[38;2;142;71;8m▄        [0m
 [38;2;0;0;0m         [0m [38;2;231;108;3m▄[38;2;243;114;1;48;2;150;74;9m▄[38;2;243;115;1;48;2;243;114;1m▄[38;2;243;116;1;48;2;243;115;1m▄[48;2;244;116;1m▄[38;2;223;114;20m▄[38;2;225;167;122;48;2;243;116;2m▄[38;2;232;168;119;48;2;244;117;1m▄[38;2;229;151;86m▄[38;2;226;128;42;48;2;244;116;1m▄[38;2;237;113;2m▄  [38;2;244;117;1m▄  [38;2;146;72;7;48;2;169;83;8m▄[0m[38;2;146;72;7m        [0m
 [38;2;0;0;0m          [0m [38;2;236;111;2;48;2;215;103;5m▄[48;2;244;116;1m [38;2;244;117;2;48;2;243;116;1m▄[38;2;239;115;4;48;2;231;113;7m▄[38;2;227;161;109;48;2;229;115;13m▄[38;2;221;153;100;48;2;224;133;57m▄[38;2;253;189;141;48;2;253;188;139m▄[48;2;253;188;140m▄[48;2;253;189;141m [48;2;237;173;125m▄[38;2;253;188;140;48;2;227;141;70m▄[38;2;251;186;139;48;2;227;116;18m▄[38;2;230;166;117;48;2;244;118;2m▄[38;2;100;61;28;48;2;244;116;1m▄[0m[7m[38;2;224;107;4m▄[0m [38;2;0;0;0m        [0m
 [38;2;0;0;0m          [38;2;105;52;6m▄[38;2;243;114;1;48;2;243;115;1m▄[38;2;243;115;1;48;2;244;116;2m▄[38;2;244;116;1m▄[48;2;244;117;2m▄[38;2;233;112;4;48;2;224;128;44m▄[38;2;239;179;133;48;2;253;188;140m▄[38;2;167;126;95;48;2;253;189;140m▄[0m[7m[38;2;251;188;140m▄▄[0m[38;2;165;126;96;48;2;253;188;140m▄[0m[7m[38;2;249;186;138m▄[38;2;196;148;112m▄[38;2;221;166;125m▄[38;2;149;112;85m▄[0m[38;2;62;50;41m          [0m
 [38;2;0;0;0m          [0m [38;2;158;77;8;48;2;243;114;1m▄[38;2;244;115;1;48;2;243;115;1m▄[38;2;220;141;76;48;2;244;115;1m▄[38;2;225;166;120;48;2;241;115;1m▄[38;2;227;125;36;48;2;244;116;1m▄[38;2;223;153;96;48;2;223;157;105m▄[0m    [38;2;108;83;64m▄[0m   [38;2;13;13;13m          [0m
 [38;2;0;0;0m           [0m  [38;2;134;102;78;48;2;216;160;118m▄[38;2;241;180;133;48;2;211;159;120m▄[38;2;249;184;137;48;2;232;167;117m▄[38;2;253;188;140;48;2;232;168;119m▄[48;2;156;119;90m▄[0m[38;2;247;185;138m▄[38;2;247;184;137m▄[38;2;253;188;140;48;2;158;120;91m▄[38;2;253;188;141;48;2;252;187;139m▄[38;2;253;188;140;48;2;216;162;122m▄[38;2;253;187;139;48;2;187;141;106m▄[0m[38;2;155;118;90m▄          [0m
 [38;2;0;0;0m             [0m  [38;2;207;155;117;48;2;229;172;128m▄[38;2;252;187;140;48;2;253;188;140m▄[0m[7m[38;2;253;188;140m▄[0m[38;2;136;105;80;48;2;253;188;141m▄[38;2;232;174;131;48;2;253;188;140m▄ [48;2;253;189;141m [38;2;253;189;141;48;2;236;178;134m▄[38;2;253;189;142;48;2;234;177;133m▄[0m[38;2;226;170;128m▄[0m [38;2;39;31;24m         [0m
 [38;2;0;0;0m              [0m [38;2;204;149;113;48;2;191;144;108m▄[48;2;253;188;140m [38;2;250;187;140;48;2;109;86;68m▄[0m[38;2;157;121;94m▄[0m  [7m[38;2;141;109;84m▄[38;2;188;144;110m▄[38;2;209;159;121m▄[38;2;201;153;116m▄[0m [38;2;0;0;0m         [0m
 [38;2;0;0;0m             [38;2;101;23;21m▄[38;2;160;27;23;48;2;158;29;26m▄[38;2;239;178;132;48;2;221;159;119m▄[48;2;253;188;141m [38;2;253;189;141m▄▄▄[38;2;238;175;131;48;2;245;184;138m▄[38;2;93;34;29;48;2;213;161;121m▄[0m [38;2;0;0;0m            [0m
 [38;2;0;0;0m          [0m [38;2;151;29;26m▄[38;2;174;30;26;48;2;103;24;22m▄[38;2;160;27;23;48;2;155;26;23m▄[48;2;176;30;27m [38;2;136;44;37;48;2;213;140;106m▄[38;2;174;132;101;48;2;253;188;141m▄[38;2;249;186;139;48;2;253;189;142m▄[38;2;253;188;140m▄[38;2;253;189;140m▄[38;2;132;85;68;48;2;201;118;90m▄[38;2;176;30;27;48;2;175;31;27m▄[0m[38;2;149;29;25m▄[0m [38;2;31;11;11m           [0m
 [38;2;0;0;0m        [0m [38;2;156;28;25m▄[38;2;172;29;26;48;2;165;30;27m▄[48;2;176;30;27m [38;2;176;30;26;48;2;174;30;26m▄[38;2;160;27;23;48;2;161;28;24m▄[38;2;161;27;23;48;2;176;31;27m▄[38;2;161;27;24;48;2;168;31;27m▄[0m     [38;2;117;26;24;48;2;156;29;26m▄[38;2;158;27;23;48;2;175;30;26m▄[38;2;149;25;21;48;2;156;27;23m▄[38;2;174;30;26;48;2;82;22;20m▄[0m[38;2;72;19;18m▄         [0m
 [38;2;0;0;0m       [0m [38;2;175;30;26;48;2;136;27;24m▄[38;2;176;30;27;48;2;175;29;26m▄[38;2;170;29;26;48;2;160;26;23m▄[38;2;164;27;24;48;2;176;29;26m▄[48;2;176;30;27m [38;2;176;30;26;48;2;156;26;23m▄[38;2;176;30;27;48;2;175;30;26m▄[48;2;176;30;27m [38;2;162;30;26;48;2;121;25;23m▄[0m [38;2;3;3;3m   [7m[38;2;70;17;15m▄[0m[38;2;177;31;27;48;2;176;31;27m▄[48;2;173;30;26m▄[38;2;167;29;25;48;2;174;30;26m▄[38;2;171;30;26;48;2;166;30;26m▄[0m[38;2;74;18;17m▄        [0m
 [38;2;0;0;0m      [0m [38;2;147;30;27;48;2;102;22;20m▄[38;2;175;30;26;48;2;175;30;27m▄[38;2;176;30;27;48;2;176;31;27m▄▄[38;2;159;27;23;48;2;161;27;24m▄[38;2;176;30;27;48;2;176;30;26m▄[38;2;176;31;27;48;2;176;30;27m▄[48;2;176;31;27m [38;2;175;30;26;48;2;176;30;27m▄[48;2;176;31;27m▄[0m [38;2;30;9;9m   [0m [38;2;176;30;27;48;2;177;31;27m▄[38;2;176;31;27m▄[38;2;174;30;26;48;2;171;30;26m▄[38;2;156;26;23;48;2;161;27;24m▄[38;2;149;31;27;48;2;120;26;23m▄[0m[38;2;149;31;27m        [0m
 [38;2;0;0;0m      [0m  [7m[38;2;130;29;26m▄[38;2;172;33;29m▄[38;2;176;30;27m▄[38;2;162;27;24m▄[0m[38;2;118;26;24;48;2;176;31;27m▄[38;2;145;30;27;48;2;177;31;28m▄[38;2;163;34;30;48;2;176;31;27m▄[38;2;175;35;31;48;2;175;31;27m▄[38;2;176;32;28;48;2;175;30;27m▄[0m [38;2;40;10;9m   [0m [38;2;120;27;24;48;2;176;30;27m▄[0m[7m[38;2;176;31;27m▄[38;2;176;31;26m▄[38;2;144;29;26m▄[38;2;97;24;22m▄[0m [38;2;0;0;0m       [0m
 [38;2;0;0;0m               [0m   [38;2;0;0;0m                 [0m
[?25h