[?25l[0m [38;2;0;0;0m                   [0m [38;2;183;82;6;48;2;158;74;15m▄[0m[38;2;191;87;8m▄[0m [38;2;47;34;25m  [38;2;92;53;25;48;2;78;51;32m▄[0m[38;2;161;74;15m▄[0m [38;2;18;17;17m [0m
 [38;2;0;0;0m                   [0m [38;2;98;63;33;48;2;133;69;20m▄[38;2;222;100;1;48;2;220;96;0m▄[38;2;230;104;1;48;2;193;90;6m▄[0m[38;2;191;93;11m▄[0m [7m[38;2;55;36;23m▄[0m[38;2;209;92;3;48;2;227;96;2m▄[38;2;225;100;3;48;2;128;67;21m▄[0m[38;2;79;54;34m▄[0m
 [38;2;0;0;0m           [0m  [38;2;50;34;21m▄[38;2;90;65;43m▄[38;2;59;39;22m▄[0m   [38;2;1;1;1m [0m [38;2;203;91;3;48;2;220;100;3m▄[38;2;229;103;0;48;2;226;103;0m▄[38;2;227;102;0;48;2;226;104;1m▄[38;2;220;101;3;48;2;140;72;15m▄[0m[38;2;99;64;38m▄[38;2;154;73;5;48;2;186;85;3m▄[38;2;223;99;0;48;2;224;99;0m▄[38;2;226;101;1;48;2;188;88;10m▄[0m
 [38;2;0;0;0m       [0m [38;2;57;47;38m▄[38;2;165;76;10m▄[38;2;227;99;1;48;2;95;58;29m▄[38;2;227;101;1;48;2;174;83;13m▄[48;2;215;95;3m▄[38;2;227;102;1;48;2;227;102;2m▄[48;2;228;102;1m▄[48;2;231;104;2m▄[38;2;227;101;2;48;2;223;102;4m▄[38;2;226;100;1;48;2;187;88;8m▄[38;2;224;100;1;48;2;129;75;31m▄[0m[38;2;214;96;4m▄[38;2;142;81;34m▄[38;2;155;73;9;48;2;179;84;8m▄[38;2;226;101;1;48;2;227;102;0m▄[38;2;225;100;0;48;2;224;100;0m▄[38;2;226;101;0;48;2;224;100;1m▄[38;2;227;101;0;48;2;200;90;2m▄[38;2;221;99;0;48;2;150;66;0m▄[38;2;225;100;0;48;2;226;102;0m▄[48;2;227;101;0m▄[0m
 [38;2;0;0;0m [0m [38;2;109;63;30;48;2;44;42;41m▄[0m[38;2;126;73;30m▄[0m [38;2;20;18;16m [0m [38;2;190;87;5;48;2;58;42;32m▄[38;2;226;99;1;48;2;195;88;5m▄[38;2;225;99;1;48;2;224;98;1m▄[38;2;226;100;0;48;2;225;99;0m▄[48;2;226;100;0m [38;2;227;100;1;48;2;227;101;1m▄[38;2;228;102;1;48;2;227;102;1m▄ [48;2;228;102;1m [38;2;227;102;1;48;2;227;101;1m▄[48;2;227;102;1m [48;2;226;101;1m▄[38;2;227;101;1m▄[38;2;226;100;0;48;2;225;100;1m▄[38;2;226;100;1;48;2;222;98;1m▄[38;2;226;100;0;48;2;226;101;1m▄[38;2;226;101;1;48;2;226;101;0m▄[48;2;226;100;0m [48;2;225;100;1m▄[38;2;226;101;0m▄[48;2;226;101;1m [38;2;227;102;1;48;2;227;101;0m▄[0m
 [38;2;0;0;0m  [0m [38;2;180;82;7;48;2;209;91;3m▄[38;2;225;99;0;48;2;163;77;12m▄[38;2;202;89;1;48;2;55;43;33m▄[38;2;217;97;1;48;2;142;70;17m▄[38;2;226;100;1;48;2;225;100;1m▄[48;2;226;100;0m▄[38;2;227;100;1;48;2;226;100;1m▄▄[48;2;227;100;1m [38;2;227;101;1m▄[38;2;228;102;1;48;2;227;101;1m▄[38;2;228;102;2;48;2;228;102;1m▄  [38;2;227;102;1;48;2;227;103;1m▄[48;2;227;102;1m  [38;2;227;101;0;48;2;227;101;1m▄[38;2;227;101;1;48;2;227;100;0m▄[38;2;227;101;0m▄[38;2;227;102;1;48;2;227;101;0m▄[48;2;227;101;1m▄[48;2;227;102;1m [38;2;226;102;1m▄ [38;2;227;102;0m▄[0m
 [38;2;90;54;28m▄[38;2;213;92;4m▄[38;2;217;95;3m▄[38;2;216;93;2;48;2;125;67;20m▄[38;2;226;99;0;48;2;225;99;0m▄[38;2;228;100;0m▄[38;2;228;101;1;48;2;226;100;1m▄[38;2;228;102;1;48;2;227;100;1m▄[38;2;227;102;1;48;2;228;101;1m▄[48;2;228;102;1m▄[38;2;213;96;2m▄[38;2;172;86;13;48;2;228;102;2m▄[38;2;166;89;24m▄[38;2;167;93;29;48;2;228;102;1m▄[38;2;168;87;23;48;2;228;102;2m▄[38;2;179;86;12;48;2;228;103;2m▄[38;2;201;90;3;48;2;228;102;1m▄[38;2;226;102;3;48;2;227;102;1m▄[48;2;228;102;1m [38;2;228;103;2m▄  [38;2;227;102;1;48;2;227;101;1m▄[48;2;227;102;1m [38;2;228;102;1m▄ ▄▄[38;2;228;102;0;48;2;227;101;1m▄[0m
  [7m[38;2;120;63;23m▄[0m[38;2;120;71;35;48;2;224;96;1m▄[38;2;215;95;1;48;2;225;97;0m▄[38;2;227;99;0;48;2;228;99;0m▄[38;2;226;99;0;48;2;228;101;0m▄[38;2;226;99;1;48;2;227;101;1m▄[38;2;227;101;1;48;2;228;101;1m▄[38;2;228;102;1;48;2;227;102;1m▄[38;2;230;102;1;48;2;228;102;1m▄[38;2;231;102;1;48;2;220;99;2m▄[38;2;224;101;2;48;2;162;109;54m▄[38;2;184;127;74;48;2;247;183;132m▄[38;2;250;186;131;48;2;250;186;134m▄[38;2;251;184;128;48;2;248;186;132m▄[38;2;251;185;129;48;2;242;181;127m▄[38;2;252;187;130;48;2;212;162;114m▄[38;2;251;187;131;48;2;181;131;84m▄[38;2;251;187;132;48;2;181;115;54m▄[38;2;245;184;128;48;2;172;84;12m▄[38;2;202;151;104;48;2;211;94;2m▄[38;2;174;112;56;48;2;228;101;2m▄[38;2;174;88;17;48;2;227;102;2m▄[38;2;214;98;2;48;2;228;102;1m▄[38;2;229;104;2;48;2;228;103;1m▄[38;2;229;103;1m▄[38;2;229;104;1;48;2;229;103;1m▄[38;2;230;104;1;48;2;229;102;1m▄[38;2;232;106;1m▄[0m
 [38;2;0;0;0m  [38;2;96;60;34m▄[38;2;225;99;1;48;2;163;75;8m▄[48;2;226;98;0m [48;2;226;99;0m [38;2;227;100;1;48;2;226;100;1m▄[38;2;227;100;0;48;2;228;101;1m▄[38;2;227;101;1;48;2;229;102;1m▄[38;2;181;82;2;48;2;223;101;1m▄[38;2;143;103;59;48;2;230;104;3m▄[38;2;175;111;55;48;2;233;101;1m▄[38;2;184;90;16;48;2;195;90;6m▄[38;2;171;111;56;48;2;220;164;110m▄[38;2;251;187;133;48;2;251;187;132m▄[38;2;251;187;130;48;2;252;187;131m▄[38;2;251;186;129;48;2;252;186;130m▄[48;2;251;186;130m [38;2;251;187;131;48;2;252;187;130m▄[38;2;252;188;131;48;2;252;187;131m▄[48;2;251;187;131m▄[48;2;251;188;132m [38;2;253;189;133;48;2;247;186;131m▄[38;2;252;188;132;48;2;193;144;96m▄[38;2;251;187;132;48;2;181;120;64m▄[38;2;249;189;136;48;2;172;92;26m▄[38;2;174;139;105;48;2;167;78;5m▄[0m[7m[38;2;182;84;5m▄[38;2;170;83;11m▄[0m
 [38;2;0;0;0m [0m [38;2;214;96;4;48;2;171;79;10m▄[38;2;226;100;0;48;2;225;99;0m▄[48;2;226;99;0m▄[38;2;227;100;1m▄[48;2;227;100;1m [38;2;227;101;1m▄[48;2;228;101;1m [38;2;228;101;1;48;2;228;102;1m▄[38;2;226;101;2;48;2;176;92;22m▄[38;2;174;114;61;48;2;235;183;132m▄[38;2;250;186;129;48;2;247;190;134m▄[38;2;252;186;129;48;2;198;146;98m▄[38;2;252;186;130;48;2;250;184;128m▄[38;2;252;187;131;48;2;251;185;129m▄[38;2;252;188;132;48;2;252;186;129m▄[38;2;251;189;133;48;2;252;187;130m▄[38;2;242;183;129;48;2;252;187;131m▄[38;2;234;174;122;48;2;252;188;132m▄[38;2;247;187;133m▄[38;2;251;188;132;48;2;252;188;131m▄ [48;2;252;187;130m [38;2;252;188;133m▄[38;2;245;184;131;48;2;252;188;132m▄[38;2;238;176;119;48;2;226;169;119m▄[38;2;243;184;126;48;2;118;98;80m▄[0m[38;2;73;62;52m▄[0m
 [38;2;0;0;0m [38;2;75;54;36;48;2;61;44;31m▄[38;2;228;101;3;48;2;225;100;3m▄[38;2;227;101;0;48;2;226;100;0m▄[38;2;227;101;1;48;2;227;101;0m▄[38;2;228;102;1;48;2;227;100;0m▄[48;2;227;101;1m▄[48;2;227;102;1m [48;2;228;102;1m  [48;2;227;102;1m▄[38;2;224;102;2;48;2;179;84;8m▄[38;2;181;126;76;48;2;229;169;115m▄[38;2;251;190;136;48;2;252;187;131m▄[38;2;252;192;138;48;2;252;189;134m▄[38;2;231;179;133;48;2;252;188;134m▄[38;2;183;173;167;48;2;225;171;125m▄[38;2;247;247;248;48;2;173;152;133m▄[38;2;252;252;253;48;2;178;175;172m▄[38;2;252;252;252;48;2;183;184;184m▄[38;2;251;251;251;48;2;173;167;161m▄[38;2;239;239;239;48;2;170;140;113m▄[38;2;162;139;121;48;2;244;188;135m▄[38;2;84;70;59;48;2;234;179;130m▄[0m[7m[38;2;127;106;86m▄[0m  [7m[38;2;87;71;57m▄[38;2;72;63;55m▄[0m
 [38;2;0;0;0m [0m [38;2;172;82;15;48;2;222;99;4m▄[38;2;227;102;1;48;2;228;102;1m▄▄[38;2;229;102;1m▄[38;2;230;103;2m▄[38;2;229;104;2;48;2;228;103;1m▄[38;2;227;103;2;48;2;229;103;1m▄[38;2;227;103;1m▄[38;2;226;103;2m▄[38;2;225;103;2;48;2;228;103;1m▄[38;2;177;84;7;48;2;174;98;32m▄[38;2;241;183;129;48;2;250;189;134m▄[38;2;244;184;132;48;2;251;189;135m▄[38;2;174;167;162;48;2;180;156;135m▄[38;2;251;251;251;48;2;250;250;250m▄[38;2;254;254;254;48;2;252;252;253m▄[38;2;251;251;251;48;2;253;253;253m▄[38;2;219;219;219;48;2;252;252;252m▄[38;2;252;251;252m▄[38;2;251;251;251m▄[38;2;249;249;249;48;2;227;227;226m▄[0m[38;2;74;74;74m▄  [0m  [38;2;11;11;11m [0m
 [38;2;0;0;0m  [7m[38;2;75;50;32m▄[0m[38;2;113;67;33;48;2;222;99;3m▄[38;2;227;102;3;48;2;230;103;1m▄[38;2;228;101;1;48;2;231;104;1m▄[38;2;226;102;2m▄[38;2;199;92;4;48;2;228;105;2m▄[38;2;166;111;62;48;2;220;99;2m▄[38;2;211;151;95;48;2;190;85;2m▄[38;2;166;118;72;48;2;187;85;2m▄[38;2;209;99;5;48;2;230;105;1m▄[38;2;229;105;1;48;2;210;97;2m▄[38;2;189;141;97;48;2;212;163;116m▄[38;2;249;189;137;48;2;243;188;139m▄[38;2;178;160;144;48;2;174;169;165m▄[38;2;248;247;249;48;2;251;250;251m▄[38;2;252;251;252;48;2;253;253;253m▄[38;2;253;253;253;48;2;222;223;222m▄[48;2;87;87;87m▄[48;2;253;253;253m [38;2;252;252;253m▄[38;2;240;240;240;48;2;248;249;248m▄[38;2;184;140;102;48;2;74;73;71m▄[0m[38;2;176;134;97m▄[0m  [7m[38;2;28;28;28m▄[0m [0m
 [38;2;0;0;0m   [0m [7m[38;2;83;50;25m▄[38;2;198;89;4m▄[0m[38;2;154;81;22;48;2;224;101;1m▄[38;2;175;128;85;48;2;165;104;50m▄[38;2;226;178;124;48;2;218;162;111m▄[38;2;188;147;105;48;2;163;120;81m▄[38;2;203;154;109;48;2;228;173;123m▄[38;2;246;181;126;48;2;192;134;82m▄[38;2;138;89;46;48;2;200;90;2m▄[38;2;202;149;98;48;2;180;131;84m▄[38;2;251;185;127;48;2;250;183;125m▄[38;2;252;190;136;48;2;214;165;120m▄[38;2;209;163;125;48;2;212;209;206m▄[38;2;182;172;164;48;2;251;250;251m▄[38;2;219;219;218;48;2;253;252;252m▄[38;2;240;239;238;48;2;254;253;254m▄[38;2;197;196;194;48;2;252;252;252m▄[38;2;177;158;141;48;2;247;247;248m▄[38;2;227;174;124;48;2;174;160;149m▄[38;2;251;188;132;48;2;244;183;129m▄[38;2;252;188;131;48;2;250;190;137m▄[38;2;252;187;132;48;2;153;119;88m▄[38;2;251;184;126;48;2;100;80;61m▄[38;2;251;185;126;48;2;96;79;63m▄[38;2;249;191;138;48;2;81;72;62m▄[0m
 [38;2;0;0;0m      [0m [38;2;63;54;46;48;2;159;126;95m▄[38;2;234;169;115;48;2;247;185;127m▄[38;2;225;162;108;48;2;176;134;92m▄[38;2;239;175;119;48;2;247;181;121m▄[38;2;251;188;133;48;2;250;182;123m▄[48;2;243;178;121m▄[38;2;252;187;131;48;2;249;184;128m▄[38;2;252;186;129;48;2;252;187;130m▄[38;2;251;185;128;48;2;252;186;131m▄[38;2;251;185;129;48;2;251;186;131m▄[38;2;252;186;130;48;2;246;183;130m▄[48;2;211;159;111m▄[38;2;251;186;130;48;2;189;145;102m▄[38;2;252;186;130;48;2;226;171;120m▄[48;2;250;188;133m▄[48;2;252;187;130m▄[38;2;252;185;128;48;2;252;185;127m▄[38;2;252;186;129m▄[38;2;236;181;127;48;2;252;186;129m▄[38;2;237;182;129;48;2;252;188;132m▄[38;2;245;185;131;48;2;252;189;133m▄[38;2;224;171;119;48;2;251;188;132m▄[0m
 [38;2;0;0;0m       [0m [7m[38;2;79;66;54m▄[38;2;188;142;100m▄[0m[38;2;106;89;71;48;2;195;150;107m▄[38;2;249;186;133;48;2;209;162;115m▄[38;2;252;185;128;48;2;252;188;133m▄[38;2;252;186;129;48;2;252;187;130m▄[38;2;252;187;130;48;2;252;186;129m▄[38;2;252;186;130m▄[38;2;252;187;130;48;2;251;186;129m▄[48;2;252;186;129m [38;2;251;186;129m▄[38;2;252;187;130;48;2;252;186;130m▄[48;2;252;187;130m [48;2;252;186;130m▄[48;2;252;187;130m  [38;2;251;186;129;48;2;251;186;131m▄[38;2;251;186;130;48;2;213;161;114m▄[38;2;251;185;130;48;2;188;142;99m▄[38;2;251;186;129;48;2;184;137;96m▄[38;2;251;185;130;48;2;176;134;97m▄[0m
 [38;2;0;0;0m          [7m[38;2;53;45;38m▄[0m[38;2;240;182;130;48;2;245;182;129m▄[38;2;252;186;129;48;2;251;186;129m▄[48;2;252;186;130m [38;2;253;187;131;48;2;252;187;131m▄[38;2;252;187;132m▄[38;2;227;171;119;48;2;252;186;130m▄[38;2;249;187;130;48;2;251;186;130m▄[38;2;251;187;131;48;2;251;186;129m▄[38;2;253;187;130;48;2;252;187;130m▄[38;2;252;187;129m▄ [38;2;252;187;131m▄▄▄[48;2;252;186;130m [38;2;252;186;130;48;2;251;186;130m▄[48;2;252;187;131m▄[38;2;252;188;131;48;2;252;188;132m▄[0m
 [38;2;0;0;0m          [0m [38;2;241;181;130;48;2;239;181;129m▄[38;2;252;186;130;48;2;251;185;129m▄[48;2;252;186;129m▄[48;2;252;187;131m [38;2;253;188;132;48;2;247;186;132m▄[38;2;251;189;134;48;2;161;126;87m▄[38;2;249;188;133;48;2;185;145;102m▄[38;2;214;162;113;48;2;214;163;116m▄[38;2;183;142;99;48;2;249;188;133m▄[38;2;175;136;96;48;2;251;186;130m▄[38;2;181;138;96;48;2;251;187;131m▄[38;2;204;155;110;48;2;252;187;132m▄[38;2;233;175;121m▄[38;2;246;186;131;48;2;252;187;131m▄[38;2;249;190;136m▄[38;2;250;188;132;48;2;252;187;130m▄[38;2;249;186;129;48;2;252;186;129m▄[38;2;249;185;127;48;2;252;187;130m▄[0m
 [38;2;0;0;0m        [38;2;46;33;32m▄[38;2;128;27;22m▄[38;2;122;45;31;48;2;77;42;36m▄[38;2;247;188;135;48;2;244;184;132m▄[48;2;252;187;130m [38;2;252;187;130;48;2;252;188;131m▄[48;2;252;187;131m [38;2;253;188;132;48;2;252;188;132m▄[48;2;252;189;133m [38;2;252;189;133;48;2;252;188;132m▄[38;2;253;189;132m▄[38;2;252;188;131;48;2;252;189;134m▄[38;2;252;188;132;48;2;250;190;139m▄[38;2;252;188;133;48;2;248;189;136m▄[38;2;251;189;135;48;2;226;171;119m▄[38;2;226;170;122;48;2;195;146;99m▄[38;2;95;79;65;48;2;143;109;78m▄[0m[7m[38;2;78;72;64m▄[38;2;78;68;60m▄[38;2;77;68;60m▄[38;2;66;59;50m▄[0m
 [38;2;0;0;0m      [0m [38;2;100;42;39m▄[38;2;160;24;20;48;2;133;27;24m▄[38;2;143;22;17;48;2;153;24;18m▄[38;2;123;88;61;48;2;134;69;47m▄[38;2;251;187;131;48;2;250;187;132m▄[48;2;252;187;130m [38;2;252;188;131m▄[48;2;252;188;131m [38;2;252;188;132;48;2;252;189;133m▄ [38;2;252;188;133m▄[38;2;252;189;133;48;2;252;188;133m▄[48;2;252;188;132m▄ [38;2;181;136;98;48;2;250;190;137m▄[0m[7m[38;2;144;117;92m▄[0m  [38;2;0;0;0m    [0m
 [38;2;0;0;0m    [0m [38;2;81;31;29m▄[38;2;91;14;12m▄[38;2;150;21;18;48;2;126;19;17m▄[38;2;150;22;18;48;2;149;22;18m▄[38;2;152;22;17;48;2;147;21;17m▄[38;2;141;70;48;48;2;161;111;77m▄[38;2;249;185;131;48;2;251;187;131m▄[38;2;252;186;130;48;2;252;187;131m▄[48;2;252;188;131m [38;2;252;188;132m▄[48;2;252;188;132m [38;2;252;188;133;48;2;252;189;133m▄  [38;2;252;189;135;48;2;253;189;134m▄[38;2;185;133;95;48;2;243;183;129m▄[38;2;146;22;19;48;2;107;38;28m▄[38;2;126;23;20;48;2;52;27;26m▄[0m [38;2;25;21;22m     [0m
 [38;2;0;0;0m [0m [38;2;94;28;26m▄[38;2;143;20;16;48;2;55;30;29m▄[38;2;146;21;17;48;2;117;21;16m▄[38;2;151;22;17;48;2;155;23;18m▄[38;2;107;14;11;48;2;109;15;11m▄[38;2;155;22;17;48;2;159;22;18m▄[38;2;153;22;17;48;2;155;23;17m▄[38;2;151;22;17m▄[38;2;143;20;17;48;2;122;25;18m▄[38;2;77;59;53;48;2;214;161;115m▄[38;2;163;130;98;48;2;251;187;133m▄[38;2;238;184;134;48;2;253;188;132m▄[38;2;250;187;132;48;2;252;187;131m▄[38;2;252;186;129m▄[38;2;252;187;130;48;2;252;188;132m▄[48;2;252;188;133m [38;2;251;188;133;48;2;253;189;133m▄[38;2;231;176;127;48;2;250;188;136m▄[38;2;72;44;39;48;2;134;71;49m▄[38;2;156;23;17;48;2;151;23;18m▄[38;2;159;25;18m▄[38;2;142;25;19;48;2;86;30;29m▄[0m [38;2;26;24;26m    [0m
[?25h