[?25l[0m [38;2;0;0;0m              [0m  [38;2;10;10;10m [0m [38;2;173;93;20m▄[0m [38;2;60;42;26m  [0m [38;2;74;43;19m▄     [0m
 [38;2;0;0;0m                 [0m [38;2;117;69;24;48;2;176;96;21m▄[38;2;225;115;4;48;2;220;114;6m▄[38;2;221;113;5;48;2;108;72;36m▄[0m[38;2;85;53;22m▄[0m [38;2;167;93;20;48;2;195;97;9m▄[38;2;204;110;10;48;2;76;54;33m▄[0m [38;2;34;27;21m   [0m
 [38;2;0;0;0m            [0m    [38;2;4;5;5m  [0m [38;2;204;103;6;48;2;224;115;4m▄[38;2;218;111;4;48;2;217;110;4m▄[38;2;223;114;5;48;2;200;102;5m▄[0m[38;2;185;104;22m▄[38;2;121;77;32;48;2;137;80;19m▄[38;2;223;113;4;48;2;229;119;3m▄[38;2;207;107;5;48;2;141;83;21m▄[0m [38;2;51;41;31m  [0m
 [38;2;0;0;0m    [38;2;88;56;29m▄[38;2;107;66;30m▄[0m [38;2;1;1;1m [0m [38;2;134;82;31m▄[38;2;214;110;6m▄[38;2;221;112;5;48;2;135;81;29m▄[38;2;220;112;5;48;2;180;100;23m▄[38;2;220;111;5;48;2;179;92;9m▄[38;2;220;112;5;48;2;173;90;11m▄[38;2;220;111;5;48;2;163;92;25m▄[38;2;221;111;5;48;2;108;68;29m▄[0m[38;2;207;107;9m▄[38;2;134;85;36m▄[38;2;174;96;17;48;2;177;95;15m▄[38;2;222;114;5;48;2;220;112;5m▄[38;2;220;112;5;48;2;224;114;4m▄[38;2;218;110;4;48;2;225;114;3m▄[38;2;213;108;4;48;2;144;74;8m▄[38;2;220;111;3;48;2;219;111;3m▄[38;2;221;113;3;48;2;222;113;3m▄[38;2;192;104;12;48;2;139;86;33m▄[0m [38;2;17;17;18m [0m
 [38;2;0;0;0m    [0m [38;2;218;111;4;48;2;221;113;5m▄[38;2;207;108;6;48;2;89;58;26m▄[0m[38;2;157;87;19m▄[38;2;217;109;4;48;2;165;91;21m▄[38;2;221;112;3;48;2;221;113;3m▄[38;2;223;113;3;48;2;220;112;3m▄[38;2;223;113;4;48;2;221;111;3m▄[38;2;221;112;4;48;2;221;111;4m▄▄[38;2;222;112;4;48;2;221;112;3m▄[38;2;222;113;4;48;2;221;112;4m▄[38;2;222;114;4;48;2;221;112;5m▄[48;2;221;113;5m▄[38;2;221;113;4m▄▄[48;2;222;113;5m [38;2;221;112;4;48;2;221;112;5m▄[48;2;220;111;4m▄[48;2;221;111;4m▄[38;2;221;113;4;48;2;222;113;5m▄[38;2;223;114;5;48;2;221;113;5m▄[38;2;223;117;5;48;2;221;116;5m▄[0m[38;2;91;60;28m▄ [0m
 [38;2;0;0;0m [0m [38;2;110;71;33;48;2;136;85;37m▄[38;2;218;108;5;48;2;130;78;29m▄[38;2;215;107;4;48;2;136;85;36m▄[38;2;219;110;3;48;2;216;109;2m▄[38;2;223;113;3;48;2;218;110;3m▄[38;2;223;113;4;48;2;219;110;3m▄[38;2;223;114;4;48;2;220;111;4m▄[38;2;221;114;6;48;2;223;113;5m▄[38;2;217;111;6;48;2;223;114;5m▄[38;2;195;99;7;48;2;221;113;5m▄[38;2;196;102;9;48;2;221;113;4m▄[38;2;214;111;7;48;2;223;114;5m▄[38;2;227;117;5m▄[38;2;224;115;5;48;2;223;114;4m▄[38;2;224;115;4m▄[38;2;224;114;4;48;2;222;114;4m▄[38;2;223;114;4;48;2;222;113;4m▄  [38;2;223;113;4m▄ [38;2;222;113;4;48;2;221;113;4m▄[48;2;222;113;4m [38;2;222;114;5;48;2;223;114;5m▄[38;2;221;115;5;48;2;222;116;6m▄[38;2;114;70;29;48;2;115;73;31m▄[0m[38;2;114;70;29m [0m
 [38;2;0;0;0m  [0m [7m[38;2;91;52;18m▄[0m[38;2;164;88;18;48;2;220;109;3m▄[38;2;220;111;2;48;2;221;111;3m▄[38;2;220;111;4;48;2;221;112;4m▄[48;2;221;113;4m▄[38;2;223;113;4;48;2;222;113;4m▄[38;2;227;116;4;48;2;222;114;5m▄[38;2;230;118;4;48;2;222;115;5m▄[38;2;229;118;4;48;2;182;122;54m▄[38;2;207;145;85;48;2;237;180;129m▄[38;2;246;182;129;48;2;225;169;120m▄[38;2;246;182;127;48;2;207;149;95m▄[38;2;247;182;126;48;2;190;129;68m▄[38;2;248;184;128;48;2;195;117;37m▄[38;2;236;177;123;48;2;189;98;9m▄[38;2;192;137;84;48;2;224;114;5m▄[38;2;187;116;43;48;2;223;114;5m▄[38;2;190;100;7;48;2;223;114;4m▄[38;2;226;115;4m▄[38;2;224;113;4m▄[38;2;223;115;4m▄[38;2;224;115;5m▄[48;2;223;114;5m▄[38;2;206;110;11;48;2;222;115;4m▄[0m[7m[38;2;88;56;30m▄[0m[38;2;23;19;16m [0m
 [38;2;0;0;0m   [38;2;143;81;22m▄[38;2;221;111;3;48;2;217;107;4m▄[48;2;220;111;3m▄[38;2;223;112;4;48;2;221;112;4m▄[48;2;222;112;4m [38;2;222;112;3;48;2;224;113;4m▄[38;2;223;114;3;48;2;203;103;3m▄[38;2;186;124;59;48;2;183;107;26m▄[38;2;219;161;106;48;2;205;104;5m▄[38;2;190;119;49;48;2;194;105;16m▄[38;2;188;136;86;48;2;239;178;122m▄[38;2;248;185;131;48;2;248;185;130m▄[38;2;248;185;130;48;2;248;183;129m▄[38;2;247;184;129;48;2;247;183;127m▄[38;2;248;183;128;48;2;248;184;128m▄[38;2;248;184;130;48;2;248;184;129m▄[48;2;247;184;129m▄[38;2;247;183;129;48;2;232;175;120m▄[38;2;248;185;131;48;2;192;136;81m▄[38;2;247;188;137;48;2;192;119;47m▄[38;2;196;158;121;48;2;175;95;14m▄[0m[7m[38;2;168;86;6m▄[38;2;159;93;26m▄[0m [38;2;0;0;0m  [0m
 [38;2;0;0;0m  [0m [38;2;210;106;6;48;2;192;99;12m▄[38;2;223;113;4;48;2;223;112;4m▄ [48;2;223;113;4m [38;2;222;113;4;48;2;222;112;4m▄[48;2;222;112;3m▄[48;2;221;111;4m▄[38;2;221;114;5;48;2;204;106;5m▄[38;2;190;121;46;48;2;216;160;105m▄[38;2;248;188;134;48;2;249;190;137m▄[38;2;248;185;131;48;2;242;181;127m▄[38;2;248;184;129;48;2;248;183;128m▄[38;2;248;186;133;48;2;248;185;130m▄[38;2;243;187;136;48;2;249;185;130m▄[38;2;210;159;113;48;2;248;184;129m▄[38;2;220;162;111m▄[38;2;248;181;124;48;2;248;185;130m▄[38;2;247;182;126;48;2;248;184;129m▄[38;2;247;183;127;48;2;248;184;128m▄[38;2;236;174;120;48;2;248;184;127m▄[38;2;214;161;112;48;2;225;168;117m▄[38;2;231;185;136;48;2;83;70;57m▄[0m [38;2;22;20;18m   [0m
 [38;2;0;0;0m  [0m [38;2;171;95;21;48;2;199;102;7m▄[38;2;223;115;5;48;2;223;114;4m▄[38;2;223;114;5;48;2;223;113;5m▄[48;2;222;113;4m▄[48;2;222;114;5m▄[38;2;223;115;5;48;2;223;114;5m▄[48;2;224;115;5m▄[48;2;223;116;5m [38;2;221;116;5;48;2;201;108;9m▄[38;2;198;136;76;48;2;224;167;113m▄[38;2;247;181;126;48;2;248;184;130m▄[38;2;217;166;122;48;2;248;185;131m▄[38;2;225;223;222;48;2;214;169;132m▄[38;2;251;251;252;48;2;206;200;195m▄[38;2;253;253;253;48;2;231;231;231m▄[38;2;254;254;254;48;2;224;224;224m▄[38;2;251;250;251;48;2;198;182;167m▄[38;2;188;186;185;48;2;208;155;109m▄[38;2;230;230;230;48;2;191;161;134m▄[38;2;252;252;252;48;2;211;209;206m▄[38;2;253;253;254;48;2;230;230;230m▄[38;2;253;253;253;48;2;205;199;194m▄[38;2;227;228;228;48;2;65;64;63m▄[0m [38;2;29;29;29m  [0m
 [38;2;0;0;0m   [7m[38;2;84;53;25m▄[0m[38;2;158;92;26;48;2;225;116;5m▄[38;2;227;118;5;48;2;224;116;5m▄[38;2;223;115;5;48;2;224;115;5m▄[38;2;218;113;5;48;2;224;116;4m▄[38;2;175;106;38;48;2;223;116;4m▄[38;2;196;136;81;48;2;222;115;5m▄[38;2;184;114;48;48;2;219;113;5m▄[38;2;219;113;4;48;2;218;113;4m▄[38;2;199;117;35;48;2;200;127;52m▄[38;2;248;192;139;48;2;247;188;135m▄[38;2;193;170;149;48;2;198;171;145m▄[38;2;251;251;251;48;2;250;250;250m▄[38;2;253;253;253;48;2;251;252;252m▄[38;2;230;230;229;48;2;243;243;243m▄[38;2;149;148;149;48;2;203;202;202m▄[38;2;252;252;252;48;2;253;253;253m▄[48;2;251;251;251m [38;2;177;177;177;48;2;201;201;201m▄[38;2;249;249;249;48;2;252;252;253m▄[38;2;252;251;252;48;2;251;251;252m▄[38;2;214;214;213;48;2;223;223;223m▄[38;2;201;201;201;48;2;215;215;215m▄[38;2;131;131;132;48;2;106;106;106m▄[0m[38;2;131;131;132m  [0m
 [38;2;0;0;0m    [0m [7m[38;2;153;90;26m▄[0m[38;2;88;58;31;48;2;219;114;5m▄[38;2;154;108;61;48;2;171;99;24m▄[38;2;232;181;128;48;2;220;163;111m▄[38;2;188;147;108;48;2;166;121;81m▄[38;2;206;157;112;48;2;232;178;129m▄[38;2;241;181;129;48;2;197;130;64m▄[38;2;144;95;44;48;2;188;108;21m▄[38;2;246;181;123;48;2;247;183;124m▄[38;2;242;176;120;48;2;190;148;112m▄[38;2;186;166;149;48;2;243;243;243m▄[38;2;245;245;245;48;2;252;252;252m▄[38;2;253;253;253m▄[38;2;252;252;252;48;2;251;251;251m▄[38;2;243;242;242;48;2;251;252;252m▄[38;2;192;170;150;48;2;241;241;241m▄[38;2;247;190;139;48;2;203;160;125m▄[38;2;239;184;134;48;2;196;173;154m▄[38;2;186;170;155;48;2;251;250;251m▄[38;2;203;196;189;48;2;251;251;251m▄[38;2;121;118;110;48;2;238;238;238m▄[0m [38;2;0;0;0m  [0m
 [38;2;0;0;0m       [7m[38;2;95;78;62m▄[0m[38;2;192;152;114;48;2;245;185;128m▄[38;2;246;186;131;48;2;179;137;95m▄[38;2;247;178;121;48;2;246;180;124m▄[38;2;238;174;119;48;2;245;180;124m▄[38;2;246;181;126;48;2;234;172;119m▄[38;2;247;183;129;48;2;246;182;127m▄[38;2;247;184;130;48;2;247;182;127m▄[38;2;247;183;129;48;2;245;182;129m▄[38;2;247;184;130;48;2;201;161;124m▄[38;2;246;182;128;48;2;192;171;151m▄[38;2;247;181;127;48;2;190;170;152m▄[38;2;247;182;129;48;2;197;156;119m▄[48;2;244;179;123m▄[38;2;247;182;128;48;2;247;184;130m▄[38;2;248;182;128;48;2;247;186;134m▄[38;2;247;184;131m▄[38;2;247;186;133;48;2;246;183;127m▄[38;2;246;185;132;48;2;209;157;111m▄[0m[38;2;134;110;89m▄  [0m
 [38;2;0;0;0m        [0m [7m[38;2;104;86;68m▄[0m[38;2;102;86;68;48;2;148;116;84m▄[38;2;246;185;133;48;2;230;170;117m▄[38;2;248;183;129;48;2;247;183;128m▄[48;2;248;184;131m▄[48;2;248;184;130m [38;2;248;184;131m▄[48;2;247;183;129m▄[38;2;248;184;130m▄[48;2;247;182;129m▄[38;2;247;183;129;48;2;248;183;130m▄[48;2;248;184;130m▄[38;2;248;183;129;48;2;248;182;128m▄[38;2;247;184;130;48;2;226;167;115m▄[38;2;247;184;131;48;2;190;144;101m▄[38;2;247;187;134;48;2;201;156;113m▄[38;2;226;174;129;48;2;182;146;110m▄[0m [38;2;26;25;23m  [0m
 [38;2;0;0;0m          [7m[38;2;83;70;57m▄[0m[38;2;247;182;128;48;2;246;186;133m▄[38;2;248;185;130;48;2;247;183;128m▄[38;2;248;185;131;48;2;248;183;129m▄[38;2;249;186;133;48;2;249;185;131m▄[38;2;238;180;129;48;2;249;186;133m▄[38;2;231;174;124;48;2;249;185;131m▄[38;2;248;183;130;48;2;249;184;131m▄[48;2;248;184;130m [38;2;248;185;131;48;2;247;183;129m▄[38;2;248;184;131m▄[38;2;248;185;130;48;2;247;184;129m▄[48;2;248;185;131m [38;2;248;185;132;48;2;247;186;132m▄[38;2;248;186;132;48;2;247;185;132m▄[38;2;248;186;133;48;2;248;183;128m▄[38;2;244;186;132;48;2;148;117;88m▄[0m[38;2;120;102;85m▄[0m [0m
 [38;2;0;0;0m        [0m [38;2;139;29;22m▄[38;2;151;74;51;48;2;117;67;51m▄[38;2;247;185;132;48;2;247;183;129m▄[38;2;248;185;131;48;2;248;185;132m▄▄[38;2;248;185;132;48;2;248;185;131m▄[38;2;248;186;133;48;2;233;176;125m▄[38;2;248;186;134;48;2;206;158;112m▄[38;2;249;187;135;48;2;202;157;111m▄[38;2;237;179;127;48;2;206;157;111m▄[38;2;204;157;111;48;2;245;184;131m▄[38;2;193;151;108;48;2;248;186;133m▄[38;2;201;155;110;48;2;249;185;131m▄[38;2;196;152;108;48;2;248;185;130m▄[38;2;212;164;117;48;2;248;185;131m▄[38;2;226;173;123m▄[38;2;226;171;121m▄[38;2;204;157;114;48;2;248;186;133m▄[38;2;156;129;103;48;2;243;187;136m▄[0m [0m
 [38;2;0;0;0m      [0m [38;2;67;32;30m▄[38;2;155;31;22;48;2;141;38;29m▄[38;2;153;28;20;48;2;162;31;20m▄[38;2;159;110;74;48;2;155;86;57m▄[38;2;247;182;127;48;2;246;181;126m▄[38;2;247;183;130;48;2;247;183;128m▄[38;2;248;185;131;48;2;248;184;131m▄[48;2;248;185;132m [38;2;248;186;133;48;2;248;186;134m▄[48;2;248;186;133m [38;2;248;186;134;48;2;247;186;133m▄[38;2;248;187;135;48;2;247;186;134m▄[38;2;248;188;137;48;2;248;186;135m▄[38;2;168;132;100;48;2;248;185;131m▄[38;2;70;60;50;48;2;248;193;141m▄[0m[7m[38;2;128;108;88m▄[0m    [38;2;0;0;0m  [0m
 [38;2;0;0;0m   [0m [38;2;69;34;31m▄[38;2;143;32;23m▄[38;2;141;28;17;48;2;110;40;35m▄[38;2;149;27;18;48;2;117;21;16m▄[38;2;163;31;20;48;2;156;30;20m▄[38;2;165;31;19;48;2;156;29;19m▄[38;2;162;95;64;48;2;191;134;91m▄[38;2;249;185;130;48;2;248;183;129m▄[48;2;248;185;130m [48;2;248;185;131m [38;2;248;185;132m▄[38;2;248;186;133;48;2;248;185;132m▄[38;2;248;187;134;48;2;248;186;133m▄[38;2;248;187;135;48;2;248;187;134m▄[38;2;242;183;132;48;2;247;187;135m▄[38;2;142;44;29;48;2;184;121;86m▄[38;2;146;32;22;48;2;76;39;35m▄[0m [38;2;26;21;22m       [0m
 [38;2;0;0;0m [0m [38;2;131;40;34m▄[38;2;160;31;21;48;2;103;34;30m▄[38;2;158;31;21;48;2;151;29;21m▄[38;2;159;31;22;48;2;159;30;21m▄[38;2;126;23;14;48;2;132;25;15m▄[38;2;156;29;19;48;2;164;30;20m▄[38;2;158;29;20;48;2;160;30;21m▄[38;2;158;30;20;48;2;157;29;20m▄[38;2;141;36;27;48;2;116;49;45m▄[0m[7m[38;2;168;133;102m▄[38;2;248;191;140m▄[0m[38;2;179;144;111;48;2;249;189;136m▄[38;2;225;172;123;48;2;248;187;134m▄[38;2;248;188;132;48;2;248;186;132m▄[38;2;247;188;133;48;2;249;187;133m▄[38;2;216;166;120;48;2;249;190;138m▄[38;2;107;93;79;48;2;197;145;108m▄[38;2;141;29;22;48;2;159;30;20m▄[38;2;160;30;19;48;2;153;29;20m▄[38;2;140;28;16;48;2;94;41;38m▄[0m[38;2;61;28;26m▄[0m [38;2;1;1;1m     [0m
 [38;2;114;36;30m▄[38;2;162;34;22;48;2;120;28;21m▄[38;2;160;32;22;48;2;160;31;22m▄[48;2;161;32;21m [38;2;159;31;21;48;2;160;31;21m▄[38;2;155;30;21;48;2;156;30;21m▄[38;2;127;22;13;48;2;123;22;13m▄[38;2;162;30;19;48;2;156;29;19m▄[38;2;161;31;20;48;2;160;30;19m▄[38;2;159;30;19;48;2;162;32;20m▄[38;2;152;29;19;48;2;162;34;21m▄[0m[38;2;99;35;30m▄  [0m     [38;2;104;34;29;48;2;126;41;35m▄[38;2;155;28;19;48;2;159;29;19m▄[38;2;150;28;19;48;2;160;32;19m▄[38;2;119;21;13;48;2;120;20;12m▄[38;2;138;35;27;48;2;54;30;29m▄[0m [38;2;19;16;18m    [0m
[?25h