[?25l[0m [38;2;0;0;0m                   [38;2;80;47;25m▄[38;2;94;60;34m▄[0m [38;2;6;6;6m  [0m  [38;2;1;1;1m   [0m
 [38;2;0;0;0m                   [0m [38;2;186;83;4;48;2;219;99;3m▄[38;2;223;103;1;48;2;117;69;30m▄[0m[38;2;113;62;24m▄[0m [7m[38;2;69;39;22m▄[0m[38;2;212;98;3;48;2;101;64;38m▄[0m[38;2;84;56;33m▄[0m [38;2;0;0;0m [0m
 [38;2;0;0;0m                   [0m [38;2;141;76;21;48;2;159;80;15m▄[38;2;232;108;1;48;2;228;105;1m▄[38;2;232;109;1;48;2;232;109;2m▄[38;2;205;98;5;48;2;86;53;24m▄[0m [38;2;164;88;23;48;2;180;87;7m▄[38;2;227;105;0;48;2;209;99;5m▄[0m[38;2;157;78;11m▄[0m [0m
 [38;2;0;0;0m   [0m [38;2;64;46;32m▄    [0m [38;2;79;54;34m▄[38;2;148;80;24m▄[38;2;196;95;7m▄[38;2;212;101;5m▄[38;2;203;97;5m▄[38;2;173;86;11m▄[38;2;140;77;25m▄[38;2;98;64;37m▄[0m  [38;2;92;44;6;48;2;121;69;27m▄[38;2;227;104;1;48;2;232;108;1m▄[38;2;228;105;1;48;2;228;106;2m▄[38;2;230;107;1;48;2;225;105;2m▄[38;2;226;105;2;48;2;154;83;23m▄[38;2;158;70;1;48;2;152;87;34m▄[38;2;228;106;0;48;2;231;106;1m▄[38;2;229;107;1;48;2;230;108;2m▄[38;2;184;93;12;48;2;90;57;31m▄[0m
 [38;2;0;0;0m   [0m [38;2;224;105;4;48;2;191;91;10m▄[0m[38;2;165;81;11m▄[0m [38;2;97;64;38m▄[38;2;214;100;4;48;2;59;43;31m▄[38;2;229;107;2;48;2;170;83;14m▄[38;2;228;106;1;48;2;225;104;2m▄[38;2;229;105;1;48;2;228;106;2m▄[38;2;229;106;1;48;2;229;107;2m▄[38;2;229;105;1m▄[38;2;229;106;1;48;2;228;106;3m▄[38;2;230;107;2;48;2;229;106;2m▄[48;2;229;107;3m▄[38;2;230;108;2;48;2;230;108;3m▄[48;2;212;101;6m▄[38;2;230;107;2;48;2;159;86;21m▄[38;2;228;106;2;48;2;161;79;11m▄[38;2;229;106;1;48;2;229;105;1m▄[38;2;229;105;1;48;2;228;105;1m▄[48;2;229;106;1m [38;2;230;106;1m▄ [38;2;230;108;1;48;2;229;107;1m▄[38;2;231;108;2;48;2;230;107;2m▄[38;2;232;111;2;48;2;231;111;3m▄[0m
 [38;2;84;59;38;48;2;46;39;34m▄[0m[38;2;203;96;5m▄[38;2;212;100;4m▄[38;2;204;94;3;48;2;60;43;28m▄[38;2;233;108;1;48;2;235;110;3m▄[38;2;231;107;1;48;2;233;108;0m▄[38;2;229;106;1;48;2;158;76;8m▄[38;2;229;108;1;48;2;221;105;2m▄[38;2;230;108;1;48;2;230;108;2m▄[38;2;232;108;1;48;2;230;107;1m▄[38;2;232;109;2;48;2;231;107;1m▄[38;2;231;107;1;48;2;230;106;1m▄[38;2;230;107;1;48;2;229;105;1m▄[38;2;230;106;1m▄[48;2;229;106;1m▄[38;2;230;107;2;48;2;230;107;1m▄[48;2;230;107;2m [48;2;230;107;1m▄ [38;2;230;107;1;48;2;230;107;2m▄[38;2;229;107;1;48;2;229;106;1m▄ [38;2;228;107;1m▄[38;2;230;107;2m▄[48;2;230;107;1m [38;2;230;108;2;48;2;229;107;1m▄[48;2;230;108;2m [48;2;232;109;2m▄[38;2;231;109;3;48;2;231;109;2m▄[0m
  [7m[38;2;85;58;38m▄[0m[38;2;91;59;36;48;2;212;97;2m▄[38;2;220;103;1;48;2;228;105;1m▄[38;2;230;106;0;48;2;230;106;1m▄[48;2;231;108;1m▄[38;2;230;106;1;48;2;230;107;1m▄[48;2;231;107;1m [38;2;231;108;1;48;2;232;108;1m▄[38;2;230;108;1;48;2;231;108;1m▄[38;2;184;87;3m▄[38;2;158;98;42;48;2;231;108;2m▄[38;2;163;95;36m▄[38;2;167;86;16;48;2;230;107;1m▄[38;2;202;92;2m▄[38;2;229;105;1m▄[38;2;230;106;1m▄[38;2;231;107;2m▄[38;2;231;108;2m▄[48;2;229;107;1m▄[48;2;230;107;2m [38;2;230;107;2;48;2;229;107;2m▄[38;2;230;107;1;48;2;229;107;1m▄▄[38;2;231;108;2;48;2;230;107;2m▄[38;2;230;108;2m▄[38;2;231;108;2;48;2;230;108;2m▄[38;2;230;108;1m▄[38;2;230;109;1;48;2;230;109;2m▄[0m
 [38;2;0;0;0m [0m [38;2;167;82;15m▄[38;2;228;104;1;48;2;186;87;4m▄[38;2;229;106;1;48;2;229;106;0m▄[38;2;230;106;1;48;2;229;106;1m▄[38;2;231;106;1;48;2;230;106;1m▄[38;2;230;106;1;48;2;231;107;1m▄[38;2;229;106;1;48;2;231;108;1m▄[38;2;230;106;1;48;2;232;108;1m▄[38;2;233;108;1;48;2;232;108;2m▄[38;2;212;99;3;48;2;158;97;46m▄[38;2;177;132;89;48;2;243;193;145m▄[38;2;247;193;143;48;2;245;194;145m▄[38;2;248;196;146;48;2;209;163;119m▄[38;2;249;196;146;48;2;176;130;85m▄[38;2;249;197;149;48;2;172;105;42m▄[38;2;235;186;139;48;2;178;88;9m▄[38;2;181;138;95;48;2;226;106;4m▄[38;2;174;111;53;48;2;231;108;3m▄[38;2;175;86;8;48;2;232;108;2m▄[38;2;225;105;3;48;2;231;108;2m▄[38;2;231;108;2;48;2;231;107;2m▄[38;2;230;109;2;48;2;231;108;2m▄[38;2;231;110;2;48;2;231;109;2m▄[38;2;232;110;2m▄▄[48;2;232;109;2m▄[38;2;236;111;2;48;2;232;110;2m▄[0m
  [38;2;179;83;8;48;2;99;58;28m▄[38;2;229;104;1;48;2;226;103;1m▄[38;2;230;105;1;48;2;229;104;1m▄[48;2;230;106;1m [48;2;231;107;1m [38;2;230;106;1;48;2;231;106;1m▄[38;2;230;105;1;48;2;229;104;1m▄[38;2;229;104;2;48;2;224;103;2m▄[38;2;170;85;11;48;2;143;67;3m▄[38;2;169;127;88;48;2;221;102;1m▄[38;2;159;85;22;48;2;237;112;1m▄[38;2;207;100;4;48;2;170;95;26m▄[38;2;201;159;117;48;2;246;198;150m▄[38;2;250;199;150;48;2;249;199;150m▄[38;2;249;197;147;48;2;249;196;147m▄[48;2;249;195;146m [38;2;249;196;145;48;2;249;196;146m▄[48;2;249;195;146m▄[48;2;249;196;146m [38;2;249;195;145;48;2;237;189;141m▄[38;2;248;195;145;48;2;191;147;104m▄[38;2;248;196;147;48;2;175;114;57m▄[38;2;247;196;147;48;2;177;93;17m▄[38;2;194;157;119;48;2;203;96;2m▄[38;2;62;51;43;48;2;233;112;2m▄[38;2;58;40;24;48;2;237;115;4m▄[0m[7m[38;2;225;107;4m▄[38;2;162;85;19m▄[0m
 [38;2;53;37;25m▄[38;2;228;107;2;48;2;220;104;4m▄[38;2;231;106;1;48;2;231;105;1m▄[38;2;231;107;1;48;2;231;106;1m▄[38;2;231;107;2m▄[38;2;230;107;1;48;2;231;107;2m▄[48;2;230;106;1m▄▄[38;2;231;107;1;48;2;231;106;1m▄[38;2;232;109;2;48;2;227;107;2m▄[38;2;163;88;18;48;2;167;122;78m▄[38;2;242;195;149;48;2;239;194;149m▄[38;2;249;196;147;48;2;171;122;77m▄[38;2;245;192;141;48;2;158;119;81m▄[38;2;249;196;148;48;2;249;194;144m▄[38;2;250;199;151;48;2;249;197;147m▄[38;2;250;199;149;48;2;249;197;148m▄[38;2;249;197;148;48;2;249;196;147m▄ [38;2;249;197;147;48;2;249;196;146m▄[38;2;249;197;148;48;2;248;195;146m▄[48;2;249;196;146m▄[38;2;249;197;147;48;2;249;197;148m▄[38;2;250;198;148;48;2;250;201;153m▄[38;2;250;199;150;48;2;245;201;156m▄[38;2;210;172;132;48;2;56;50;45m▄[0m [38;2;44;39;35m  [0m
  [38;2;176;83;10;48;2;221;103;3m▄[38;2;232;109;1;48;2;232;108;1m▄[48;2;231;108;1m [38;2;231;108;2m▄[38;2;231;109;2m▄[48;2;231;108;2m▄▄[38;2;232;109;2;48;2;232;108;2m▄[38;2;231;109;2;48;2;230;109;2m▄[38;2;225;107;3;48;2;207;98;4m▄[38;2;164;112;64;48;2;187;145;103m▄[38;2;248;195;146;48;2;248;195;145m▄[38;2;249;200;152;48;2;249;198;150m▄[38;2;232;189;147;48;2;250;201;154m▄[38;2;173;162;153;48;2;246;199;153m▄[38;2;239;238;238;48;2;191;158;125m▄[38;2;249;249;249;48;2;179;157;135m▄[48;2;177;150;123m▄[38;2;209;208;207;48;2;213;169;128m▄[38;2;177;151;125;48;2;249;201;154m▄[38;2;206;168;134;48;2;249;198;149m▄[38;2;182;176;171;48;2;238;187;139m▄[38;2;231;231;231;48;2;191;151;110m▄[38;2;234;234;234;48;2;190;151;113m▄[38;2;186;181;177;48;2;236;192;150m▄[38;2;70;63;58;48;2;122;102;86m▄[0m[38;2;70;63;58m  [0m
  [7m[38;2;88;55;29m▄[0m[38;2;147;79;23;48;2;230;108;2m▄[38;2;232;110;2;48;2;231;109;2m▄[38;2;233;112;3;48;2;232;109;2m▄[48;2;232;110;2m▄[38;2;231;110;3;48;2;231;109;2m▄[38;2;227;106;3;48;2;230;109;2m▄[38;2;198;92;3;48;2;228;107;2m▄[38;2;217;102;3;48;2;229;107;3m▄[38;2;236;113;2;48;2;233;111;2m▄[38;2;176;90;12;48;2;174;101;36m▄[38;2;245;198;149;48;2;248;199;151m▄[38;2;215;169;122;48;2;248;196;145m▄[38;2;204;203;203;48;2;166;148;132m▄[38;2;252;252;252;48;2;247;247;248m▄[38;2;247;247;247;48;2;252;252;253m▄[38;2;250;250;250;48;2;254;254;254m▄[38;2;253;253;253;48;2;253;254;253m▄[38;2;252;252;253;48;2;252;250;252m▄[38;2;250;250;251;48;2;225;224;224m▄[38;2;173;173;173;48;2;151;148;146m▄[48;2;251;251;251m [38;2;250;250;250;48;2;253;253;253m▄[38;2;240;239;240m▄[38;2;253;252;253;48;2;250;250;250m▄[38;2;251;251;251;48;2;192;192;192m▄[0m[38;2;75;75;75m▄ [0m
 [38;2;0;0;0m  [0m [7m[38;2;152;80;19m▄[0m[38;2;121;71;28;48;2;235;113;3m▄[38;2;205;101;4;48;2;234;113;4m▄[38;2;180;134;92;48;2;189;94;12m▄[38;2;223;174;132;48;2;163;117;78m▄[38;2;224;180;137;48;2;173;130;92m▄[38;2;231;187;147;48;2;139;81;30m▄[38;2;172;88;19;48;2;237;111;1m▄[38;2;161;75;4;48;2;173;81;4m▄[38;2;239;184;132;48;2;241;190;140m▄[38;2;200;160;120;48;2;184;145;107m▄[38;2;229;229;229;48;2;238;238;238m▄[38;2;254;254;254;48;2;252;252;252m▄[38;2;218;218;218;48;2;83;83;84m▄[38;2;230;230;230;48;2;131;131;132m▄[38;2;251;251;251;48;2;250;249;250m▄[48;2;253;253;253m ▄[38;2;151;148;147;48;2;179;179;179m▄[38;2;220;219;219;48;2;250;250;250m▄[38;2;246;246;246;48;2;191;191;192m▄[38;2;215;215;215;48;2;32;32;32m▄[38;2;251;251;252;48;2;247;247;247m▄[38;2;246;246;246;48;2;253;253;253m▄[38;2;74;73;74;48;2;97;97;97m▄[0m[38;2;74;73;74m [0m
 [38;2;0;0;0m    [0m [7m[38;2;46;40;34m▄[0m[38;2;238;189;145;48;2;230;186;144m▄[38;2;177;141;104;48;2;158;128;94m▄[38;2;245;193;147;48;2;168;138;107m▄[38;2;242;190;142;48;2;206;165;125m▄[38;2;246;197;151;48;2;182;134;92m▄[38;2;140;108;75;48;2;146;72;14m▄[38;2;248;201;153;48;2;245;195;145m▄[38;2;250;198;148;48;2;244;197;151m▄[38;2;204;163;124;48;2;180;172;164m▄[38;2;191;189;185;48;2;250;250;250m▄[38;2;250;250;250;48;2;252;251;252m▄[48;2;253;253;253m [38;2;252;251;252m▄[38;2;233;233;233;48;2;251;251;252m▄[38;2;164;146;129;48;2;238;238;238m▄[38;2;244;197;151;48;2;177;145;117m▄[38;2;243;197;154;48;2;178;148;122m▄[38;2;176;155;133;48;2;237;237;237m▄[38;2;176;166;154;48;2;253;253;253m▄[38;2;160;155;150;48;2;249;249;250m▄[0m[7m[38;2;188;188;188m▄[0m [38;2;0;0;0m [0m
 [38;2;0;0;0m     [0m [38;2;75;66;57;48;2;186;146;109m▄[38;2;231;187;145;48;2;223;175;129m▄[38;2;249;202;158;48;2;198;158;121m▄[38;2;240;195;152;48;2;249;200;154m▄[38;2;244;193;145;48;2;249;200;152m▄[38;2;249;195;144;48;2;250;198;149m▄[38;2;249;195;145;48;2;250;197;147m▄[38;2;249;196;146;48;2;250;195;145m▄[38;2;249;197;148;48;2;249;194;143m▄[38;2;249;198;150;48;2;222;178;134m▄[38;2;248;196;149;48;2;173;152;130m▄[38;2;249;196;148;48;2;185;174;160m▄[38;2;248;195;146;48;2;177;162;145m▄[38;2;248;197;149;48;2;182;151;120m▄[38;2;249;197;148;48;2;245;192;141m▄[38;2;249;195;146;48;2;248;196;147m▄[38;2;249;195;145;48;2;249;198;150m▄[38;2;249;196;147;48;2;249;197;149m▄[38;2;249;198;149;48;2;248;194;143m▄[38;2;248;197;149;48;2;244;193;142m▄[38;2;233;182;139;48;2;161;130;102m▄[0m [38;2;21;19;18m [0m
 [38;2;0;0;0m      [0m [7m[38;2;60;55;49m▄[38;2;122;105;87m▄[0m[38;2;212;166;121;48;2;167;134;101m▄[38;2;248;195;145;48;2;244;191;142m▄[38;2;248;196;147;48;2;249;195;146m▄[38;2;249;195;147;48;2;249;196;146m▄[48;2;249;196;147m [38;2;249;196;147;48;2;249;197;148m▄▄[48;2;249;196;148m▄[48;2;248;196;147m  [48;2;249;196;148m▄[38;2;249;197;148;48;2;249;197;149m▄[38;2;249;197;149;48;2;249;196;147m▄[38;2;219;176;134;48;2;231;183;135m▄[38;2;186;153;116;48;2;238;192;146m▄[38;2;184;146;108;48;2;242;196;151m▄[38;2;183;144;106;48;2;239;193;147m▄[38;2;80;70;60;48;2;154;126;101m▄[0m [38;2;0;0;0m [0m
 [38;2;0;0;0m        [0m [38;2;195;158;121;48;2;196;158;120m▄[38;2;248;196;148;48;2;248;196;147m▄[38;2;248;196;146m▄[48;2;249;196;147m [38;2;249;196;148m▄[38;2;249;197;149m▄[38;2;249;197;148m▄[38;2;250;197;148m▄[38;2;249;197;148;48;2;249;196;148m▄▄[48;2;249;197;148m    [38;2;248;196;147;48;2;248;197;148m▄[38;2;248;197;149;48;2;248;196;147m▄[38;2;249;199;152;48;2;249;196;147m▄[38;2;249;201;158;48;2;186;151;120m▄[0m[38;2;130;110;90m▄[0m [0m
 [38;2;0;0;0m       [0m [38;2;38;30;30m▄[38;2;222;176;133;48;2;205;163;122m▄[38;2;249;197;148;48;2;249;197;149m▄[38;2;249;196;147;48;2;249;196;146m▄[48;2;249;195;146m▄[38;2;249;197;149;48;2;249;196;148m▄[38;2;226;180;134;48;2;177;141;106m▄[38;2;187;149;111;48;2;219;177;134m▄[38;2;172;139;105;48;2;249;197;150m▄[38;2;187;150;113;48;2;249;197;149m▄[38;2;238;190;144m▄[38;2;249;198;150;48;2;250;197;149m▄[38;2;249;195;147m▄[38;2;249;197;148;48;2;250;197;148m▄[38;2;249;198;150;48;2;249;197;149m▄▄[38;2;249;198;151m▄[38;2;250;197;149;48;2;249;198;151m▄[38;2;249;196;147m▄[38;2;249;198;149;48;2;243;192;145m▄[38;2;201;163;128;48;2;100;85;71m▄[0m
 [38;2;0;0;0m     [0m [38;2;87;37;37m▄[38;2;146;29;30;48;2;96;38;39m▄[38;2;113;49;37;48;2;112;27;25m▄[38;2;247;197;149;48;2;240;189;140m▄[38;2;250;197;148;48;2;249;196;147m▄[38;2;249;197;148;48;2;249;196;148m▄[48;2;249;197;149m▄[38;2;249;197;149;48;2;249;197;148m▄[48;2;249;196;148m▄[38;2;249;198;149;48;2;248;196;148m▄[38;2;249;198;150;48;2;248;197;150m▄[38;2;249;199;151;48;2;238;192;147m▄[38;2;249;198;151;48;2;194;159;122m▄[38;2;248;195;146;48;2;174;140;103m▄[38;2;248;198;150;48;2;180;146;108m▄[38;2;198;165;130;48;2;183;147;110m▄[0m[7m[38;2;186;153;120m▄[38;2;212;171;130m▄[38;2;228;181;135m▄[38;2;233;185;139m▄[38;2;223;175;129m▄[38;2;190;154;117m▄[38;2;119;104;90m▄[0m
 [38;2;0;0;0m     [38;2;85;37;36m▄[38;2;163;35;33;48;2;156;35;34m▄[38;2;160;33;32;48;2;162;33;33m▄[38;2;137;71;56;48;2;116;82;63m▄[38;2;247;193;145;48;2;249;198;149m▄[38;2;249;196;148;48;2;249;197;148m▄  [38;2;249;197;148;48;2;249;197;149m▄[38;2;249;197;149;48;2;249;198;149m▄[48;2;249;198;150m [38;2;249;198;150;48;2;249;198;151m▄[48;2;250;199;151m [38;2;247;199;154;48;2;249;198;151m▄[38;2;110;77;61;48;2;231;183;140m▄[0m[7m[38;2;135;116;97m▄[0m [38;2;0;0;0m       [0m
 [38;2;0;0;0m [0m  [38;2;113;40;40m▄[38;2;146;31;29;48;2;56;33;31m▄[38;2;124;22;23;48;2;106;23;24m▄[38;2;156;29;30;48;2;154;30;30m▄[38;2;156;30;30;48;2;153;30;30m▄[38;2;161;32;30;48;2;129;28;26m▄[38;2;149;95;74;48;2;216;173;133m▄[38;2;249;195;148;48;2;249;199;151m▄[38;2;249;197;148;48;2;249;197;149m▄[38;2;249;198;149;48;2;249;197;148m▄[38;2;249;197;149m▄[48;2;249;197;149m  [48;2;249;198;150m [38;2;248;198;152;48;2;249;198;152m▄[38;2;138;71;56;48;2;192;147;113m▄[38;2;156;29;29;48;2;154;30;29m▄[38;2;141;28;27;48;2;85;37;36m▄[0m [38;2;36;26;27m       [0m
[?25h