[?25l[0m [38;2;0;0;0m               [0m [38;2;154;86;27m▄[38;2;64;44;25m▄[0m [38;2;10;10;10m [0m [38;2;107;66;33m▄[0m [38;2;12;12;11m      [0m
 [38;2;0;0;0m               [0m [38;2;66;44;25;48;2;147;82;26m▄[38;2;227;112;1;48;2;217;106;2m▄[38;2;230;116;1;48;2;149;85;26m▄[0m[38;2;176;94;14m▄[0m [38;2;66;39;13;48;2;143;78;21m▄[38;2;223;110;2;48;2;150;82;18m▄[0m[38;2;142;81;24m▄[0m [38;2;5;5;5m    [0m
 [38;2;0;0;0m       [0m  [38;2;1;1;1m   [0m     [38;2;158;86;19;48;2;206;105;8m▄[38;2;220;110;1;48;2;225;112;0m▄[38;2;221;109;1;48;2;217;109;1m▄[38;2;226;113;2;48;2;176;94;15m▄[38;2;157;88;20;48;2;57;49;42m▄[38;2;183;95;5;48;2;214;110;2m▄[38;2;223;113;0;48;2;222;113;2m▄[38;2;203;106;7;48;2;99;63;29m▄[0m [38;2;31;25;22m   [0m
 [38;2;0;0;0m      [38;2;67;44;24m▄[38;2;175;91;13;48;2;69;53;36m▄[0m  [38;2;135;76;21m▄[38;2;218;107;1;48;2;60;41;24m▄[38;2;222;109;1;48;2;154;90;28m▄[38;2;222;110;0;48;2;187;98;9m▄[38;2;223;110;0;48;2;214;108;4m▄[38;2;222;110;1;48;2;203;103;5m▄[48;2;173;97;23m▄[38;2;206;103;2;48;2;156;86;18m▄[38;2;223;111;2;48;2;220;110;2m▄[38;2;224;111;2;48;2;223;110;1m▄[38;2;222;111;2;48;2;225;112;2m▄[38;2;220;110;1;48;2;225;114;2m▄[38;2;183;90;1;48;2;180;90;1m▄[38;2;227;117;0;48;2;230;118;0m▄[38;2;225;115;1;48;2;228;116;1m▄[38;2;191;101;10;48;2;123;75;27m▄[0m [38;2;15;15;15m  [0m
 [38;2;0;0;0m [0m [38;2;13;13;13m   [38;2;98;61;25m▄[38;2;219;110;1;48;2;184;93;9m▄[38;2;187;97;7;48;2;171;90;15m▄[0m[38;2;138;82;22m▄[38;2;222;112;1;48;2;158;82;13m▄[38;2;223;111;1;48;2;224;111;0m▄[38;2;223;110;0;48;2;222;109;0m▄[38;2;223;110;1;48;2;223;109;0m▄[38;2;223;110;0m▄▄[48;2;223;110;1m▄ [38;2;224;111;1;48;2;223;111;2m▄[38;2;223;111;1;48;2;223;112;2m▄[48;2;223;111;2m▄[38;2;223;112;1m▄[38;2;223;111;1;48;2;223;110;1m▄[48;2;220;109;1m▄[38;2;223;110;1;48;2;221;110;1m▄[38;2;224;112;1m▄[38;2;224;114;2;48;2;214;110;3m▄[0m[38;2;71;49;28m▄  [0m
 [38;2;0;0;0m [7m[38;2;57;37;22m▄[0m[38;2;189;97;10;48;2;141;85;32m▄[0m[38;2;209;103;3m▄[38;2;134;78;26m▄[38;2;180;89;3;48;2;165;91;19m▄[38;2;222;111;1;48;2;224;113;1m▄[38;2;227;113;0;48;2;213;106;1m▄[38;2;228;114;0;48;2;223;112;1m▄[38;2;226;114;1m▄[38;2;223;112;1;48;2;223;111;1m▄[38;2;224;110;0;48;2;225;112;1m▄[38;2;229;113;1;48;2;224;111;0m▄[38;2;231;116;1;48;2;224;111;1m▄[38;2;229;114;1;48;2;224;111;0m▄[38;2;224;111;1m▄[38;2;225;112;1;48;2;224;111;1m▄[48;2;224;112;1m▄[38;2;225;113;1m▄[48;2;224;111;1m▄[48;2;224;112;1m▄▄[48;2;224;111;1m▄[38;2;225;111;1;48;2;223;110;1m▄[38;2;222;110;1;48;2;223;111;1m▄[38;2;151;78;10;48;2;226;114;2m▄[0m[7m[38;2;55;38;25m▄[0m[38;2;16;15;14m  [0m
  [38;2;56;37;22m▄[38;2;111;62;17;48;2;106;65;26m▄[38;2;206;101;2;48;2;228;114;1m▄[38;2;223;109;0;48;2;215;107;1m▄[38;2;224;110;0;48;2;214;105;1m▄[38;2;225;112;0;48;2;223;111;0m▄[38;2;223;111;1;48;2;225;113;1m▄[38;2;222;110;1;48;2;226;114;1m▄[38;2;217;109;0;48;2;196;100;1m▄[38;2;180;110;39;48;2;174;104;32m▄[38;2;234;171;120;48;2;181;117;58m▄[38;2;246;177;123;48;2;188;129;75m▄[38;2;245;176;121;48;2;186;131;81m▄[38;2;244;175;120;48;2;188;129;75m▄[38;2;244;176;121;48;2;183;117;56m▄[38;2;246;178;122;48;2;182;109;37m▄[38;2;242;176;121;48;2;180;94;10m▄[38;2;213;154;105;48;2;205;102;2m▄[38;2;190;136;86;48;2;228;116;2m▄[38;2;185;125;64;48;2;225;113;2m▄[38;2;174;110;46;48;2;223;112;1m▄[38;2;111;67;25;48;2;224;113;1m▄[38;2;93;64;34;48;2;230;115;2m▄[0m[7m[38;2;194;101;10m▄[38;2;55;43;30m▄[0m[38;2;0;0;0m   [0m
 [7m[38;2;110;69;28m▄[0m[38;2;70;50;33;48;2;226;111;3m▄[38;2;172;89;11;48;2;222;109;0m▄[38;2;186;94;2m▄[38;2;225;113;1;48;2;224;111;0m▄[38;2;226;112;1;48;2;224;111;1m▄[38;2;225;112;1;48;2;223;111;1m▄[38;2;225;111;1;48;2;222;110;1m▄[38;2;189;93;1;48;2;222;110;0m▄[38;2;159;91;24;48;2;227;112;0m▄[38;2;177;97;19;48;2;235;116;0m▄[38;2;197;98;3;48;2;180;108;37m▄[38;2;192;132;75;48;2;243;177;123m▄[38;2;247;180;127;48;2;246;178;123m▄[38;2;246;179;125;48;2;246;176;122m▄[38;2;246;178;123m▄[48;2;246;178;123m [38;2;245;177;123m▄[38;2;244;175;120;48;2;245;176;122m▄ [38;2;246;179;127;48;2;246;179;126m▄[38;2;247;180;126;48;2;238;179;128m▄[38;2;245;182;124;48;2;72;61;51m▄[0m[38;2;122;96;72m▄     [0m
 [38;2;0;0;0m  [38;2;73;48;26m▄[38;2;225;112;3;48;2;185;95;5m▄[38;2;225;112;1;48;2;226;113;1m▄[48;2;224;111;1m [48;2;224;112;1m [48;2;224;111;1m [38;2;224;111;1;48;2;225;112;1m▄[38;2;220;110;1;48;2;167;98;33m▄[38;2;176;118;62;48;2;240;172;120m▄[38;2;247;182;131;48;2;210;154;105m▄[38;2;247;178;125;48;2;168;121;77m▄[38;2;247;180;126;48;2;246;179;124m▄[38;2;199;158;125;48;2;247;182;130m▄[38;2;200;197;196;48;2;228;168;118m▄[38;2;248;249;250;48;2;185;141;102m▄[38;2;250;250;249;48;2;187;142;104m▄[38;2;197;193;190;48;2;228;169;119m▄[38;2;171;135;104;48;2;199;147;103m▄[0m[7m[38;2;219;162;114m▄[38;2;115;92;72m▄[38;2;61;53;45m▄[38;2;81;70;59m▄[0m  [38;2;11;11;11m   [0m
 [38;2;0;0;0m  [38;2;150;83;21;48;2;129;75;26m▄[38;2;224;110;1;48;2;224;111;1m▄[38;2;225;111;1;48;2;225;112;1m▄  [38;2;225;113;1;48;2;224;112;1m▄[48;2;225;112;1m [38;2;224;112;1;48;2;224;111;1m▄[38;2;221;111;1;48;2;195;99;5m▄[38;2;175;111;51;48;2;216;158;110m▄[38;2;247;177;123;48;2;247;179;125m▄[38;2;189;157;130;48;2;222;167;121m▄[38;2;251;251;251;48;2;215;212;211m▄[38;2;253;253;253;48;2;252;253;253m▄[38;2;186;187;187;48;2;252;252;252m▄[38;2;211;211;212;48;2;253;253;253m▄[38;2;251;251;251;48;2;252;252;252m▄[38;2;250;250;251;48;2;209;209;209m▄[0m[38;2;76;76;77m▄[0m [38;2;1;1;1m [0m   [38;2;11;11;11m   [0m
 [38;2;0;0;0m  [38;2;97;59;25;48;2;139;79;23m▄[38;2;225;111;1;48;2;224;110;1m▄[48;2;225;112;1m [38;2;226;113;1;48;2;226;112;1m▄[38;2;226;113;2;48;2;225;113;1m▄[38;2;224;113;2m▄[38;2;222;111;1m▄[38;2;216;108;3;48;2;225;112;1m▄[38;2;226;113;1;48;2;222;111;1m▄[38;2;213;109;2;48;2;176;95;13m▄[38;2;213;162;118;48;2;242;181;130m▄[38;2;191;152;118;48;2;190;164;141m▄[38;2;241;241;242;48;2;250;249;249m▄[38;2;251;250;252;48;2;253;253;253m▄[38;2;252;252;252;48;2;165;165;165m▄[48;2;198;197;198m▄[48;2;251;251;251m▄[38;2;241;241;241;48;2;250;250;250m▄[38;2;196;155;119;48;2;170;151;133m▄[38;2;244;185;132;48;2;116;92;72m▄[0m[38;2;82;69;57m▄[0m [38;2;40;37;35m▄[0m [38;2;11;11;11m   [0m
 [38;2;0;0;0m  [0m [38;2;66;46;27;48;2;193;98;8m▄[38;2;209;105;5;48;2;225;112;1m▄[38;2;223;112;2;48;2;226;114;2m▄[38;2;222;113;2;48;2;227;114;2m▄[38;2;180;108;35;48;2;218;110;2m▄[38;2;209;155;112;48;2;175;104;38m▄[38;2;188;139;101;48;2;159;106;54m▄[38;2;213;155;105;48;2;200;105;7m▄[38;2;189;100;11;48;2;232;118;1m▄[38;2;188;128;74;48;2;194;140;93m▄[38;2;246;175;118;48;2;243;177;123m▄[38;2;237;173;120;48;2;177;160;146m▄[38;2;181;150;122;48;2;249;249;249m▄[38;2;200;185;170;48;2;253;253;253m▄[38;2;196;182;169m▄[38;2;181;148;120;48;2;249;248;248m▄[38;2;237;174;122;48;2;172;152;136m▄[38;2;246;177;123;48;2;243;177;123m▄[38;2;246;179;125;48;2;246;185;132m▄[38;2;245;179;125;48;2;246;185;134m▄[38;2;245;179;124;48;2;245;180;127m▄[38;2;246;180;125;48;2;238;172;119m▄[38;2;184;140;102;48;2;123;96;72m▄[0m [38;2;10;10;10m  [0m
 [38;2;0;0;0m    [0m [7m[38;2;167;92;21m▄[38;2;215;110;2m▄[0m[38;2;120;87;53;48;2;192;128;61m▄[38;2;241;185;132;48;2;218;170;119m▄[38;2;164;123;86;48;2;185;144;104m▄[38;2;231;165;110;48;2;212;154;107m▄[38;2;245;176;120;48;2;206;145;93m▄[38;2;245;178;124;48;2;181;128;82m▄[38;2;246;180;126;48;2;246;178;123m▄[38;2;246;179;125;48;2;246;180;126m▄[38;2;245;178;123;48;2;246;180;127m▄[48;2;246;178;124m▄[38;2;246;177;124;48;2;246;177;123m▄[38;2;246;178;124;48;2;246;178;125m▄[38;2;246;178;125;48;2;246;179;126m▄[48;2;246;178;125m [38;2;245;177;122;48;2;244;174;119m▄[38;2;227;168;115;48;2;200;145;99m▄[38;2;233;174;121;48;2;190;140;94m▄[38;2;246;184;130;48;2;193;147;106m▄[38;2;157;120;89;48;2;88;73;60m▄[0m [38;2;7;7;8m  [0m
 [38;2;0;0;0m       [0m [7m[38;2;179;137;101m▄[38;2;239;173;116m▄[0m[38;2;123;97;73;48;2;231;169;115m▄[38;2;246;182;130;48;2;238;177;125m▄[38;2;247;179;124;48;2;246;181;127m▄[38;2;246;179;124;48;2;246;179;125m▄[38;2;247;180;125;48;2;246;178;124m▄[38;2;247;181;127m▄[38;2;247;180;127;48;2;246;179;125m▄[38;2;246;179;126m▄[48;2;246;178;125m▄[48;2;245;178;124m▄[48;2;245;178;125m▄[48;2;246;178;124m▄[48;2;246;179;126m [38;2;245;178;125;48;2;246;180;127m▄[48;2;246;179;125m▄[38;2;246;180;126;48;2;244;175;119m▄[38;2;243;178;126;48;2;119;96;77m▄[0m[38;2;136;107;83m▄[0m [0m
 [38;2;0;0;0m          [7m[38;2;79;67;56m▄[0m[38;2;243;177;124;48;2;246;178;123m▄[38;2;246;178;124;48;2;246;176;121m▄[38;2;247;181;127;48;2;247;178;124m▄[38;2;224;167;121;48;2;248;183;131m▄[38;2;53;51;49;48;2;201;158;123m▄[38;2;135;135;135;48;2;178;146;118m▄[38;2;171;171;171;48;2;207;153;109m▄[38;2;177;172;167;48;2;243;179;126m▄[38;2;182;166;149;48;2;247;179;125m▄[38;2;175;147;120;48;2;246;179;125m▄[38;2;183;144;110;48;2;247;179;126m▄[38;2;190;148;112;48;2;246;179;126m▄[38;2;184;141;104;48;2;246;177;124m▄[38;2;182;138;100;48;2;246;177;123m▄[38;2;163;126;94;48;2;247;181;127m▄[38;2;131;107;84;48;2;246;183;131m▄[0m[7m[38;2;228;171;119m▄[0m [0m
 [38;2;0;0;0m        [0m [38;2;77;39;37m▄[38;2;119;27;20;48;2;43;41;40m▄[38;2;227;166;117;48;2;228;164;114m▄[38;2;246;179;125;48;2;246;178;124m▄[38;2;246;179;124m▄[38;2;245;177;122;48;2;226;164;115m▄[38;2;180;113;78;48;2;90;27;21m▄[38;2;170;54;40;48;2;61;18;13m▄[38;2;168;46;33;48;2;16;7;6m▄[38;2;70;20;14;48;2;13;13;12m▄[38;2;4;5;3;48;2;77;79;78m▄[38;2;149;115;87;48;2;128;117;109m▄[38;2;124;101;80;48;2;162;147;134m▄[0m[7m[38;2;124;124;124m▄[0m [38;2;0;0;0m     [0m
 [38;2;0;0;0m       [0m [38;2;152;31;25;48;2;75;40;38m▄[38;2;170;28;22;48;2;158;28;22m▄[38;2;100;40;27;48;2;130;29;19m▄[38;2;244;175;121;48;2;239;175;124m▄[38;2;246;177;122;48;2;246;178;124m▄[38;2;246;178;123m▄[38;2;246;178;124;48;2;246;177;123m▄[38;2;246;179;124m▄[38;2;246;180;127;48;2;205;146;103m▄[38;2;246;181;129;48;2;172;102;71m▄[38;2;244;178;124;48;2;125;58;40m▄[38;2;241;177;127;48;2;24;17;13m▄[38;2;243;181;131;48;2;116;88;65m▄[38;2;240;178;129;48;2;208;159;117m▄[0m [38;2;51;43;37m      [0m
 [38;2;0;0;0m    [0m [38;2;56;30;28m▄[38;2;135;35;30m▄[38;2;128;21;16;48;2;73;27;26m▄[38;2;165;29;21;48;2;157;27;22m▄[38;2;166;29;21;48;2;157;27;21m▄[38;2;139;50;34;48;2;140;76;53m▄[38;2;242;179;127;48;2;245;176;122m▄[38;2;247;180;125;48;2;246;179;124m▄[48;2;246;179;125m▄▄[38;2;247;180;126;48;2;247;179;126m▄[48;2;246;180;127m▄[38;2;247;181;128m▄[48;2;246;179;126m▄[38;2;178;116;82;48;2;215;157;108m▄[38;2;162;30;21;48;2;135;81;55m▄[38;2;73;33;30;48;2;71;62;55m▄[0m [38;2;0;0;0m      [0m
 [38;2;0;0;0m [0m [38;2;72;35;32m▄[38;2;150;29;21m▄[38;2;158;28;21;48;2;109;30;27m▄[38;2;160;28;22;48;2;158;28;23m▄[38;2;156;27;20;48;2;161;29;22m▄[38;2;135;21;15;48;2;128;21;16m▄[38;2;160;28;21;48;2;164;30;21m▄[48;2;162;29;22m▄[38;2;159;28;21;48;2;139;25;19m▄[38;2;59;31;30;48;2;140;113;91m▄[38;2;103;85;69;48;2;246;182;129m▄[38;2;222;168;121;48;2;248;181;126m▄[38;2;247;182;127;48;2;247;180;125m▄[38;2;247;180;126;48;2;247;179;125m▄[38;2;247;179;125;48;2;247;180;127m▄[38;2;247;180;126;48;2;248;183;130m▄[38;2;216;164;121;48;2;247;186;136m▄[38;2;117;43;37;48;2;145;52;36m▄[38;2;157;28;22;48;2;163;30;22m▄[38;2;164;30;23;48;2;131;30;25m▄[0m[38;2;113;24;17m▄[0m [38;2;51;36;35m     [0m
 [38;2;96;38;36m▄[38;2;163;27;21;48;2;92;28;24m▄[38;2;137;23;16;48;2;157;26;18m▄[38;2;145;23;17;48;2;161;26;19m▄[38;2;164;29;20;48;2;162;28;20m▄[38;2;163;29;21;48;2;164;29;20m▄[38;2;148;26;18;48;2;151;26;19m▄[38;2;137;23;17;48;2;136;22;16m▄[38;2;160;28;20;48;2;159;27;20m▄[38;2;161;28;20;48;2;162;29;20m▄[38;2;160;28;20;48;2;166;30;20m▄[38;2;150;25;18;48;2;124;38;33m▄[0m  [7m[38;2;108;86;66m▄[38;2;187;149;114m▄[38;2;189;145;106m▄[38;2;160;128;99m▄[0m [7m[38;2;73;26;24m▄[0m[38;2;158;27;21;48;2;159;27;21m▄[38;2;162;29;20;48;2;167;30;21m▄[38;2;138;24;16;48;2;137;24;16m▄[38;2;138;22;17;48;2;145;31;25m▄[0m[38;2;104;34;31m▄[0m [38;2;5;5;5m   [0m
[?25h