[?25l[0m [38;2;0;0;0m                [0m [38;2;144;75;17m▄[38;2;129;80;30m▄[0m [38;2;15;12;11m  [0m [38;2;64;47;30m▄[0m [38;2;1;1;2m    [0m
 [38;2;0;0;0m                 [7m[38;2;90;58;30m▄[0m[38;2;207;108;5;48;2;225;116;2m▄[38;2;225;118;1;48;2;188;104;12m▄[0m[38;2;197;105;8m▄[0m  [38;2;100;63;24;48;2;138;74;12m▄[38;2;213;110;3;48;2;81;51;23m▄[0m[38;2;77;53;31m▄   [0m
 [38;2;0;0;0m                 [0m [38;2;103;61;18;48;2;160;92;24m▄[38;2;220;115;2;48;2;216;112;1m▄[38;2;219;113;2;48;2;217;112;1m▄[38;2;220;116;2;48;2;198;107;9m▄[0m[38;2;180;103;18m▄[0m [38;2;212;113;5;48;2;219;112;2m▄[38;2;217;112;0;48;2;198;106;11m▄[0m[38;2;143;86;27m▄[0m [38;2;5;5;5m [0m
 [38;2;0;0;0m   [0m [38;2;62;48;37m▄  [0m  [38;2;150;84;15m▄[38;2;211;110;3m▄[38;2;222;113;1;48;2;68;47;27m▄[38;2;221;113;2;48;2;73;50;28m▄[38;2;223;115;2;48;2;64;44;24m▄[0m[38;2;221;115;3m▄[38;2;175;92;7m▄[38;2;144;88;33m▄[0m  [38;2;212;111;4;48;2;222;115;2m▄[38;2;221;114;1;48;2;223;115;1m▄[38;2;222;115;1;48;2;223;116;2m▄[38;2;221;115;1;48;2;225;119;3m▄[38;2;210;110;2;48;2;140;94;47m▄[38;2;196;100;1;48;2;192;106;11m▄[38;2;218;112;0;48;2;223;114;0m▄[38;2;217;111;1;48;2;217;112;3m▄[0m[38;2;135;82;27m▄[0m [0m
    [38;2;64;42;20m▄[38;2;206;104;4;48;2;152;80;21m▄[0m [38;2;110;73;37m▄[38;2;215;110;1;48;2;93;59;25m▄[38;2;221;113;1;48;2;210;107;3m▄[38;2;222;114;1;48;2;221;113;1m▄[38;2;222;113;1m▄[48;2;222;113;1m  [48;2;221;113;1m [38;2;221;113;1;48;2;220;113;1m▄[38;2;221;114;1m▄[38;2;222;115;1;48;2;221;113;1m▄[38;2;222;114;1;48;2;221;114;5m▄[38;2;222;114;2;48;2;170;99;21m▄[38;2;221;115;1;48;2;215;112;2m▄[38;2;221;114;1;48;2;222;115;1m▄[38;2;221;113;1;48;2;221;114;1m▄[48;2;220;113;1m [38;2;221;113;0m▄[48;2;221;112;0m▄[48;2;220;112;0m▄[38;2;223;114;1m▄[38;2;223;117;2;48;2;199;104;4m▄[0m[38;2;67;44;22m▄[0m
  [7m[38;2;134;79;20m▄[0m[38;2;212;108;2;48;2;143;85;24m▄[38;2;216;110;1;48;2;130;81;26m▄[38;2;219;111;0;48;2;229;117;0m▄[38;2;222;113;1;48;2;161;93;22m▄[38;2;223;114;1;48;2;213;111;2m▄[38;2;222;114;1;48;2;220;113;1m▄[38;2;223;115;1;48;2;221;113;1m▄[48;2;222;114;1m▄[48;2;222;115;2m▄[38;2;223;115;2;48;2;222;114;1m▄[38;2;222;114;1;48;2;221;113;1m▄▄▄[48;2;222;114;1m  [38;2;222;114;2;48;2;221;114;1m▄[38;2;222;115;1m▄[48;2;222;115;1m [48;2;221;115;1m [38;2;221;114;1;48;2;221;113;0m▄[38;2;222;114;1m▄[38;2;222;113;1m▄[38;2;222;114;1;48;2;222;113;0m▄▄[38;2;222;113;0;48;2;223;114;0m▄[38;2;221;114;0;48;2;223;114;1m▄[38;2;163;100;33;48;2;127;75;25m▄[0m
 [38;2;71;48;28m▄[38;2;145;83;22m▄[38;2;206;106;3;48;2;180;98;11m▄[38;2;223;113;0;48;2;220;111;0m▄[38;2;222;113;0;48;2;219;111;1m▄[48;2;221;112;1m▄[38;2;223;114;1;48;2;223;113;1m▄[38;2;222;114;1;48;2;224;115;1m▄[38;2;223;116;1;48;2;224;116;2m▄[38;2;196;102;3;48;2;224;116;1m▄[38;2;177;95;6;48;2;223;117;1m▄[38;2;177;94;6;48;2;224;116;2m▄[38;2;195;101;3;48;2;223;116;2m▄[38;2;222;116;3;48;2;223;115;2m▄[38;2;223;115;2;48;2;223;114;1m▄[38;2;223;115;1m▄[38;2;223;115;2;48;2;222;114;1m▄[38;2;222;115;1m▄[38;2;222;115;2m▄[38;2;223;115;1;48;2;222;115;1m▄▄▄[48;2;222;114;1m▄  [38;2;222;114;1;48;2;222;114;0m▄[48;2;222;113;0m▄[38;2;222;114;0;48;2;221;113;0m▄[38;2;164;97;29;48;2;174;103;28m▄[0m
 [7m[38;2;100;62;27m▄[0m[38;2;81;59;39;48;2;206;103;3m▄[38;2;211;106;1;48;2;217;110;0m▄[48;2;221;112;0m [38;2;221;112;0;48;2;222;112;0m▄[48;2;222;113;0m▄[48;2;223;114;1m [38;2;222;113;1;48;2;221;114;2m▄[38;2;223;113;1;48;2;217;112;2m▄[38;2;224;117;2;48;2;156;102;37m▄[38;2;194;138;78;48;2;236;179;129m▄[38;2;246;184;129;48;2;237;179;126m▄[38;2;246;185;129;48;2;223;170;117m▄[38;2;245;184;129;48;2;192;142;93m▄[38;2;245;185;130;48;2;185;128;71m▄[38;2;246;185;131;48;2;182;111;37m▄[38;2;238;180;127;48;2;184;99;10m▄[38;2;194;142;93;48;2;220;114;2m▄[38;2;182;119;56;48;2;222;115;2m▄[38;2;179;99;16;48;2;223;116;2m▄[38;2;217;113;2;48;2;224;116;2m▄[38;2;225;116;1;48;2;224;116;1m▄[38;2;224;116;2;48;2;223;116;1m▄[38;2;223;116;2;48;2;223;115;1m▄[38;2;223;116;1;48;2;222;115;1m▄[48;2;223;115;1m [38;2;225;117;1m▄[38;2;214;110;6;48;2;221;115;2m▄[0m[7m[38;2;120;71;23m▄[0m
  [38;2;177;92;12;48;2;80;51;25m▄[38;2;223;113;1;48;2;224;114;1m▄[38;2;222;113;1;48;2;222;112;0m▄[48;2;221;113;1m▄[38;2;223;114;1;48;2;222;113;1m▄[38;2;224;115;2;48;2;223;114;1m▄[38;2;223;116;1;48;2;224;115;0m▄[38;2;143;89;32;48;2;227;117;2m▄[38;2;168;98;31;48;2;228;117;1m▄[38;2;197;100;3;48;2;195;104;8m▄[38;2;190;132;71;48;2;227;169;115m▄[38;2;247;188;135;48;2;246;185;130m▄[38;2;247;186;131m▄ [38;2;246;184;130m▄[38;2;246;185;130;48;2;246;184;130m▄[48;2;245;184;129m▄[38;2;246;184;130m▄[38;2;246;184;129;48;2;244;183;127m▄[38;2;245;184;129;48;2;200;148;97m▄[38;2;245;186;132;48;2;187;126;60m▄[38;2;246;188;133;48;2;176;100;21m▄[38;2;170;137;102;48;2;200;106;4m▄[0m[7m[38;2;222;117;3m▄[38;2;217;114;3m▄[38;2;191;104;13m▄[38;2;80;55;29m▄[0m[38;2;0;0;0m [0m
 [38;2;117;71;25m▄[38;2;221;113;1;48;2;218;111;3m▄[38;2;223;114;1;48;2;222;113;1m▄[48;2;223;114;1m [48;2;223;115;1m▄ [38;2;223;115;1;48;2;223;115;2m▄[38;2;223;116;2;48;2;224;116;2m▄[38;2;222;117;3;48;2;183;99;12m▄[38;2;185;125;63;48;2;226;166;113m▄[38;2;245;186;132;48;2;209;154;101m▄[38;2;245;182;126;48;2;167;117;65m▄[38;2;245;184;129;48;2;246;185;131m▄[38;2;246;185;131;48;2;246;186;131m▄▄[38;2;247;188;135m▄[38;2;234;177;126m▄[38;2;236;178;127;48;2;246;185;131m▄[38;2;247;186;132m▄[38;2;247;187;132;48;2;246;185;130m▄▄[38;2;246;185;129;48;2;246;186;132m▄[38;2;247;187;131;48;2;247;189;137m▄[38;2;248;189;134;48;2;210;163;118m▄[38;2;233;177;125;48;2;76;65;56m▄[0m [38;2;43;38;34m   [0m
 [38;2;138;77;15;48;2;142;81;21m▄[38;2;223;114;1;48;2;222;113;1m▄[48;2;223;114;1m [38;2;223;115;1m▄[48;2;223;115;1m  [38;2;224;116;2;48;2;223;116;1m▄[48;2;223;116;2m▄ [38;2;210;111;3;48;2;182;102;13m▄[38;2;192;139;89;48;2;239;182;128m▄[38;2;245;183;128;48;2;245;186;131m▄[38;2;246;188;135;48;2;246;186;133m▄[38;2;205;162;124;48;2;247;187;133m▄[38;2;213;212;211;48;2;204;157;117m▄[38;2;250;250;250;48;2;187;175;164m▄[38;2;253;253;253;48;2;201;201;201m▄[38;2;254;254;254;48;2;195;195;194m▄[38;2;252;252;252;48;2;188;170;153m▄[38;2;204;199;194;48;2;217;167;120m▄[38;2;171;143;117;48;2;233;178;126m▄[38;2;235;234;234;48;2;192;153;117m▄[38;2;250;250;251;48;2;185;171;156m▄[38;2;252;252;253;48;2;194;184;174m▄[38;2;252;252;252;48;2;193;171;149m▄[0m[38;2;179;180;180m▄[0m [38;2;8;8;8m  [0m
 [38;2;65;47;28;48;2;134;84;31m▄[38;2;220;113;3;48;2;223;114;1m▄[38;2;223;115;2;48;2;223;115;1m▄[38;2;223;116;2m▄▄[38;2;223;117;3;48;2;223;116;2m▄[38;2;222;116;3;48;2;224;117;2m▄[38;2;220;113;3;48;2;224;116;2m▄[38;2;220;114;2;48;2;222;115;2m▄[38;2;224;118;1;48;2;218;115;1m▄[38;2;185;113;35;48;2;174;115;56m▄[38;2;245;188;135;48;2;245;183;128m▄[38;2;230;173;120;48;2;245;187;135m▄[38;2;199;199;198;48;2;188;174;163m▄[48;2;252;252;252m [38;2;254;254;254;48;2;253;253;253m▄[38;2;246;246;246;48;2;254;254;254m▄[38;2;102;101;102;48;2;252;252;252m▄[38;2;244;243;244;48;2;251;251;252m▄[38;2;251;250;251;48;2;252;251;252m▄[38;2;195;195;195;48;2;185;185;185m▄[38;2;251;251;251;48;2;252;252;252m▄[48;2;253;253;253m [38;2;250;249;250;48;2;252;252;252m▄[38;2;115;115;115;48;2;251;251;251m▄[38;2;218;218;218;48;2;248;248;248m▄[38;2;131;131;131;48;2;99;99;99m▄[0m[38;2;131;131;131m  [0m
  [7m[38;2;155;84;16m▄[0m[38;2;183;96;9;48;2;222;115;1m▄[38;2;217;112;2;48;2;223;116;2m▄[38;2;214;112;2;48;2;222;117;2m▄[38;2;167;110;49;48;2;212;111;3m▄[38;2;230;176;128;48;2;178;115;49m▄[38;2;202;153;109;48;2;183;127;76m▄[38;2;239;184;133;48;2;164;101;37m▄[38;2;174;105;34;48;2;228;119;1m▄[38;2;168;90;7;48;2;185;103;14m▄[38;2;242;182;125;48;2;244;188;134m▄[38;2;245;185;130;48;2;230;172;119m▄[38;2;192;177;163;48;2;200;199;199m▄[38;2;252;252;252;48;2;252;252;253m▄[38;2;252;252;253;48;2;254;254;254m▄[38;2;253;252;253;48;2;251;250;251m▄[38;2;253;253;253;48;2;177;177;177m▄[38;2;252;252;253;48;2;250;250;250m▄[38;2;249;250;250;48;2;253;253;253m▄[38;2;186;160;137;48;2;188;185;183m▄[38;2;228;168;118;48;2;197;192;187m▄[38;2;193;183;175;48;2;248;248;249m▄[48;2;252;252;252m [38;2;252;252;252;48;2;223;223;223m▄[38;2;233;233;233;48;2;247;247;248m▄[0m[7m[38;2;121;121;121m▄[0m[38;2;50;50;50m  [0m
 [38;2;0;0;0m  [0m [7m[38;2;158;88;19m▄[0m[38;2;75;49;24;48;2;214;112;3m▄[38;2;173;135;98;48;2;182;137;94m▄[38;2;206;160;115;48;2;162;130;93m▄[38;2;220;166;113;48;2;185;143;103m▄[38;2;243;179;121;48;2;194;147;102m▄[38;2;244;180;123;48;2;217;158;103m▄[38;2;206;152;102;48;2;144;82;19m▄[38;2;245;183;127;48;2;243;183;124m▄[38;2;246;185;130;48;2;246;188;135m▄[38;2;245;185;129;48;2;213;168;126m▄[38;2;198;149;106;48;2;202;198;194m▄[38;2;155;142;128;48;2;249;249;249m▄[38;2;178;171;166;48;2;253;253;253m▄[38;2;175;168;161;48;2;254;254;254m▄[38;2;178;154;131;48;2;251;250;251m▄[38;2;220;167;118;48;2;182;175;168m▄[38;2;245;184;130;48;2;223;170;118m▄[38;2;246;185;131;48;2;245;185;129m▄[38;2;246;187;134;48;2;197;158;123m▄[38;2;245;185;129;48;2;185;175;165m▄[38;2;242;182;125;48;2;186;181;176m▄[38;2;199;154;113;48;2;89;88;88m▄[0m [38;2;61;52;45m  [0m
 [38;2;0;0;0m     [7m[38;2;106;88;70m▄[0m[38;2;128;101;76;48;2;242;182;125m▄[38;2;218;165;115;48;2;183;139;94m▄[38;2;208;160;114;48;2;229;171;118m▄[38;2;241;185;132;48;2;244;185;131m▄[38;2;246;186;131;48;2;245;185;131m▄[38;2;246;184;129;48;2;246;184;128m▄[48;2;245;184;129m [38;2;246;185;130m▄[38;2;246;185;131;48;2;246;186;131m▄[38;2;246;186;132;48;2;247;187;134m▄[38;2;245;185;131;48;2;246;187;133m▄[38;2;245;184;130;48;2;246;185;130m▄[48;2;244;182;127m▄[48;2;245;184;129m▄ [38;2;245;185;131;48;2;246;184;129m▄[38;2;225;173;122;48;2;246;185;131m▄[38;2;239;181;126;48;2;245;184;129m▄[38;2;245;184;127;48;2;245;185;130m▄[38;2;228;173;121;48;2;244;184;128m▄[38;2;83;69;57;48;2;133;103;75m▄[0m[38;2;83;69;57m  [0m
 [38;2;0;0;0m      [0m  [38;2;102;84;64;48;2;145;121;93m▄[38;2;244;183;127;48;2;246;187;134m▄[38;2;245;184;128;48;2;246;184;129m▄ [38;2;246;185;130m▄[48;2;245;185;130m▄[48;2;246;185;131m   [48;2;246;185;130m [38;2;246;185;131m▄[48;2;245;185;130m▄[48;2;246;185;131m [38;2;246;185;130;48;2;244;184;131m▄[38;2;245;185;131;48;2;203;155;110m▄[38;2;245;185;130;48;2;184;141;99m▄[38;2;245;185;131;48;2;184;140;98m▄[38;2;232;177;127;48;2;133;108;84m▄[0m [38;2;42;37;32m  [0m
 [38;2;0;0;0m        [38;2;68;58;46;48;2;71;59;45m▄[38;2;245;187;134;48;2;244;183;128m▄[38;2;245;185;130;48;2;245;183;128m▄[38;2;245;184;129;48;2;245;184;130m▄[48;2;246;185;131m▄[38;2;200;153;107m▄[38;2;241;183;129;48;2;247;186;131m▄[38;2;247;187;133m▄[38;2;247;186;132;48;2;246;186;131m▄[48;2;246;185;131m▄[48;2;246;186;131m ▄▄   [48;2;246;186;132m [38;2;247;187;133;48;2;246;186;133m▄[38;2;246;186;132;48;2;182;143;107m▄[0m[38;2;154;122;91m▄[0m [0m
 [38;2;0;0;0m      [0m [38;2;105;36;34m▄[38;2;142;87;61;48;2;99;83;66m▄[38;2;245;183;129;48;2;244;183;129m▄[38;2;246;185;130;48;2;245;185;130m▄[38;2;246;185;131;48;2;246;184;129m▄[38;2;246;185;130;48;2;241;181;127m▄[48;2;232;176;125m▄[38;2;246;185;131;48;2;199;152;108m▄[38;2;246;186;131;48;2;194;147;101m▄[38;2;244;185;131;48;2;197;150;105m▄[38;2;210;160;115;48;2;233;178;127m▄[38;2;196;151;108;48;2;248;187;132m▄[38;2;195;150;105;48;2;247;186;131m▄[38;2;191;145;101m▄[38;2;209;160;112m▄[38;2;237;181;129;48;2;247;187;132m▄[38;2;243;185;129;48;2;247;186;132m▄[38;2;246;187;132;48;2;246;185;131m▄[38;2;244;185;130;48;2;245;185;131m▄[38;2;245;186;132;48;2;246;185;130m▄[38;2;230;178;132;48;2;245;183;127m▄[38;2;80;67;55;48;2;103;84;66m▄[0m
 [38;2;0;0;0m    [0m [38;2;135;36;30m▄[38;2;155;32;27;48;2;128;30;26m▄[38;2;133;28;21;48;2;147;30;26m▄[38;2;193;143;100;48;2;173;115;82m▄[38;2;246;184;129;48;2;245;185;131m▄[48;2;246;184;130m [38;2;246;185;130;48;2;247;186;131m▄[48;2;246;185;131m [48;2;246;186;131m [38;2;246;186;132m▄[48;2;246;186;132m [38;2;246;186;133m▄[48;2;246;187;133m [38;2;246;188;135;48;2;246;187;135m▄[38;2;245;186;133;48;2;246;188;136m▄[38;2;204;160;120;48;2;246;187;135m▄[38;2;98;82;67;48;2;221;169;120m▄[0m[7m[38;2;35;33;32m▄[0m      [0m
 [38;2;0;0;0m  [0m [38;2;35;28;28m▄[38;2;129;26;24;48;2;94;38;35m▄[38;2;146;29;26;48;2;149;31;26m▄[38;2;147;28;25;48;2;146;29;25m▄[38;2;129;54;40;48;2;90;26;19m▄[38;2;246;186;132;48;2;236;181;130m▄[38;2;246;186;131;48;2;247;187;132m▄[38;2;247;186;131;48;2;247;185;131m▄[38;2;246;185;131;48;2;246;185;130m▄[38;2;246;185;130;48;2;246;185;131m▄ [38;2;246;185;132;48;2;246;186;132m▄[38;2;246;186;132;48;2;246;186;133m▄ [38;2;246;186;134;48;2;246;187;134m▄[38;2;176;118;86;48;2;244;186;133m▄[38;2;103;35;32;48;2;120;95;74m▄[0m [38;2;8;7;7m        [0m
[?25h