[?25l[0m [38;2;0;0;0m                    [0m [38;2;3;3;3m              [0m
 [38;2;0;0;0m                 [0m   [38;2;190;104;21;48;2;134;85;42m▄[0m[38;2;194;111;27m▄[0m  [38;2;164;92;24m▄[0m [38;2;9;9;9m         [0m
 [38;2;0;0;0m          [0m [38;2;48;48;48m   [0m     [38;2;15;16;16m [7m[38;2;129;75;24m▄[0m[38;2;217;110;5;48;2;222;113;4m▄[38;2;222;113;5;48;2;180;103;26m▄[0m[38;2;142;91;39m▄[38;2;201;104;6;48;2;223;116;4m▄[38;2;201;106;11;48;2;113;71;27m▄[0m [38;2;25;22;20m        [0m
 [38;2;0;0;0m         [0m [38;2;188;102;20;48;2;86;66;51m▄[0m  [38;2;206;111;15m▄[38;2;220;112;4;48;2;145;90;37m▄[38;2;221;111;4;48;2;203;108;17m▄[38;2;221;112;4;48;2;219;111;7m▄[48;2;215;109;6m▄[38;2;221;112;5;48;2;195;107;24m▄[38;2;221;113;5;48;2;132;84;39m▄[38;2;205;105;5;48;2;93;79;65m▄[38;2;223;114;5;48;2;220;113;5m▄[38;2;221;112;5;48;2;222;113;4m▄[38;2;220;111;4;48;2;208;105;3m▄[38;2;221;112;4;48;2;197;99;2m▄[38;2;221;113;4;48;2;222;113;3m▄[38;2;170;100;26;48;2;106;67;28m▄[0m [38;2;3;3;3m       [0m
 [38;2;0;0;0m       [0m [38;2;152;86;29m▄[38;2;198;100;13m▄[38;2;209;105;5;48;2;177;98;20m▄[38;2;222;112;3;48;2;202;106;9m▄[38;2;222;112;4;48;2;197;103;12m▄[38;2;222;114;5;48;2;221;112;3m▄[38;2;221;113;5;48;2;223;114;4m▄[38;2;223;115;6;48;2;222;112;4m▄[38;2;226;117;5;48;2;221;112;4m▄[38;2;224;115;5;48;2;222;113;4m▄[38;2;224;115;4;48;2;222;114;4m▄[38;2;223;114;4m▄[38;2;222;114;5;48;2;221;113;4m▄[38;2;222;113;4;48;2;222;113;5m▄▄[48;2;221;112;4m▄[48;2;221;113;4m▄[48;2;223;114;5m [38;2;203;105;6;48;2;200;107;12m▄[0m [38;2;18;18;18m       [0m
 [38;2;0;0;0m        [0m [38;2;83;52;25;48;2;157;83;14m▄[38;2;220;111;3;48;2;221;111;3m▄[38;2;220;111;4;48;2;221;112;4m▄[38;2;222;112;4;48;2;222;113;4m▄[38;2;223;114;4;48;2;222;114;5m▄[38;2;227;117;4;48;2;210;109;6m▄[38;2;210;115;18;48;2;193;139;85m▄[38;2;237;175;121;48;2;216;157;106m▄[38;2;247;183;128;48;2;213;147;83m▄[48;2;208;131;55m▄[38;2;247;184;129;48;2;199;110;21m▄[38;2;218;160;107;48;2;218;111;5m▄[38;2;206;136;66;48;2;223;114;5m▄[38;2;199;112;24m▄[38;2;217;111;5;48;2;223;113;4m▄[38;2;226;116;4;48;2;223;114;4m▄[38;2;220;113;5;48;2;223;114;5m▄[38;2;118;78;37;48;2;193;103;13m▄[0m [38;2;0;0;0m       [0m
 [38;2;0;0;0m        [0m [38;2;221;111;5;48;2;179;94;14m▄[38;2;223;112;4;48;2;221;111;3m▄[38;2;223;113;4;48;2;222;112;4m▄ [38;2;221;112;4;48;2;219;111;3m▄[38;2;201;109;13;48;2;178;123;65m▄[38;2;235;179;126;48;2;203;129;56m▄[38;2;244;183;129;48;2;198;137;77m▄[38;2;248;183;128;48;2;248;185;131m▄[38;2;248;185;131;48;2;248;184;129m▄[38;2;248;185;130;48;2;248;184;128m▄[38;2;248;184;129;48;2;248;184;130m▄[38;2;248;184;130;48;2;247;184;129m▄[38;2;248;183;128;48;2;247;186;132m▄[38;2;248;183;127;48;2;224;170;122m▄[38;2;181;145;109;48;2;102;78;55m▄[0m  [38;2;0;0;0m        [0m
 [38;2;0;0;0m        [0m [38;2;206;106;7;48;2;224;114;5m▄[38;2;223;115;5;48;2;223;113;4m▄[38;2;223;114;4m▄[38;2;223;114;5;48;2;222;113;4m▄[38;2;224;115;5;48;2;223;114;5m▄[48;2;223;116;5m [38;2;194;114;27;48;2;205;142;74m▄[38;2;247;182;126;48;2;248;185;131m▄[38;2;180;139;103;48;2;248;184;130m▄[0m[7m[38;2;193;151;116m▄[38;2;106;86;66m▄[38;2;128;101;76m▄[38;2;218;162;114m▄[38;2;208;157;112m▄[38;2;119;93;69m▄[38;2;127;104;81m▄[0m  [38;2;18;18;18m        [0m
 [38;2;0;0;0m        [0m [7m[38;2;130;80;29m▄[0m[38;2;154;91;27;48;2;225;117;5m▄[38;2;220;115;5;48;2;224;115;5m▄[38;2;185;120;55;48;2;221;114;4m▄[38;2;199;146;100;48;2;195;107;19m▄[38;2;220;163;112;48;2;205;107;7m▄[38;2;209;114;14;48;2;207;108;6m▄[38;2;217;163;112;48;2;238;183;131m▄[38;2;116;91;68;48;2;93;76;59m▄[0m[38;2;116;91;68m [0m   [38;2;126;103;84m▄[0m    [38;2;41;40;40m        [0m
 [38;2;0;0;0m          [0m [7m[38;2;90;61;32m▄[0m[38;2;140;112;85;48;2;190;145;100m▄[38;2;221;168;118;48;2;191;151;108m▄[38;2;246;179;122;48;2;223;169;121m▄[38;2;246;180;125;48;2;206;146;89m▄[38;2;247;182;128;48;2;219;162;110m▄[38;2;247;183;128;48;2;229;169;118m▄[0m[38;2;245;182;129m▄[38;2;211;161;117m▄[38;2;210;160;115m▄[38;2;245;180;126;48;2;86;71;57m▄[38;2;247;183;128;48;2;239;183;133m▄[38;2;247;184;131;48;2;212;165;123m▄[48;2;104;83;63m▄[38;2;243;183;130;48;2;97;86;73m▄[0m [38;2;61;52;45m        [0m
 [38;2;0;0;0m            [0m [7m[38;2;137;118;98m▄[0m[38;2;130;107;83;48;2;172;133;95m▄[38;2;247;185;130;48;2;245;181;125m▄[38;2;248;183;129;48;2;248;184;130m▄[38;2;248;185;131m▄[48;2;248;184;129m▄[38;2;248;184;131;48;2;247;183;129m▄[38;2;248;184;130m▄[38;2;247;183;129;48;2;248;184;130m▄[48;2;248;182;128m▄[38;2;247;184;131;48;2;225;168;117m▄[38;2;247;185;131;48;2;217;167;120m▄[38;2;230;175;127;48;2;195;157;117m▄[0m [38;2;44;40;37m        [0m
 [38;2;0;0;0m            [0m [38;2;74;57;56m▄[38;2;151;98;74;48;2;135;112;90m▄[38;2;248;184;131;48;2;248;184;130m▄[38;2;248;185;132m▄[38;2;248;185;131;48;2;249;186;133m▄[38;2;221;168;120;48;2;239;180;128m▄[38;2;216;166;118;48;2;248;184;130m▄[38;2;213;163;115m▄[38;2;234;177;126m▄[38;2;249;186;132m▄[38;2;248;185;130;48;2;248;185;131m▄[38;2;248;185;132;48;2;248;186;132m▄[38;2;248;184;130;48;2;248;185;132m▄[38;2;248;187;135;48;2;188;148;111m▄[0m[38;2;129;109;87m▄       [0m
 [38;2;0;0;0m           [0m [38;2;116;40;35m▄[38;2;158;29;21;48;2;151;32;23m▄[38;2;174;121;82;48;2;174;100;69m▄[48;2;247;183;129m [48;2;248;184;130m [48;2;248;185;132m [38;2;248;186;133;48;2;248;186;134m▄[38;2;248;186;134;48;2;248;186;133m▄[38;2;248;187;136;48;2;247;186;133m▄[38;2;220;170;126;48;2;227;172;124m▄[38;2;126;107;88;48;2;215;168;121m▄[0m[7m[38;2;148;122;94m▄[38;2;133;110;86m▄[38;2;137;113;89m▄[38;2;106;89;72m▄[0m [38;2;0;0;0m       [0m
 [38;2;0;0;0m        [0m [38;2;115;50;46m▄[38;2;155;30;21;48;2;64;39;37m▄[38;2;139;26;16;48;2;119;34;27m▄[38;2;164;30;21;48;2;152;28;20m▄[38;2;159;30;20;48;2;160;30;20m▄[38;2;137;76;61;48;2;198;136;93m▄[38;2;235;180;131;48;2;248;184;129m▄[38;2;249;188;135;48;2;248;185;131m▄[38;2;248;186;133;48;2;248;185;132m▄[38;2;249;186;133;48;2;248;186;133m▄[38;2;249;189;137;48;2;248;187;134m▄[38;2;189;120;87;48;2;234;175;126m▄[38;2;158;30;20;48;2;131;49;36m▄[0m[38;2;82;32;29m▄            [0m
 [38;2;0;0;0m      [0m [38;2;136;40;32m▄[38;2;160;31;22;48;2;134;40;33m▄[38;2;161;32;21;48;2;159;31;21m▄[38;2;157;31;21m▄[38;2;131;24;15;48;2;134;24;15m▄[38;2;160;30;19;48;2;157;29;20m▄[38;2;160;31;20;48;2;159;30;20m▄[38;2;154;31;20;48;2;128;41;34m▄[0m [7m[38;2;143;119;94m▄[38;2;210;168;128m▄[38;2;215;170;127m▄[38;2;194;154;117m▄[38;2;105;74;66m▄[0m[38;2;152;26;18;48;2;158;29;19m▄[38;2;154;30;19;48;2;142;30;18m▄[0m[38;2;121;24;16m▄[0m [38;2;41;28;28m          [0m
 [38;2;0;0;0m      [0m [7m[38;2;156;49;41m▄[38;2;162;34;23m▄[0m[38;2;134;57;51;48;2;159;31;21m▄[38;2;166;52;42m▄[38;2;141;26;15;48;2;140;25;15m▄[38;2;139;24;16;48;2;150;27;17m▄[38;2;154;28;19;48;2;134;24;15m▄[38;2;156;29;18;48;2;142;27;17m▄[38;2;130;39;31;48;2;86;35;31m▄[0m [38;2;7;7;7m   [0m [38;2;130;27;20;48;2;143;30;22m▄[38;2;156;29;18;48;2;127;22;14m▄[38;2;138;25;15;48;2;136;24;15m▄[38;2;151;29;18;48;2;125;40;32m▄[0m [38;2;30;21;21m         [0m
 [38;2;0;0;0m          [0m  [7m[38;2;95;43;39m▄[38;2;124;43;34m▄[38;2;155;47;39m▄[38;2;149;38;31m▄[0m [38;2;7;7;7m   [0m [7m[38;2;155;28;19m▄[38;2;162;32;21m▄[38;2;153;29;20m▄[38;2;144;38;29m▄[38;2;78;42;38m▄[0m[38;2;1;1;1m         [0m
 [38;2;0;0;0m                    [0m  [38;2;0;0;0m             [0m
[?25h