[?25l[0m [38;2;0;0;0m             [0m  [38;2;55;32;18m [0m  [38;2;7;6;6m     [0m
 [38;2;0;0;0m      [0m     [38;2;107;60;25m▄[38;2;117;69;34m▄[0m [38;2;165;87;20;48;2;189;95;18m▄[0m[38;2;222;105;7m▄[38;2;94;59;32m▄[38;2;226;108;5;48;2;125;72;26m▄[0m [38;2;38;28;21m    [0m
 [38;2;0;0;0m      [0m [38;2;165;105;57m▄[38;2;223;104;4;48;2;181;89;17m▄[38;2;226;103;2;48;2;96;59;30m▄[38;2;230;107;2;48;2;222;105;7m▄[38;2;231;108;3;48;2;230;107;1m▄[48;2;230;106;2m▄[38;2;230;107;3;48;2;229;106;2m▄[48;2;226;106;3m▄[38;2;230;107;2;48;2;230;106;3m▄[38;2;230;106;2;48;2;214;100;4m▄[38;2;231;107;3;48;2;228;104;2m▄[38;2;166;90;24;48;2;118;65;21m▄[0m[38;2;166;90;24m    [0m
 [38;2;0;0;0m      [0m [38;2;177;92;21;48;2;123;74;36m▄[38;2;230;105;2;48;2;229;105;2m▄[38;2;231;106;2;48;2;229;106;2m▄[38;2;208;102;14;48;2;225;105;3m▄[38;2;206;115;41;48;2;206;124;58m▄[38;2;251;181;131;48;2;222;135;64m▄[38;2;252;182;132;48;2;214;114;33m▄[38;2;234;166;117;48;2;225;104;3m▄[38;2;220;140;75;48;2;232;108;2m▄[38;2;202;110;33;48;2;232;109;2m▄[38;2;182;98;27;48;2;232;109;3m▄[0m[7m[38;2;155;83;22m▄[0m[38;2;55;37;24m    [0m
 [38;2;0;0;0m      [0m [38;2;229;104;2;48;2;229;106;2m▄[38;2;231;106;2;48;2;230;105;2m▄▄[38;2;230;106;2;48;2;215;104;13m▄[38;2;215;141;84;48;2;215;151;104m▄[38;2;220;163;122;48;2;250;182;132m▄[0m[7m[38;2;252;184;135m▄[38;2;252;182;133m▄[0m[38;2;124;96;75;48;2;252;181;132m▄[0m[7m[38;2;217;161;119m▄[0m  [38;2;0;0;0m    [0m
 [38;2;0;0;0m      [0m [7m[38;2;168;88;25m▄[0m[38;2;152;98;51;48;2;233;109;3m▄[38;2;195;142;97;48;2;215;108;20m▄[38;2;222;167;121;48;2;216;109;20m▄[38;2;206;135;78;48;2;216;136;70m▄[38;2;173;128;97;48;2;108;81;62m▄[0m  [38;2;162;120;89m▄[38;2;115;93;76m▄[0m [38;2;63;58;54m     [0m
 [38;2;0;0;0m        [0m [7m[38;2;173;134;103m▄[0m[38;2;198;152;118;48;2;242;173;122m▄[38;2;253;182;132;48;2;252;179;129m▄[38;2;253;181;131;48;2;252;182;133m▄[38;2;253;182;132;48;2;223;165;124m▄[38;2;252;182;132;48;2;222;165;125m▄[48;2;252;181;131m▄[38;2;231;168;123;48;2;249;182;132m▄[38;2;155;120;95;48;2;213;163;123m▄[0m [38;2;3;3;3m    [0m
 [38;2;0;0;0m        [0m [38;2;113;29;30m▄[38;2;219;155;115;48;2;194;147;112m▄[38;2;252;182;133;48;2;253;181;132m▄[38;2;251;181;132;48;2;234;171;125m▄[38;2;237;173;127;48;2;241;175;127m▄[38;2;224;164;118;48;2;253;182;132m▄[38;2;201;155;118;48;2;253;183;133m▄[38;2;183;139;106;48;2;252;182;133m▄[38;2;190;146;112;48;2;246;180;131m▄[0m [38;2;77;63;52m    [0m
 [38;2;0;0;0m     [0m [38;2;68;29;30m▄[38;2;134;26;28m▄[38;2;129;14;16;48;2;87;29;30m▄[38;2;137;17;18;48;2;130;24;22m▄[38;2;215;158;119;48;2;248;180;132m▄[38;2;253;183;134;48;2;252;181;132m▄[38;2;253;182;133;48;2;252;182;133m▄[38;2;240;173;128;48;2;253;183;134m▄[38;2;138;33;30;48;2;199;149;116m▄[0m [38;2;31;24;25m       [0m
 [38;2;0;0;0m   [0m [38;2;125;26;28m▄[38;2;142;16;19;48;2;116;26;28m▄[38;2;142;17;19;48;2;143;17;19m▄[38;2;139;16;18;48;2;142;16;18m▄[38;2;126;14;15;48;2;124;14;15m▄[38;2;137;15;16;48;2;142;17;18m▄[38;2;107;25;26;48;2;76;40;38m▄[0m[7m[38;2;132;103;81m▄[38;2;184;137;103m▄[38;2;114;89;72m▄[0m[38;2;120;20;21;48;2;138;18;19m▄[38;2;114;12;13;48;2;97;24;25m▄[0m[38;2;92;33;33m▄      [0m
 [38;2;0;0;0m   [38;2;106;25;26;48;2;65;24;25m▄[38;2;143;17;19;48;2;143;16;19m▄[38;2;144;18;19;48;2;141;16;19m▄[38;2;131;16;17;48;2;143;16;19m▄[38;2;142;18;19;48;2;146;17;19m▄[38;2;144;17;19;48;2;117;12;13m▄[38;2;144;18;19;48;2;139;16;18m▄[38;2;143;17;19;48;2;132;18;19m▄[0m [38;2;19;12;13m  [38;2;112;14;15;48;2;117;28;30m▄[38;2;141;17;18;48;2;123;13;14m▄[38;2;129;15;16;48;2;142;18;18m▄[0m [38;2;60;25;25m     [0m
 [38;2;0;0;0m   [7m[38;2;83;33;34m▄[38;2;89;24;25m▄[38;2;94;27;27m▄[38;2;85;25;25m▄[38;2;89;25;25m▄[38;2;88;25;26m▄[38;2;89;24;24m▄[38;2;90;25;26m▄[0m [38;2;0;0;0m  [7m[38;2;76;27;27m▄[38;2;90;28;28m▄[38;2;86;27;27m▄[0m [38;2;0;0;0m     [0m
[?25h