[?25l[0m [38;2;0;0;0m              [0m [38;2;151;60;0m▄[38;2;167;63;1m▄[0m [38;2;55;20;0m   [38;2;144;55;0m▄[38;2;141;51;0m▄[0m [38;2;9;3;0m     [0m
 [38;2;0;0;0m               [0m [38;2;147;57;0;48;2;206;80;1m▄[38;2;208;81;0;48;2;199;77;0m▄[0m[38;2;203;80;1m▄[0m [38;2;87;34;1m [0m [38;2;205;81;1;48;2;215;84;0m▄[38;2;201;80;1;48;2;154;60;0m▄[0m [38;2;94;36;0m    [0m
 [38;2;0;0;0m         [0m     [38;2;0;0;0m  [0m [38;2;206;82;1;48;2;211;84;1m▄[38;2;207;82;1;48;2;209;83;1m▄[38;2;203;80;0;48;2;196;77;0m▄[0m[38;2;193;77;1m▄[0m [7m[38;2;103;40;1m▄[0m[38;2;204;78;0;48;2;215;85;0m▄[38;2;202;79;1;48;2;190;73;0m▄[0m[38;2;149;58;1m▄[0m [38;2;0;0;0m  [0m
 [38;2;0;0;0m  [0m [38;2;0;0;0m   [0m [38;2;138;52;0m▄[38;2;189;74;1m▄[38;2;207;82;1;48;2;129;51;0m▄[38;2;207;81;1;48;2;209;81;1m▄[38;2;212;83;1m▄[38;2;209;82;1;48;2;205;78;0m▄[0m[38;2;208;83;2m▄[38;2;207;83;1m▄[38;2;179;70;1m▄[0m [38;2;172;67;1;48;2;209;83;1m▄[38;2;212;83;1;48;2;215;86;1m▄[38;2;206;80;0;48;2;210;84;1m▄[38;2;209;81;0;48;2;211;84;0m▄[38;2;200;78;1;48;2;131;52;1m▄[0m[38;2;130;49;0m▄[38;2;206;78;1;48;2;214;83;0m▄[38;2;204;79;1;48;2;216;86;0m▄[38;2;210;81;0;48;2;208;81;0m▄[0m[38;2;144;56;0m▄  [0m
 [38;2;0;0;0m [0m [38;2;190;70;0;48;2;141;57;1m▄[0m [38;2;86;32;0m [0m [38;2;210;81;1;48;2;150;58;0m▄[38;2;208;80;1;48;2;202;76;1m▄[48;2;206;79;1m▄[38;2;210;82;1;48;2;209;82;1m▄[38;2;211;82;1;48;2;210;83;1m▄[38;2;209;82;1;48;2;209;81;1m▄[38;2;210;83;2;48;2;208;83;2m▄[38;2;212;84;2;48;2;210;84;2m▄[38;2;208;81;1;48;2;208;82;1m▄[38;2;210;82;1;48;2;208;82;0m▄[38;2;209;82;1;48;2;207;81;1m▄[48;2;207;80;1m▄[38;2;212;82;1;48;2;212;83;1m▄[38;2;207;80;1;48;2;205;79;0m▄[38;2;212;83;1;48;2;211;82;0m▄[38;2;205;78;1;48;2;209;81;0m▄[38;2;210;81;1;48;2;209;80;1m▄[38;2;210;82;1;48;2;207;80;1m▄[38;2;209;81;0;48;2;206;79;1m▄[38;2;209;82;0;48;2;209;81;0m▄[38;2;210;84;1;48;2;163;65;1m▄[0m [38;2;77;31;1m [0m
 [38;2;0;0;0m [0m [38;2;138;53;1;48;2;179;66;0m▄[38;2;208;80;0;48;2;193;75;1m▄[38;2;211;81;0;48;2;181;69;1m▄[38;2;211;81;1;48;2;104;39;0m▄[38;2;213;83;1;48;2;208;79;1m▄[38;2;210;80;0;48;2;205;78;0m▄[38;2;210;81;0;48;2;207;79;0m▄[38;2;212;83;1;48;2;207;80;0m▄[38;2;209;82;1;48;2;207;80;1m▄[38;2;206;79;0;48;2;209;82;1m▄[38;2;208;80;1;48;2;207;81;1m▄[38;2;209;82;1;48;2;208;82;1m▄[38;2;209;84;1;48;2;208;83;1m▄[38;2;210;82;1;48;2;208;81;1m▄[38;2;209;81;1;48;2;207;81;1m▄[38;2;211;81;1;48;2;207;80;1m▄[38;2;213;83;1;48;2;211;82;1m▄[38;2;209;82;1;48;2;204;79;1m▄[38;2;213;84;1;48;2;208;81;1m▄[38;2;209;82;1;48;2;206;80;1m▄[38;2;212;83;1;48;2;209;82;1m▄[38;2;211;83;1;48;2;207;81;1m▄[38;2;210;82;0m▄[38;2;208;79;0;48;2;205;78;0m▄[38;2;211;82;0;48;2;206;79;0m▄[0m [38;2;80;32;0m [0m
 [38;2;166;63;0;48;2;155;60;0m▄[38;2;213;81;0;48;2;167;62;0m▄[38;2;207;78;0;48;2;190;72;0m▄[38;2;211;82;0;48;2;206;79;0m▄[38;2;210;81;1;48;2;208;81;1m▄[38;2;211;81;1;48;2;208;80;1m▄[38;2;214;83;1;48;2;209;81;1m▄[38;2;212;83;1m▄[38;2;210;83;1;48;2;210;82;1m▄[38;2;178;70;1;48;2;187;73;1m▄[38;2;72;44;22;48;2;188;76;3m▄[38;2;145;97;57;48;2;203;81;3m▄[38;2;143;95;52;48;2;199;80;3m▄[38;2;109;62;27;48;2;204;82;2m▄[38;2;105;47;12;48;2;202;80;1m▄[38;2;142;56;1;48;2;206;81;1m▄[38;2;172;66;1;48;2;208;82;1m▄[38;2;209;79;1m▄[48;2;212;83;1m [38;2;208;81;1;48;2;207;81;1m▄[38;2;211;82;0;48;2;210;82;0m▄[38;2;209;82;1;48;2;207;81;1m▄[38;2;213;84;1;48;2;210;83;1m▄[38;2;210;82;1;48;2;208;82;1m▄[38;2;211;82;0;48;2;209;81;0m▄[48;2;208;80;0m▄[38;2;152;59;0;48;2;194;74;0m▄[0m [38;2;0;0;0m [0m
   [7m[38;2;182;69;0m▄[0m[38;2;206;79;1;48;2;205;79;1m▄[38;2;210;82;1;48;2;206;80;1m▄[38;2;209;80;1;48;2;207;81;1m▄[38;2;209;81;0;48;2;205;80;1m▄[38;2;208;81;0;48;2;202;78;1m▄[38;2;168;64;0;48;2;203;78;1m▄[38;2;161;61;0;48;2;207;79;0m▄[38;2;204;78;1;48;2;135;56;5m▄[38;2;133;67;21;48;2;199;130;70m▄[38;2;212;142;81;48;2;229;151;85m▄[38;2;236;155;86;48;2;229;153;89m▄[38;2;234;153;84;48;2;231;153;88m▄[38;2;236;156;87;48;2;196;125;68m▄[38;2;236;155;85;48;2;167;106;57m▄[38;2;237;155;85;48;2;108;53;15m▄[38;2;239;158;89;48;2;106;50;14m▄[38;2;218;145;81;48;2;109;48;11m▄[0m[7m[38;2;187;73;2m▄[38;2;194;75;0m▄[38;2;193;72;0m▄[38;2;196;77;0m▄[38;2;199;78;0m▄[38;2;169;64;0m▄[0m [38;2;0;0;0m  [0m
 [38;2;0;0;0m [0m [38;2;198;75;1;48;2;141;54;0m▄[38;2;207;80;0;48;2;207;79;0m▄[38;2;209;82;1;48;2;206;80;1m▄[48;2;208;81;1m [38;2;208;80;0;48;2;208;83;1m▄[38;2;207;80;0;48;2;206;79;0m▄[38;2;204;79;0;48;2;166;63;1m▄[38;2;126;61;16;48;2;96;57;24m▄[38;2;206;139;82;48;2;128;66;23m▄[38;2;163;103;52;48;2;147;57;1m▄[38;2;135;90;50;48;2;151;92;45m▄[38;2;235;156;88;48;2;234;155;87m▄[38;2;233;151;83;48;2;233;153;86m▄[38;2;233;153;84;48;2;232;150;82m▄[38;2;234;152;84;48;2;231;150;82m▄[38;2;231;151;82;48;2;231;152;85m▄[38;2;237;156;86;48;2;234;152;82m▄[38;2;231;152;83;48;2;227;148;78m▄[38;2;234;154;85;48;2;234;155;86m▄[38;2;232;154;87;48;2;226;145;76m▄[38;2;225;147;77;48;2;229;148;78m▄[38;2;226;152;83;48;2;183;120;66m▄[0m[38;2;201;132;69m▄[0m [38;2;33;23;12m   [0m
 [38;2;0;0;0m [0m [38;2;198;74;1;48;2;201;77;1m▄[38;2;207;80;1;48;2;211;83;0m▄[38;2;206;80;1;48;2;210;83;1m▄[38;2;208;82;1;48;2;210;82;1m▄[38;2;207;81;1;48;2;211;83;1m▄[38;2;204;80;1;48;2;207;80;0m▄[38;2;202;78;0;48;2;203;77;0m▄[38;2;203;78;0;48;2;191;73;1m▄[38;2;135;53;4;48;2;143;84;37m▄[38;2;214;143;80;48;2;230;155;90m▄[38;2;228;150;82;48;2;232;156;92m▄[38;2;231;155;88;48;2;232;152;83m▄[38;2;202;137;80;48;2;233;154;86m▄[38;2;139;126;113;48;2;189;125;70m▄[38;2;227;218;205;48;2;97;77;57m▄[38;2;237;227;212;48;2;84;72;58m▄[38;2;239;227;214;48;2;94;79;63m▄[38;2;123;109;95;48;2;209;143;84m▄[38;2;131;93;55;48;2;227;148;79m▄[38;2;172;161;148;48;2;142;96;55m▄[38;2;240;231;220;48;2;119;115;110m▄[38;2;237;226;213;48;2;122;116;108m▄[38;2;222;213;201;48;2;122;105;86m▄[0m[38;2;182;175;167m▄[0m [38;2;9;8;8m  [0m
 [38;2;0;0;0m [0m [38;2;181;68;0;48;2;205;79;1m▄[38;2;206;79;0;48;2;210;80;1m▄[38;2;204;78;1;48;2;210;81;1m▄[38;2;204;79;1;48;2;209;81;1m▄[38;2;203;79;0;48;2;209;82;1m▄[38;2;202;78;0;48;2;208;81;1m▄[38;2;202;77;0;48;2;210;82;1m▄[38;2;202;78;0;48;2;207;79;0m▄[38;2;205;79;0;48;2;209;78;0m▄[38;2;117;64;26;48;2;122;72;34m▄[38;2;229;151;84;48;2;234;155;87m▄[38;2;180;120;67;48;2;210;139;77m▄[38;2;171;164;156;48;2;135;115;95m▄[38;2;239;229;217;48;2;238;225;210m▄[38;2;240;229;216;48;2;242;231;218m▄[38;2;237;226;211;48;2;244;235;222m▄[38;2;224;214;201;48;2;243;233;220m▄[38;2;215;207;195;48;2;239;229;216m▄[38;2;184;177;166;48;2;116;113;107m▄[38;2;174;166;156;48;2;219;210;199m▄[38;2;239;229;216;48;2;242;232;219m▄[38;2;237;227;215;48;2;239;227;213m▄[38;2;187;180;171;48;2;240;230;218m▄[38;2;67;64;61;48;2;242;234;223m▄[0m[38;2;173;168;159m▄  [0m
 [38;2;0;0;0m  [7m[38;2;136;51;0m▄[0m[38;2;180;69;1;48;2;200;76;0m▄[38;2;199;78;2;48;2;207;80;2m▄[38;2;200;77;1;48;2;210;83;1m▄[38;2;180;70;1;48;2;207;81;1m▄[38;2;95;59;28;48;2;172;65;1m▄[38;2;209;141;82;48;2;135;53;1m▄[38;2;176;118;68;48;2;132;52;1m▄[38;2;84;38;8;48;2;188;72;0m▄[38;2;169;64;1;48;2;152;70;15m▄[38;2;164;113;66;48;2;207;135;73m▄[38;2;197;134;79;48;2;188;129;75m▄[38;2;166;156;145;48;2;175;167;158m▄[38;2;238;228;215;48;2;243;233;222m▄[38;2;240;230;218;48;2;245;235;224m▄[38;2;238;226;213;48;2;243;232;220m▄[38;2;223;213;201;48;2;118;114;107m▄[38;2;225;216;204;48;2;62;59;56m▄[38;2;160;154;146;48;2;206;198;187m▄[38;2;144;100;59;48;2;127;122;115m▄[38;2;140;127;114;48;2;241;230;217m▄[38;2;231;222;209;48;2;240;229;216m▄[38;2;238;229;216;48;2;199;190;179m▄[38;2;220;210;196;48;2;106;101;94m▄[0m[7m[38;2;177;173;166m▄[0m[38;2;30;30;29m  [0m
 [38;2;0;0;0m   [0m [7m[38;2;174;64;0m▄[0m[38;2;160;61;0;48;2;196;74;1m▄[0m [38;2;209;141;82;48;2;209;140;78m▄[38;2;131;87;48;48;2;180;124;73m▄[38;2;149;98;56;48;2;144;99;56m▄[38;2;181;123;70;48;2;190;128;73m▄[38;2;140;89;45;48;2;135;53;5m▄[38;2;166;111;63;48;2;163;109;61m▄[38;2;230;152;85;48;2;234;156;90m▄[38;2;225;148;82;48;2;160;110;68m▄[38;2;173;121;77;48;2;188;180;171m▄[38;2;126;112;97;48;2;239;228;214m▄[38;2;149;135;120;48;2;242;234;223m▄[38;2;155;142;126;48;2;240;230;217m▄[38;2;137;97;63;48;2;229;218;205m▄[38;2;217;142;78;48;2;132;111;90m▄[38;2;229;155;91;48;2;230;149;82m▄[38;2;231;154;86;48;2;197;130;74m▄[38;2;197;130;72;48;2;128;116;104m▄[38;2;198;131;72;48;2;132;127;120m▄[0m[38;2;202;134;74m▄[0m [38;2;29;19;11m  [0m
 [38;2;0;0;0m     [0m  [7m[38;2;216;140;78m▄[0m[38;2;219;149;88;48;2;181;119;65m▄[38;2;206;138;78;48;2;169;116;67m▄[38;2;212;139;76;48;2;235;159;91m▄[38;2;230;155;89;48;2;230;150;82m▄[38;2;231;155;89;48;2;235;154;87m▄[38;2;229;153;86;48;2;234;156;87m▄[38;2;228;151;85;48;2;236;160;94m▄[38;2;230;152;84;48;2;235;158;91m▄[48;2;235;156;88m▄[38;2;228;153;86;48;2;234;154;84m▄[38;2;234;158;89;48;2;236;157;87m▄[38;2;226;151;85;48;2;233;157;90m▄[38;2;230;150;82;48;2;236;159;93m▄[38;2;219;142;77;48;2;231;150;81m▄[38;2;139;94;51;48;2;233;153;82m▄[38;2;197;132;74;48;2;237;161;94m▄[38;2;199;132;72;48;2;236;157;88m▄[38;2;199;134;74;48;2;232;154;86m▄[0m[7m[38;2;164;109;61m▄[0m[38;2;45;31;18m  [0m
 [38;2;0;0;0m        [0m  [38;2;132;88;50;48;2;124;84;46m▄[38;2;230;153;86;48;2;236;158;91m▄[48;2;234;155;88m▄[38;2;231;155;87;48;2;235;155;87m▄[38;2;232;155;88;48;2;236;157;87m▄[38;2;232;156;89;48;2;235;155;86m▄[38;2;231;154;86;48;2;237;157;88m▄[38;2;231;155;86;48;2;238;160;91m▄[38;2;237;159;90;48;2;241;162;93m▄[38;2;229;154;87;48;2;233;156;88m▄[38;2;235;158;90;48;2;235;156;88m▄[38;2;229;153;86;48;2;233;156;89m▄[38;2;231;153;84;48;2;197;133;77m▄[38;2;230;154;86;48;2;126;84;48m▄[38;2;230;155;87;48;2;121;80;46m▄[38;2;228;152;85;48;2;126;86;48m▄[0m[38;2;115;77;42m▄[0m [38;2;3;2;1m [0m
 [38;2;0;0;0m          [38;2;136;89;48;48;2;134;88;49m▄[38;2;232;153;85;48;2;236;158;91m▄[38;2;233;156;89;48;2;236;155;86m▄[38;2;230;152;85;48;2;235;155;86m▄[38;2;228;150;84;48;2;234;155;87m▄[38;2;219;146;83;48;2;235;156;87m▄[38;2;215;140;77;48;2;236;156;87m▄[38;2;227;150;82;48;2;235;155;85m▄[38;2;233;157;90;48;2;239;159;88m▄[38;2;225;149;82;48;2;235;159;90m▄[38;2;234;157;87;48;2;238;159;89m▄[38;2;231;155;87;48;2;236;157;87m▄[38;2;232;154;85;48;2;236;156;86m▄[38;2;230;155;88;48;2;236;157;87m▄[38;2;232;156;88;48;2;234;155;85m▄[38;2;231;156;89;48;2;233;156;89m▄[38;2;228;151;83;48;2;233;158;88m▄[38;2;226;148;80;48;2;109;72;40m▄[0m [0m
 [38;2;0;0;0m        [0m [38;2;86;11;7m▄[38;2;138;91;49;48;2;141;95;54m▄[38;2;232;155;87;48;2;237;159;93m▄[38;2;231;155;89;48;2;233;153;85m▄[38;2;230;153;86;48;2;234;155;87m▄[38;2;229;150;84;48;2;234;156;88m▄[38;2;219;142;78;48;2;137;89;51m▄[38;2;211;137;76;48;2;115;75;42m▄[38;2;202;133;74;48;2;117;78;44m▄[38;2;147;98;55;48;2;118;79;46m▄[0m[7m[38;2;218;149;86m▄[38;2;237;159;87m▄[38;2;234;155;86m▄[38;2;237;160;91m▄[38;2;234;157;87m▄[38;2;235;157;89m▄[38;2;235;158;88m▄[38;2;233;154;86m▄[38;2;192;131;76m▄[0m [0m
 [38;2;0;0;0m       [0m [38;2;130;19;13;48;2;108;13;8m▄[0m [38;2;160;110;66;48;2;143;95;53m▄[38;2;233;157;89;48;2;237;160;89m▄[38;2;231;154;87;48;2;236;157;89m▄[38;2;232;155;87;48;2;235;156;88m▄[38;2;233;155;88;48;2;233;154;85m▄[38;2;231;154;87;48;2;233;153;86m▄[38;2;231;153;86;48;2;234;154;87m▄[38;2;228;151;84;48;2;232;151;82m▄[38;2;232;152;82;48;2;234;156;88m▄[38;2;221;149;85;48;2;227;150;83m▄[0m[7m[38;2;231;152;81m▄[38;2;165;111;61m▄[0m[38;2;9;6;3m       [0m
 [38;2;0;0;0m    [0m   [38;2;132;16;10;48;2;123;15;10m▄[38;2;139;18;11;48;2;143;20;14m▄[0m[38;2;95;11;6m▄[38;2;146;95;52;48;2;218;141;75m▄[38;2;230;155;88;48;2;235;156;87m▄[38;2;229;151;85;48;2;236;157;89m▄[38;2;228;151;83;48;2;237;160;91m▄[38;2;229;151;84;48;2;237;159;90m▄[48;2;236;156;88m▄[38;2;230;150;82;48;2;235;156;86m▄[38;2;225;147;79;48;2;234;156;86m▄[38;2;217;141;76;48;2;236;159;90m▄[0m[7m[38;2;142;95;52m▄[0m[38;2;82;11;7m▄[0m [38;2;6;0;0m       [0m
 [38;2;0;0;0m  [0m [38;2;126;16;10m▄[38;2;132;16;11;48;2;94;11;7m▄[38;2;124;16;10;48;2;135;16;9m▄[0m [38;2;145;18;11;48;2;139;18;12m▄[38;2;138;16;11;48;2;140;18;11m▄[38;2;131;15;10;48;2;119;14;9m▄[38;2;91;13;8;48;2;112;59;32m▄[38;2;89;59;32;48;2;232;155;87m▄[38;2;215;147;85;48;2;234;156;88m▄[38;2;231;151;82;48;2;235;157;89m▄[38;2;232;154;85;48;2;235;157;87m▄[38;2;232;153;84;48;2;236;156;86m▄[38;2;231;152;84;48;2;235;154;83m▄[38;2;230;150;80;48;2;232;154;87m▄[38;2;126;83;45;48;2;171;115;65m▄[0m[7m[38;2;61;7;4m▄[0m[38;2;140;14;8;48;2;143;16;10m▄[38;2;127;15;10;48;2;77;9;6m▄[0m [38;2;35;4;3m      [0m
  [38;2;126;16;9m▄[38;2;138;18;11;48;2;117;15;9m▄[38;2;142;19;12;48;2;138;19;13m▄[38;2;143;19;12;48;2;137;17;11m▄[38;2;92;11;7;48;2;97;12;7m▄[38;2;88;12;7;48;2;93;12;7m▄[38;2;139;18;11;48;2;146;19;11m▄[38;2;146;18;12;48;2;135;16;11m▄[38;2;139;17;11;48;2;144;18;11m▄[38;2;141;17;9;48;2;138;18;10m▄[38;2;106;73;70;48;2;137;130;125m▄[38;2;235;225;213;48;2;137;125;112m▄[38;2;211;204;194;48;2;123;95;70m▄[38;2;163;156;147;48;2;165;107;56m▄[38;2;161;155;148;48;2;168;112;63m▄[38;2;160;155;147;48;2;170;114;63m▄[38;2;171;165;156;48;2;138;95;55m▄[0m[38;2;228;220;209m▄[0m [38;2;128;13;9;48;2;132;14;9m▄[38;2;132;15;9;48;2;136;16;10m▄[38;2;139;16;9;48;2;115;15;9m▄[0m [38;2;52;7;4m     [0m
[?25h