[?25l[0m [38;2;0;0;0m         [0m  [38;2;34;29;23m  [0m [38;2;11;11;11m         [0m
 [38;2;0;0;0m    [0m [7m[38;2;47;40;32m▄[0m[38;2;60;36;4;48;2;43;36;29m▄[0m[38;2;66;43;14m▄[38;2;65;44;16m▄[38;2;66;39;3;48;2;63;42;13m▄[38;2;62;38;5;48;2;66;61;54m▄[0m[38;2;65;40;6m▄[38;2;67;43;10;48;2;61;47;30m▄[0m[7m[38;2;71;60;47m▄[0m  [38;2;10;10;10m       [0m
 [38;2;0;0;0m  [0m [7m[38;2;59;49;37m▄[0m[38;2;64;47;24;48;2;70;51;24m▄[38;2;65;39;2;48;2;72;55;33m▄[38;2;66;39;2;48;2;65;39;4m▄[38;2;61;36;3;48;2;64;39;2m▄[38;2;56;33;3;48;2;65;39;3m▄[38;2;79;48;7;48;2;65;38;2m▄[38;2;66;40;4;48;2;65;39;2m▄[38;2;57;34;3;48;2;64;38;3m▄[38;2;118;75;20m▄[38;2;79;49;7;48;2;66;40;3m▄[38;2;49;42;32;48;2;66;44;14m▄[0m[7m[38;2;60;51;40m▄[0m[38;2;0;0;0m       [0m
 [38;2;0;0;0m [0m [38;2;63;48;30m▄[38;2;65;38;3m▄[38;2;66;39;2;48;2;67;42;9m▄[48;2;66;39;3m [38;2;69;42;5;48;2;65;39;2m▄[38;2;160;103;37;48;2;87;54;12m▄[38;2;172;111;40;48;2;105;67;20m▄[38;2;173;112;40;48;2;173;111;39m▄[38;2;173;112;39;48;2;147;94;31m▄[38;2;151;97;34;48;2;80;50;7m▄[38;2;157;101;35;48;2;141;90;28m▄[38;2;171;111;38;48;2;167;107;38m▄[38;2;157;104;42;48;2;76;62;46m▄[0m  [38;2;24;24;25m      [0m
 [38;2;0;0;0m [0m  [38;2;58;47;30;48;2;48;42;35m▄[38;2;68;41;3;48;2;64;38;2m▄[38;2;61;36;2;48;2;67;39;2m▄[38;2;66;40;2;48;2;62;37;3m▄[38;2;137;87;29;48;2;168;109;39m▄[38;2;158;130;110;48;2;165;114;56m▄[38;2;204;202;251;48;2;170;138;117m▄[38;2;171;171;210;48;2;175;149;140m▄[38;2;191;192;231;48;2;161;142;141m▄[38;2;158;101;35;48;2;170;110;38m▄[38;2;157;104;44;48;2;149;111;69m▄[38;2;175;160;168;48;2;196;194;231m▄[38;2;158;154;180;48;2;179;178;216m▄[38;2;103;103;119;48;2;132;131;157m▄[0m [38;2;5;5;5m     [0m
 [38;2;0;0;0m  [0m [7m[38;2;42;35;25m▄[0m[38;2;99;71;37;48;2;81;59;30m▄[38;2;135;86;28;48;2;106;67;19m▄[38;2;173;110;38;48;2;90;57;15m▄[38;2;172;109;38;48;2;155;99;33m▄[38;2;173;110;39;48;2;164;115;64m▄[38;2;173;111;39;48;2;174;149;145m▄[48;2;177;144;119m▄[38;2;171;110;37;48;2;157;116;79m▄[38;2;160;102;33;48;2;164;105;35m▄[38;2;152;98;32;48;2;171;109;38m▄[38;2;158;100;32;48;2;169;108;37m▄[38;2;142;95;41;48;2;91;66;36m▄[0m [38;2;21;18;14m      [0m
 [38;2;0;0;0m   [0m  [38;2;75;58;18;48;2;136;94;43m▄[38;2;173;110;39;48;2;169;107;38m▄[38;2;172;110;39;48;2;173;110;39m▄[38;2;172;110;40;48;2;173;110;40m▄[38;2;173;112;41;48;2;174;111;40m▄[38;2;119;80;35;48;2;175;112;41m▄[38;2;95;81;64;48;2;173;111;41m▄[38;2;89;75;58;48;2;174;112;41m▄[38;2;100;81;58;48;2;175;112;40m▄[38;2;112;83;48;48;2;170;109;39m▄[0m[7m[38;2;167;108;39m▄[38;2;84;64;43m▄[0m[38;2;6;6;6m      [0m
 [38;2;0;0;0m  [38;2;31;32;22m▄[38;2;56;57;2;48;2;60;61;26m▄[38;2;50;51;1;48;2;48;49;4m▄[38;2;33;35;1;48;2;54;46;5m▄[38;2;156;121;68;48;2;172;110;41m▄[38;2;174;112;42;48;2;173;110;40m▄[38;2;174;112;41;48;2;173;111;40m▄[48;2;173;112;41m▄[38;2;161;90;37;48;2;81;27;17m▄[38;2;160;83;36;48;2;82;25;18m▄[38;2;151;88;33;48;2;38;13;8m▄[38;2;138;88;30;48;2;50;33;11m▄[38;2;126;89;32;48;2;81;59;15m▄[38;2;43;45;1;48;2;41;42;30m▄[38;2;36;38;0;48;2;51;52;28m▄[0m[38;2;39;40;27m▄     [0m
 [38;2;0;0;0m  [0m [38;2;44;45;1;48;2;50;52;1m▄[38;2;49;51;1;48;2;43;44;1m▄[38;2;40;41;0;48;2;37;39;0m▄[38;2;92;91;49;48;2;166;164;112m▄[38;2;236;229;152;48;2;202;179;112m▄[38;2;245;239;163;48;2;169;117;51m▄[38;2;214;200;133;48;2;176;113;42m▄[38;2;199;173;105;48;2;175;113;42m▄[38;2;153;111;61;48;2;174;112;42m▄[38;2;151;113;70;48;2;173;112;42m▄[38;2;239;234;164;48;2;173;125;59m▄[38;2;170;167;119;48;2;163;161;115m▄[38;2;37;38;1;48;2;33;35;0m▄[38;2;47;49;1;48;2;39;40;0m▄[38;2;34;35;1;48;2;38;38;18m▄[0m [38;2;29;29;21m    [0m
 [38;2;0;0;0m  [0m [38;2;54;56;16;48;2;42;43;3m▄[38;2;58;60;2;48;2;56;59;2m▄[38;2;41;42;1;48;2;36;37;0m▄[38;2;40;41;0;48;2;41;41;7m▄[38;2;160;156;102;48;2;219;214;151m▄[38;2;250;242;164;48;2;221;216;151m▄[38;2;247;239;161;48;2;225;220;152m▄[38;2;226;219;149;48;2;243;238;170m▄[38;2;206;196;131;48;2;121;75;56m▄[38;2;116;71;50;48;2;97;40;31m▄[38;2;249;243;168;48;2;208;204;144m▄[38;2;242;236;162;48;2;224;219;149m▄[38;2;39;39;4;48;2;40;41;1m▄[38;2;48;50;1;48;2;44;45;1m▄[38;2;47;49;1;48;2;39;40;1m▄[38;2;56;58;4;48;2;52;53;19m▄[0m [38;2;28;28;26m   [0m
 [38;2;0;0;0m  [0m [38;2;64;65;24;48;2;59;61;25m▄[38;2;60;61;3;48;2;61;63;2m▄[48;2;51;53;3m▄[38;2;47;48;2;48;2;38;39;0m▄[38;2;41;42;1;48;2;80;79;37m▄[38;2;202;195;130;48;2;249;241;164m▄[38;2;250;241;163;48;2;250;240;164m▄[48;2;249;240;163m [38;2;197;179;123;48;2;205;193;131m▄[38;2;102;16;15;48;2;95;22;18m▄[38;2;189;168;115;48;2;237;231;162m▄[38;2;247;240;167;48;2;246;239;163m▄[38;2;44;45;8;48;2;45;46;8m▄[38;2;47;48;1;48;2;47;49;1m▄[38;2;52;54;1;48;2;48;50;1m▄[38;2;58;59;3;48;2;57;59;1m▄[38;2;50;52;17;48;2;38;38;22m▄[0m[38;2;50;52;17m   [0m
 [38;2;0;0;0m   [0m [7m[38;2;52;52;22m▄[38;2;58;58;23m▄[38;2;54;54;24m▄[38;2;41;41;24m▄[38;2;81;79;54m▄[38;2;138;134;95m▄[38;2;137;133;96m▄[38;2;108;97;69m▄[38;2;66;25;24m▄[38;2;95;76;60m▄[38;2;135;132;96m▄[38;2;48;48;35m▄[38;2;47;48;24m▄[38;2;46;47;24m▄[0m   [38;2;0;0;0m  [0m
[?25h