[?25l[0m [38;2;0;0;0m    [0m [38;2;61;38;19m▄[38;2;62;32;6m▄[0m [38;2;27;24;21m [0m  [38;2;44;32;22m▄[38;2;48;36;26m▄[0m [38;2;27;24;22m               [0m
 [38;2;60;35;15m▄[38;2;55;35;21m▄[0m  [38;2;35;26;20;48;2;40;33;28m▄[38;2;59;27;0;48;2;57;26;1m▄[38;2;52;23;1;48;2;47;23;5m▄[0m[38;2;56;34;16m▄[38;2;51;31;16m▄[38;2;54;24;1;48;2;38;31;25m▄[38;2;64;29;0;48;2;54;25;2m▄[38;2;61;27;1;48;2;53;23;0m▄[38;2;34;28;25;48;2;50;32;19m▄[0m [38;2;6;6;6m [0m   [38;2;41;32;25m▄[0m   [38;2;2;2;2m       [0m
 [7m[38;2;40;22;10m▄[0m[38;2;55;25;1;48;2;61;27;0m▄[38;2;61;27;0;48;2;52;24;2m▄[38;2;60;27;0;48;2;44;25;10m▄[38;2;60;26;0;48;2;53;23;1m▄[38;2;60;27;0;48;2;61;27;0m▄[48;2;60;27;0m [38;2;61;27;1m▄[38;2;63;28;1m▄[48;2;61;27;1m▄ [38;2;59;26;1;48;2;60;27;1m▄[38;2;60;26;1;48;2;56;26;2m▄[38;2;61;27;1;48;2;63;42;25m▄[48;2;34;25;20m▄[48;2;42;28;17m▄[38;2;61;27;0;48;2;48;24;6m▄[38;2;63;28;0;48;2;47;22;1m▄[38;2;56;30;9;48;2;64;29;0m▄[38;2;37;25;17;48;2;53;24;1m▄[0m[7m[38;2;50;23;3m▄[38;2;41;33;28m▄[0m[38;2;21;20;20m       [0m
 [38;2;41;34;28m▄[38;2;52;23;1;48;2;42;25;12m▄[38;2;57;25;0;48;2;59;26;0m▄[38;2;55;24;0;48;2;62;27;0m▄[38;2;50;21;1;48;2;61;27;1m▄[38;2;60;27;1;48;2;61;27;0m▄[38;2;63;28;0m▄[38;2;59;29;4;48;2;61;27;1m▄[38;2;84;48;16;48;2;60;26;0m▄[38;2;72;39;10;48;2;62;27;0m▄[38;2;80;46;14;48;2;61;27;1m▄[38;2;55;25;2;48;2;63;28;1m▄[38;2;52;24;1;48;2;62;27;0m▄[38;2;61;27;1m▄[38;2;61;27;0;48;2;61;27;1m▄[38;2;64;28;1;48;2;61;27;0m▄[38;2;63;28;0;48;2;62;27;1m▄[38;2;60;26;0;48;2;58;25;1m▄[38;2;44;31;21;48;2;43;36;31m▄[0m [38;2;4;3;3m         [0m
[38;2;41;25;14;48;2;38;33;28m▄[38;2;52;25;5;48;2;48;22;1m▄[38;2;88;51;16;48;2;56;23;0m▄[38;2;169;107;44;48;2;61;34;10m▄[38;2;169;108;46;48;2;120;74;27m▄[38;2;61;33;7;48;2;73;41;10m▄[38;2;66;30;0;48;2;60;27;0m▄[38;2;86;51;16;48;2;55;27;3m▄[38;2;175;109;45;48;2;112;68;25m▄[38;2;173;109;45;48;2;177;111;45m▄[38;2;172;109;46;48;2;174;110;45m▄[38;2;174;110;46;48;2;171;108;45m▄[38;2;176;112;47;48;2;145;91;38m▄[38;2;177;113;48;48;2;131;81;32m▄[38;2;114;71;29;48;2;64;33;7m▄[38;2;52;24;1;48;2;63;28;1m▄[38;2;62;28;1m▄[48;2;62;28;1m [38;2;62;28;0;48;2;60;27;1m▄[38;2;61;27;0;48;2;56;26;3m▄[48;2;50;34;23m▄[38;2;60;27;1;48;2;39;33;29m▄[0m[38;2;52;32;19m▄[0m [38;2;26;24;23m      [0m
 [38;2;141;94;46;48;2;60;45;32m▄[38;2;171;108;45;48;2;172;109;43m▄[38;2;174;110;46;48;2;177;112;46m▄[38;2;176;112;46;48;2;175;111;46m▄[38;2;172;109;46;48;2;90;54;19m▄[38;2;169;107;44;48;2;48;24;5m▄[38;2;172;109;45;48;2;166;104;41m▄[38;2;173;109;45;48;2;175;110;45m▄[48;2;174;109;45m [38;2;175;110;46;48;2;174;110;45m▄[48;2;175;111;46m [48;2;175;111;47m [38;2;175;111;48;48;2;172;110;48m▄[38;2;177;114;50;48;2;168;108;49m▄[38;2;101;64;26;48;2;79;46;14m▄[38;2;58;27;1;48;2;64;29;1m▄[38;2;61;27;0;48;2;62;28;1m▄ [38;2;61;28;1;48;2;60;27;1m▄[38;2;52;29;11;48;2;45;21;3m▄[0m[7m[38;2;43;32;23m▄[38;2;47;35;26m▄[0m [38;2;0;0;0m      [0m
[38;2;173;110;46;48;2;110;79;46m▄[38;2;169;108;47;48;2;173;110;47m▄[38;2;177;112;47;48;2;175;111;47m▄[38;2;180;114;46;48;2;174;110;46m▄[38;2;176;112;46;48;2;173;110;46m▄[38;2;169;107;45m▄[38;2;129;86;44m▄[38;2;136;98;59;48;2;176;112;45m▄[38;2;142;110;79;48;2;178;112;46m▄[38;2;148;120;94;48;2;177;111;45m▄[38;2;142;116;97;48;2;176;111;46m▄[38;2;147;99;52;48;2;175;111;47m▄[38;2;179;114;48;48;2;176;112;47m▄[38;2;178;113;49;48;2;176;113;48m▄[38;2;173;111;50;48;2;174;112;50m▄[38;2;81;50;19;48;2;84;53;22m▄[38;2;65;31;2;48;2;56;26;1m▄[38;2;62;29;2;48;2;62;29;1m▄[38;2;64;29;2;48;2;63;29;1m▄[38;2;60;27;1m▄[38;2;59;27;1;48;2;56;27;3m▄[0m[38;2;39;27;19m▄        [0m
[38;2;168;178;214;48;2;159;160;173m▄[38;2;201;212;248;48;2;154;157;177m▄[38;2;173;181;205;48;2;133;128;137m▄[38;2;108;69;27;48;2;169;107;43m▄[38;2;132;84;34;48;2;179;114;46m▄[38;2;122;84;44;48;2;146;96;47m▄[38;2;203;214;247;48;2;181;195;234m▄[38;2;145;153;177;48;2;189;201;244m▄[38;2;166;176;210;48;2;198;209;245m▄[38;2;199;211;248;48;2;202;213;247m▄[38;2;206;216;248;48;2;203;214;247m▄[38;2;142;138;143;48;2;149;140;138m▄[38;2;137;87;37;48;2;175;114;49m▄[38;2;135;86;37;48;2;174;111;50m▄[38;2;145;92;37;48;2;177;112;50m▄[38;2;86;52;17;48;2;112;70;27m▄[38;2;49;21;1;48;2;69;31;1m▄[38;2;85;53;16;48;2;64;34;6m▄[38;2;53;27;5;48;2;54;24;1m▄[38;2;70;36;7;48;2;58;27;1m▄[38;2;33;26;22;48;2;40;26;17m▄[0m [38;2;0;0;0m        [0m
[38;2;141;129;127;48;2;189;200;240m▄[38;2;135;105;80;48;2;191;202;238m▄[38;2;165;104;44;48;2;135;110;91m▄[38;2;173;110;44;48;2;175;112;46m▄[38;2;175;111;45;48;2;170;108;46m▄[38;2;170;108;45;48;2;137;91;46m▄[38;2;129;97;70;48;2;194;205;238m▄[38;2;139;112;93;48;2;205;215;247m▄[38;2;144;114;88;48;2;207;217;247m▄[38;2;139;106;76;48;2;201;212;246m▄[38;2;135;97;62;48;2;197;209;245m▄[38;2;152;98;44;48;2;144;133;131m▄[38;2;174;111;47;48;2;178;113;47m▄[48;2;177;113;48m▄[38;2;173;110;47;48;2;177;112;48m▄[38;2;170;108;46;48;2;137;86;34m▄[38;2;168;106;44;48;2;46;24;5m▄[38;2;174;110;45;48;2;141;91;36m▄[38;2;157;100;39;48;2;145;92;37m▄[38;2;131;84;35;48;2;133;86;33m▄[38;2;95;73;51;48;2;53;42;29m▄[0m[38;2;95;73;51m         [0m
[38;2;126;80;31;48;2;173;108;44m▄[38;2;133;84;32;48;2;172;108;44m▄[38;2;143;89;33;48;2;170;107;44m▄[38;2;137;87;33;48;2;169;107;43m▄[38;2;133;85;33;48;2;174;111;45m▄[38;2;135;85;31;48;2;154;98;37m▄[38;2;178;112;45;48;2;169;107;44m▄[38;2;174;110;46;48;2;172;109;46m▄[38;2;173;110;47;48;2;175;111;48m▄[38;2;174;111;47;48;2;176;112;47m▄[38;2;175;111;47;48;2;176;111;48m▄[48;2;175;111;47m [48;2;174;111;47m▄▄[48;2;173;110;47m▄[38;2;175;111;48;48;2;174;111;47m▄[38;2;174;111;47;48;2;174;110;47m▄[38;2;172;110;48;48;2;172;110;46m▄[38;2;138;90;37;48;2;170;109;45m▄[38;2;68;51;33;48;2;158;103;42m▄[0m [38;2;2;2;2m         [0m
[38;2;171;108;45;48;2;157;101;42m▄[38;2;175;111;46;48;2;172;110;46m▄[38;2;172;110;46;48;2;178;113;47m▄[38;2;172;109;46;48;2;173;109;46m▄[38;2;173;110;46;48;2;170;107;45m▄[38;2;174;110;46;48;2;172;108;45m▄[38;2;173;110;46;48;2;174;110;46m▄[38;2;174;111;46m▄[38;2;175;112;48;48;2;173;110;47m▄[38;2;176;113;49;48;2;175;111;47m▄[48;2;175;112;47m▄[38;2;176;112;48;48;2;175;112;48m▄    [38;2;174;111;47m▄[38;2;175;112;48;48;2;176;113;48m▄[38;2;172;111;46;48;2;174;112;47m▄[38;2;40;38;8;48;2;40;32;25m▄[0m [38;2;20;20;19m         [0m
[38;2;119;81;43;48;2;175;110;46m▄[38;2;120;77;33;48;2;172;109;46m▄[38;2;135;85;33;48;2;171;109;46m▄[38;2;138;86;33;48;2;174;111;46m▄[38;2;142;90;35;48;2;174;111;47m▄[38;2;135;85;34;48;2;173;110;46m▄[38;2;135;86;34;48;2;171;109;46m▄[38;2;130;83;33;48;2;175;111;47m▄[38;2;144;92;37;48;2;168;107;45m▄[38;2;169;108;45;48;2;127;81;33m▄[38;2;173;111;47;48;2;176;112;48m▄[38;2;175;112;49;48;2;175;113;48m▄[38;2;174;112;48;48;2;175;112;48m▄▄[38;2;174;111;48m▄ [38;2;175;111;48m▄[38;2;175;111;47;48;2;174;111;47m▄[38;2;103;69;26;48;2;144;93;38m▄[38;2;42;43;8;48;2;31;33;5m▄[38;2;37;39;9;48;2;33;34;22m▄[0m[38;2;62;66;20m▄[38;2;52;54;28m▄[0m  [38;2;1;1;1m     [0m
 [7m[38;2;69;51;35m▄[0m[38;2;40;35;24;48;2;172;106;41m▄[38;2;143;90;35;48;2;171;106;42m▄[38;2;171;108;45;48;2;172;108;44m▄[38;2;173;109;45;48;2;174;109;45m▄[38;2;174;110;46;48;2;172;109;46m▄[38;2;173;110;46m▄[38;2;173;110;47;48;2;172;110;46m▄[38;2;174;111;48;48;2;173;110;47m▄[48;2;174;111;48m [48;2;174;112;48m  [38;2;174;112;49;48;2;174;111;48m▄[48;2;174;112;48m▄[38;2;176;114;49m▄[38;2;165;110;48m▄[38;2;167;157;114;48;2;158;104;47m▄[38;2;38;39;11;48;2;43;40;18m▄[38;2;40;42;7;48;2;39;40;7m▄[38;2;38;40;9;48;2;38;39;9m▄[38;2;64;68;18;48;2;65;69;19m▄[38;2;64;68;19;48;2;65;69;20m▄[38;2;62;67;19;48;2;57;62;18m▄[38;2;64;68;18;48;2;48;49;33m▄[0m[38;2;54;57;21m▄[0m [38;2;23;23;21m   [0m
[38;2;46;48;25m▄[38;2;38;41;11;48;2;50;52;28m▄[38;2;37;39;8;48;2;36;37;8m▄[38;2;140;137;104;48;2;106;71;30m▄[38;2;159;125;73;48;2;177;111;46m▄[38;2;168;106;42;48;2;174;110;46m▄[38;2;172;109;45;48;2;173;109;45m▄[38;2;172;109;46;48;2;172;110;46m▄[38;2;172;110;46;48;2;173;110;46m▄[48;2;174;111;47m [38;2;175;113;48;48;2;174;112;48m▄ [38;2;172;111;48m▄[38;2;149;103;51;48;2;174;113;49m▄[38;2;165;148;99;48;2;175;113;49m▄[38;2;237;237;173;48;2;155;109;54m▄[38;2;235;234;168;48;2;200;192;139m▄[38;2;58;59;32;48;2;141;141;101m▄[38;2;39;41;7;48;2;40;42;7m▄[38;2;40;41;7;48;2;41;43;8m▄[38;2;42;44;11;48;2;39;41;10m▄[38;2;62;66;16;48;2;63;66;17m▄[48;2;62;66;18m▄[38;2;43;46;12;48;2;58;61;16m▄[38;2;60;65;17;48;2;47;48;12m▄[38;2;60;64;17;48;2;49;52;13m▄[38;2;60;65;17;48;2;40;43;14m▄[0m[38;2;55;58;23m▄[0m [38;2;11;11;11m [0m
[38;2;61;64;17;48;2;62;65;20m▄[38;2;38;40;8;48;2;40;42;9m▄[38;2;36;38;8;48;2;39;41;8m▄[38;2;132;130;96;48;2;112;113;76m▄[38;2;202;200;144;48;2;249;248;181m▄[38;2;252;251;187;48;2;207;204;146m▄[38;2;252;251;191;48;2;177;160;111m▄[38;2;193;192;146;48;2;150;118;70m▄[38;2;251;250;174;48;2;154;117;64m▄[38;2;252;251;174;48;2;155;116;63m▄[38;2;253;252;177;48;2;160;131;78m▄[38;2;252;251;178;48;2;171;155;102m▄[38;2;251;250;176;48;2;199;195;141m▄[38;2;238;236;171;48;2;246;245;183m▄[38;2;184;182;138;48;2;252;251;191m▄[38;2;214;213;168;48;2;224;222;171m▄[38;2;124;124;87;48;2;150;148;109m▄[38;2;47;48;9;48;2;33;34;7m▄[38;2;34;36;7;48;2;37;38;7m▄[38;2;41;43;11;48;2;38;39;7m▄[38;2;61;65;18;48;2;53;56;14m▄[38;2;61;66;18;48;2;64;69;17m▄[38;2;45;48;12;48;2;46;50;13m▄[38;2;61;65;17;48;2;58;63;16m▄[38;2;61;66;17;48;2;61;65;17m▄[38;2;62;66;18m▄[38;2;63;67;18;48;2;62;66;17m▄[48;2;63;68;18m [38;2;56;60;20;48;2;36;37;21m▄[0m [0m
[?25h