[?25l[0m [38;2;0;0;0m          [0m [38;2;35;13;0m▄[0m [38;2;8;3;0m    [0m   [38;2;11;4;0m         [0m
 [38;2;0;0;0m    [0m  [38;2;30;11;0m▄[38;2;23;8;0m▄[0m [38;2;11;4;0m [0m [38;2;25;9;0m▄[38;2;34;13;0;48;2;37;14;0m▄[0m   [38;2;28;10;0m▄[38;2;37;12;0;48;2;30;11;0m▄[0m[7m[38;2;35;13;0m▄[0m [38;2;0;0;0m  [0m  [38;2;9;4;0m     [0m
 [38;2;0;0;0m      [0m [38;2;33;11;0;48;2;39;14;0m▄[38;2;35;12;0m▄[38;2;40;13;0;48;2;22;8;0m▄[38;2;42;15;0;48;2;24;9;0m▄[38;2;40;14;0;48;2;40;14;0m▄[38;2;45;16;0;48;2;37;13;0m▄[38;2;38;13;0;48;2;39;13;0m▄[38;2;37;13;0;48;2;32;11;0m▄[38;2;39;14;0;48;2;29;10;0m▄[38;2;42;16;0;48;2;40;14;0m▄[38;2;40;14;0;48;2;37;13;0m▄[38;2;36;12;0;48;2;25;9;0m▄[0m[38;2;37;12;0m▄[38;2;32;11;0m▄[38;2;25;9;0;48;2;29;11;0m▄[0m[7m[38;2;25;9;0m▄[0m [38;2;0;0;0m     [0m
 [38;2;0;0;0m  [7m[38;2;29;10;0m▄[38;2;33;11;0m▄[0m[38;2;33;12;0m▄[38;2;41;14;0m▄[38;2;40;13;0m▄[38;2;41;14;0;48;2;38;14;0m▄[38;2;36;13;0;48;2;43;15;0m▄[38;2;37;13;0;48;2;38;14;0m▄[38;2;39;14;0;48;2;35;12;0m▄[38;2;33;11;0;48;2;42;15;0m▄[38;2;31;12;0;48;2;38;14;0m▄[38;2;30;11;1m▄[38;2;31;12;1;48;2;37;13;0m▄[38;2;30;11;0;48;2;38;13;0m▄[38;2;31;10;0;48;2;39;13;0m▄[38;2;35;12;0;48;2;38;13;0m▄[38;2;36;13;0;48;2;41;15;0m▄[0m[7m[38;2;36;12;0m▄[38;2;39;14;0m▄[0m[38;2;24;9;0m▄[0m  [38;2;0;0;0m     [0m
 [38;2;0;0;0m    [0m [38;2;38;13;0;48;2;29;10;0m▄[38;2;40;14;0;48;2;39;14;0m▄[38;2;42;15;0;48;2;45;16;0m▄[38;2;30;11;0;48;2;42;15;0m▄[38;2;35;15;0;48;2;39;13;0m▄[38;2;113;53;2;48;2;38;16;1m▄[38;2;128;61;3;48;2;78;36;3m▄[48;2;123;59;3m [38;2;127;62;4;48;2;125;61;5m▄[48;2;131;64;5m [38;2;126;60;2;48;2;110;52;3m▄[38;2;125;59;3;48;2;62;28;1m▄[38;2;71;32;1;48;2;32;11;0m▄[0m[7m[38;2;27;9;0m▄[0m[38;2;68;32;1;48;2;64;30;1m▄[38;2;126;61;4;48;2;91;44;3m▄[0m[38;2;115;55;4m▄[7m[38;2;18;7;0m▄[0m [38;2;0;0;0m     [0m
 [38;2;0;0;0m [0m  [7m[38;2;26;9;0m▄[38;2;33;11;0m▄[0m[38;2;41;13;0;48;2;40;14;0m▄[38;2;38;13;0;48;2;36;12;0m▄[38;2;40;15;0;48;2;38;13;0m▄[0m [38;2;113;54;2;48;2;94;45;1m▄[38;2;126;61;4;48;2;121;58;3m▄[38;2;133;65;3;48;2;127;61;3m▄[38;2;133;64;3;48;2;120;57;3m▄[38;2;128;62;3;48;2;126;60;3m▄[38;2;129;62;2;48;2;127;61;4m▄[38;2;131;63;3;48;2;125;60;3m▄[38;2;130;62;3;48;2;124;59;3m▄[38;2;130;65;4;48;2;126;60;3m▄[38;2;132;65;4;48;2;94;45;2m▄[38;2;131;64;4;48;2;114;54;2m▄[38;2;132;65;3;48;2;126;61;4m▄[38;2;128;62;2;48;2;127;62;3m▄[38;2;122;59;3;48;2;105;52;3m▄[0m[38;2;110;53;2m▄[0m [38;2;23;12;1m    [0m
 [38;2;0;0;0m    [0m [38;2;38;13;0;48;2;41;15;0m▄[38;2;35;13;0;48;2;40;15;0m▄[0m[7m[38;2;23;9;0m▄[38;2;23;8;0m▄[0m [38;2;133;65;4;48;2;128;64;5m▄[38;2;72;36;2;48;2;112;55;3m▄[0m[38;2;152;148;196m▄[38;2;157;151;208m▄[38;2;157;151;209m▄[38;2;160;155;209m▄[38;2;149;144;197m▄[38;2;76;46;27;48;2;111;55;4m▄[38;2;131;62;3;48;2;127;61;3m▄[38;2;123;58;3;48;2;123;59;3m▄[38;2;63;30;1;48;2;110;53;2m▄[0m[38;2;149;146;201m▄[38;2;158;153;208m▄[38;2;158;149;210m▄[38;2;161;155;207m▄[38;2;114;109;144m▄   [0m
 [38;2;0;0;0m    [0m [38;2;83;39;2m▄[38;2;55;25;1m▄[0m   [38;2;135;65;4m▄[38;2;70;33;2m▄[38;2;159;154;203;48;2;152;147;202m▄[38;2;162;156;210;48;2;164;157;213m▄[38;2;160;155;210;48;2;89;85;112m▄[38;2;160;155;212;48;2;90;88;115m▄[38;2;146;140;195;48;2;165;160;214m▄[0m [38;2;127;61;3m▄[38;2;125;59;2m▄[38;2;108;50;2m▄[38;2;81;72;88;48;2;153;149;206m▄[38;2;149;144;195;48;2;159;153;215m▄[38;2;151;145;199;48;2;94;90;122m▄[38;2;139;132;183;48;2;71;68;92m▄[38;2;126;121;160;48;2;143;135;181m▄[0m[38;2;126;121;160m   [0m
 [38;2;0;0;0m    [7m[38;2;71;34;2m▄[0m[38;2;100;47;2;48;2;40;17;1m▄[38;2;106;48;2;48;2;43;18;1m▄[38;2;133;65;4;48;2;126;63;5m▄[38;2;135;66;4;48;2;101;50;3m▄[38;2;133;65;4;48;2;100;48;2m▄[38;2;128;62;4;48;2;122;59;4m▄[38;2;133;66;4;48;2;99;48;4m▄[0m[38;2;126;62;4m▄[38;2;131;64;4m▄[38;2;130;63;3m▄[38;2;128;61;2m▄[0m [38;2;129;63;3;48;2;97;46;2m▄[38;2;130;63;3;48;2;132;63;2m▄[38;2;126;61;3;48;2;123;59;2m▄[38;2;130;63;4;48;2;124;59;3m▄[38;2;127;63;3;48;2;108;51;3m▄[38;2;118;58;3;48;2;63;48;46m▄[0m [38;2;78;37;2m▄[0m [38;2;0;0;0m   [0m
 [38;2;0;0;0m    [0m [7m[38;2;84;42;3m▄[38;2;77;37;2m▄[0m[38;2;125;60;4;48;2;118;58;4m▄[38;2;127;61;3;48;2;128;62;3m▄[48;2;132;64;4m [38;2;132;64;4;48;2;129;63;4m▄[38;2;133;64;3;48;2;132;65;4m▄[38;2;130;62;2;48;2;128;61;3m▄[38;2;127;61;3;48;2;128;63;4m▄[38;2;132;64;4;48;2;131;65;4m▄[38;2;127;61;3;48;2;126;61;3m▄[38;2;124;60;3;48;2;74;35;2m▄[38;2;122;58;3;48;2;53;25;1m▄[0m[38;2;124;59;3m▄[38;2;82;39;1;48;2;78;37;2m▄[38;2;75;35;2;48;2;101;50;3m▄[38;2;87;40;2;48;2;75;37;2m▄[0m[38;2;116;56;2m▄[38;2;126;61;3;48;2;66;33;1m▄[38;2;121;59;3;48;2;79;38;2m▄[0m [38;2;34;16;1m   [0m
 [38;2;0;0;0m   [0m    [38;2;121;58;3;48;2;129;62;4m▄[38;2;126;61;4;48;2;132;63;4m▄[38;2;126;61;3;48;2;131;63;4m▄[38;2;126;62;4;48;2;131;64;5m▄[38;2;130;65;5;48;2;133;65;4m▄[38;2;122;60;4;48;2;130;64;4m▄[0m[7m[38;2;121;59;4m▄[0m[38;2;87;44;3;48;2;132;65;5m▄[38;2;99;49;4;48;2;129;63;3m▄[38;2;104;51;3;48;2;127;62;4m▄[38;2;114;56;3;48;2;129;63;4m▄[38;2;128;63;3;48;2;131;64;3m▄[38;2;124;59;2;48;2;122;58;3m▄[38;2;126;61;3;48;2;128;61;4m▄[38;2;124;62;5;48;2;131;64;4m▄[38;2;121;59;4;48;2;126;61;3m▄[38;2;120;58;2m▄[38;2;96;48;2;48;2;131;64;3m▄[0m[7m[38;2;105;53;3m▄[0m[38;2;52;26;2m   [0m
  [38;2;28;29;0m▄[38;2;35;36;0m▄[38;2;43;44;0;48;2;23;23;0m▄[0m   [7m[38;2;92;43;1m▄[0m[38;2;126;62;4;48;2;128;61;3m▄[38;2;130;64;4;48;2;131;64;3m▄[38;2;127;62;4;48;2;128;62;4m▄[38;2;133;66;4;48;2;131;65;3m▄[38;2;126;61;3;48;2;116;57;3m▄[38;2;126;62;4;48;2;104;50;3m▄[38;2;124;61;4;48;2;76;36;3m▄[38;2;128;64;3;48;2;71;34;2m▄[38;2;125;62;4;48;2;67;32;2m▄[0m[38;2;126;62;3m▄[38;2;126;62;4m▄[38;2;122;61;4m▄[38;2;128;64;4m▄[38;2;101;50;2m▄[0m  [38;2;0;0;0m     [0m
  [7m[38;2;20;21;0m▄[0m[38;2;40;41;0;48;2;42;43;0m▄[38;2;46;49;0;48;2;47;48;0m▄[0m   [38;2;133;127;85;48;2;117;108;69m▄[38;2;159;148;96;48;2;95;53;14m▄[38;2;82;39;2;48;2;124;61;4m▄[38;2;132;64;3;48;2;125;60;3m▄[38;2;133;65;3;48;2;132;65;3m▄[38;2;124;59;2;48;2;124;60;3m▄[38;2;125;60;3;48;2;125;61;4m▄[48;2;126;61;4m▄[48;2;124;60;3m▄[38;2;122;59;3;48;2;127;62;4m▄[38;2;125;61;2;48;2;124;61;4m▄[38;2;128;63;3;48;2;82;41;2m▄[0m[38;2;120;58;2m▄[38;2;58;28;1m▄[0m  [38;2;31;32;0m▄[0m  [38;2;0;0;0m   [0m
[38;2;27;29;0m▄[0m [38;2;7;7;0m [0m [38;2;44;46;0;48;2;46;48;0m▄[38;2;39;42;0;48;2;29;31;0m▄[0m   [38;2;110;104;71;48;2;182;172;111m▄[38;2;201;189;120;48;2;164;153;97m▄[38;2;196;183;116;48;2;87;68;32m▄[38;2;163;152;96;48;2;79;38;2m▄[0m[7m[38;2;121;57;2m▄[38;2;120;57;4m▄[0m[38;2;96;46;3;48;2;126;60;3m▄[38;2;100;49;3;48;2;124;60;3m▄[38;2;106;51;2;48;2;123;59;3m▄[38;2;94;45;2;48;2;122;59;3m▄[0m[7m[38;2;119;57;3m▄[38;2;87;41;3m▄[0m   [38;2;38;39;0;48;2;42;44;0m▄[0m  [38;2;1;1;0m   [0m
[38;2;39;41;0;48;2;42;44;0m▄[38;2;41;44;0;48;2;32;33;0m▄[0m  [38;2;25;26;0;48;2;31;33;0m▄[48;2;42;44;0m [0m [38;2;11;11;0m▄[0m [38;2;117;110;69;48;2;132;124;80m▄[38;2;213;199;125;48;2;110;103;60m▄[38;2;140;129;75;48;2;143;134;83m▄[0m[7m[38;2;210;196;124m▄[0m[38;2;99;94;58;48;2;205;192;116m▄[38;2;176;164;96;48;2;192;179;110m▄[38;2;179;167;97;48;2;124;115;68m▄[38;2;180;170;103;48;2;124;116;70m▄[0m [38;2;174;162;96;48;2;122;112;67m▄[38;2;123;115;69;48;2;164;154;94m▄[0m[7m[38;2;169;158;97m▄[0m[38;2;202;190;117m▄[0m   [38;2;26;27;0;48;2;22;23;0m▄[0m[38;2;26;27;0m [0m  [38;2;1;1;0m [0m
[38;2;41;42;0;48;2;42;43;0m▄[38;2;43;45;0;48;2;42;44;0m▄[0m[38;2;31;33;0m▄[0m  [38;2;42;45;0;48;2;41;44;0m▄[38;2;42;44;0;48;2;36;38;0m▄[0m   [38;2;151;142;87;48;2;210;197;118m▄[38;2;213;198;118;48;2;211;196;117m▄[38;2;215;199;117;48;2;212;196;115m▄[38;2;210;196;118;48;2;156;145;87m▄[38;2;208;194;116;48;2;141;131;81m▄[38;2;211;197;117;48;2;137;127;77m▄[38;2;211;198;120;48;2;130;120;71m▄[48;2;131;122;74m▄[38;2;211;197;119;48;2;132;121;74m▄[38;2;211;196;115;48;2;170;159;98m▄[38;2;210;197;118;48;2;209;196;117m▄[38;2;214;201;122;48;2;211;197;117m▄[38;2;134;124;73;48;2;94;89;53m▄[0m[38;2;134;124;73m [0m [38;2;37;39;0;48;2;38;40;0m▄[0m [38;2;38;39;0;48;2;42;43;0m▄[0m[38;2;29;30;0m▄[0m [0m
[38;2;41;42;0;48;2;40;42;0m▄[38;2;43;45;0;48;2;41;43;0m▄[38;2;44;47;0;48;2;43;45;0m▄[0m [38;2;23;24;0m▄[38;2;39;43;0;48;2;37;40;0m▄[38;2;43;46;0;48;2;40;43;0m▄[38;2;42;45;0;48;2;32;33;0m▄[0m   [38;2;162;151;87;48;2;204;191;114m▄[38;2;212;197;115;48;2;213;198;118m▄[38;2;208;194;116;48;2;206;192;112m▄[38;2;209;195;117;48;2;206;192;115m▄[38;2;208;194;113;48;2;208;195;116m▄[38;2;134;125;72;48;2;191;179;106m▄[38;2;176;163;88;48;2;111;102;59m▄[38;2;101;94;52;48;2;144;134;76m▄[38;2;210;196;116;48;2;210;197;117m▄[38;2;209;196;121;48;2;206;192;113m▄[38;2;209;196;118;48;2;210;197;119m▄[38;2;130;122;70;48;2;134;126;78m▄[0m  [38;2;38;40;0;48;2;40;42;0m▄[38;2;30;31;0;48;2;24;25;0m▄[38;2;22;23;0m▄[38;2;44;46;0;48;2;44;47;0m▄[0m [0m
[7m[38;2;40;42;0m▄[38;2;43;45;0m▄[38;2;41;44;0m▄[0m [7m[38;2;36;38;0m▄[38;2;41;44;0m▄▄[38;2;41;43;0m▄[38;2;33;35;0m▄[0m   [7m[38;2;212;197;114m▄[38;2;208;195;116m▄[38;2;206;193;113m▄[38;2;209;196;117m▄[38;2;195;184;106m▄[38;2;124;116;65m▄[38;2;157;146;84m▄[38;2;210;197;118m▄[38;2;205;193;114m▄[38;2;206;193;115m▄[38;2;135;127;75m▄[0m  [7m[38;2;43;45;0m▄[38;2;32;33;0m▄[38;2;20;21;0m▄[38;2;41;44;0m▄[38;2;21;22;0m▄[0m
 [38;2;0;0;0m        [0m            [38;2;5;6;0m         [0m
[?25h