[?25l[0m [38;2;0;0;0m                    [0m [38;2;4;4;4m              [0m
 [38;2;0;0;0m             [38;2;34;26;14;48;2;31;23;14m▄[38;2;56;37;12;48;2;34;26;16m▄[0m[38;2;54;38;16m▄[38;2;37;29;17m▄[0m [38;2;34;25;14m▄[38;2;57;38;12m▄[38;2;45;33;18;48;2;55;38;16m▄[0m [38;2;48;35;18m▄[38;2;57;39;14m▄[38;2;53;39;20m▄[0m [38;2;15;12;9m         [0m
 [38;2;0;0;0m         [0m   [38;2;28;20;10m▄[38;2;45;31;14m▄[38;2;58;39;13;48;2;39;30;19m▄[38;2;60;40;13;48;2;59;39;13m▄▄[38;2;59;39;13;48;2;50;36;17m▄[48;2;58;39;12m▄ [38;2;56;37;12;48;2;53;35;11m▄[38;2;58;38;13;48;2;58;38;12m▄[38;2;58;39;13;48;2;58;39;12m▄[38;2;52;37;16;48;2;42;31;14m▄[0m[38;2;41;30;14m▄[0m  [38;2;1;1;1m        [0m
 [38;2;0;0;0m         [0m [7m[38;2;57;38;11m▄[38;2;57;38;12m▄[0m[38;2;56;38;13;48;2;59;39;12m▄[38;2;60;40;13;48;2;59;39;13m▄[48;2;60;40;13m [38;2;65;43;14m▄[38;2;100;65;26m▄[38;2;164;108;47;48;2;72;47;16m▄[38;2;165;109;48;48;2;88;57;22m▄[38;2;90;59;22;48;2;58;38;12m▄[38;2;57;38;12;48;2;78;51;19m▄[38;2;164;108;47;48;2;114;75;31m▄[38;2;165;108;47;48;2;74;48;18m▄[38;2;102;67;26;48;2;58;39;12m▄[38;2;38;29;16;48;2;55;37;12m▄[0m[7m[38;2;56;40;17m▄[0m [38;2;1;1;1m        [0m
 [38;2;0;0;0m        [0m [38;2;47;33;16m▄[38;2;59;39;13m▄[38;2;60;40;13;48;2;45;32;15m▄[38;2;61;40;13;48;2;59;39;13m▄[38;2;60;39;13;48;2;60;40;13m▄[38;2;70;46;16;48;2;59;39;13m▄[38;2;164;107;46;48;2;127;83;34m▄[38;2;165;109;48;48;2;165;108;47m▄[38;2;162;108;47;48;2;166;109;48m▄[38;2;116;77;31;48;2;166;110;48m▄[38;2;78;51;18;48;2;162;106;46m▄[38;2;149;98;41;48;2;109;71;28m▄[38;2;165;108;47;48;2;163;107;46m▄[38;2;165;109;47;48;2;165;109;48m▄[38;2;110;73;30;48;2;163;107;46m▄[38;2;58;39;16;48;2;58;40;20m▄[0m [38;2;11;9;7m         [0m
 [38;2;0;0;0m        [7m[38;2;40;30;16m▄[38;2;48;35;17m▄[38;2;38;28;15m▄[0m[38;2;58;39;13;48;2;57;39;15m▄[48;2;61;40;13m [48;2;60;40;13m [38;2;59;39;13;48;2;70;46;16m▄[38;2;158;104;45;48;2;166;109;48m▄[38;2;165;109;47;48;2;165;109;48m▄[38;2;182;150;117;48;2;143;94;39m▄[38;2;217;207;197;48;2;137;89;37m▄[38;2;229;227;225;48;2;158;104;44m▄[38;2;234;232;232;48;2;166;109;47m▄[38;2;188;163;136m▄[38;2;159;105;47m▄[38;2;204;194;183m▄[38;2;240;240;240;48;2;158;103;44m▄[38;2;245;244;245;48;2;93;63;30m▄[0m[38;2;198;198;198m▄[0m [38;2;0;0;0m       [0m
 [38;2;0;0;0m         [0m [7m[38;2;55;38;15m▄[38;2;46;33;16m▄[0m[38;2;123;81;34;48;2;59;39;12m▄[38;2;149;101;51;48;2;58;39;13m▄[38;2;109;81;55;48;2;68;52;37m▄[38;2;147;97;43;48;2;131;102;82m▄[38;2;167;110;49;48;2;145;111;89m▄[38;2;183;151;118;48;2;195;185;179m▄[38;2;216;208;200;48;2;231;231;231m▄[38;2;215;206;195;48;2;204;204;204m▄[38;2;216;202;188;48;2;253;253;253m▄[38;2;183;151;116;48;2;203;194;190m▄[38;2;165;109;47;48;2;153;117;92m▄[38;2;164;115;60;48;2;217;213;209m▄[38;2;182;158;131;48;2;189;189;189m▄[38;2;180;159;135;48;2;253;253;253m▄[0m[7m[38;2;223;223;223m▄[0m [38;2;0;0;0m       [0m
 [38;2;0;0;0m           [0m [38;2;136;90;41;48;2;151;99;42m▄[38;2;166;109;47m▄[38;2;166;110;48;48;2;165;109;48m▄[38;2;167;111;49;48;2;166;110;48m▄[38;2;167;111;50;48;2;166;110;49m▄[48;2;167;110;49m [38;2;167;111;49;48;2;166;109;48m▄[38;2;166;110;48m▄[38;2;165;109;48;48;2;161;107;47m▄[38;2;153;101;44;48;2;160;105;46m▄[38;2;148;97;42;48;2;166;110;48m▄[38;2;155;102;43;48;2;165;109;47m▄[38;2;151;99;43m▄[38;2;95;64;32;48;2;131;87;40m▄[0m[38;2;95;64;32m         [0m
 [38;2;0;0;0m            [0m [38;2;148;99;45;48;2;146;96;42m▄[38;2;166;110;48;48;2;164;108;47m▄[38;2;167;110;49;48;2;167;110;48m▄[38;2;167;111;49;48;2;167;110;49m▄[38;2;150;100;44;48;2;164;109;49m▄[38;2;155;102;45;48;2;167;110;50m▄[38;2;164;109;49;48;2;167;110;49m▄[48;2;166;110;49m [48;2;166;109;48m [38;2;167;110;49m▄[48;2;166;110;48m▄[38;2;166;110;49;48;2;165;108;47m▄[38;2;165;109;48;48;2;157;104;46m▄[0m[38;2;100;68;34m▄        [0m
 [38;2;0;0;0m           [0m [38;2;95;101;69;48;2;39;42;29m▄[38;2;163;121;70;48;2;145;98;45m▄[38;2;166;110;48;48;2;166;109;48m▄[38;2;166;110;49;48;2;167;110;49m▄▄[38;2;167;111;50m▄[38;2;167;111;49m▄[38;2;166;110;49;48;2;157;104;46m▄[48;2;153;101;44m▄▄[48;2;150;100;43m▄[38;2;156;104;47;48;2;150;99;42m▄[0m[7m[38;2;114;76;35m▄[0m  [38;2;0;0;0m        [0m
 [38;2;0;0;0m       [0m [38;2;44;49;28m▄[38;2;57;65;32m▄[38;2;53;61;29;48;2;43;48;28m▄[38;2;54;62;29;48;2;51;58;27m▄[38;2;57;65;31;48;2;68;74;44m▄[38;2;206;204;169;48;2;220;209;172m▄[38;2;221;209;169;48;2;163;111;54m▄[38;2;166;118;63;48;2;166;110;48m▄[38;2;166;110;49;48;2;167;110;49m▄[48;2;167;111;50m [38;2;167;111;49m▄[38;2;166;110;49;48;2;167;110;49m▄[48;2;167;111;49m▄[48;2;166;110;49m [38;2;163;113;56;48;2;166;110;48m▄[38;2;81;86;55;48;2;77;63;31m▄[0m[38;2;50;58;27m▄[38;2;47;52;30m▄[0m [38;2;15;16;12m        [0m
 [38;2;0;0;0m     [38;2;32;36;21m▄[38;2;57;65;31;48;2;35;38;23m▄[48;2;53;60;29m▄[38;2;51;59;27;48;2;57;65;31m▄[38;2;57;65;31;48;2;58;66;32m▄[38;2;52;59;28;48;2;51;59;28m▄[38;2;56;65;31;48;2;57;65;31m▄[38;2;57;65;31;48;2;57;66;31m▄[38;2;64;71;41;48;2;127;130;99m▄[38;2;183;181;154;48;2;251;247;208m▄[38;2;251;247;208;48;2;239;233;195m▄[38;2;251;248;208;48;2;189;161;116m▄[38;2;239;235;197;48;2;163;112;55m▄[38;2;210;193;152;48;2;167;110;49m▄[38;2;154;130;88;48;2;166;109;48m▄[38;2;111;94;56;48;2;166;110;49m▄[38;2;231;226;190;48;2;165;114;57m▄[38;2;252;248;208;48;2;216;203;162m▄[38;2;108;110;86;48;2;114;118;86m▄[38;2;57;64;31;48;2;57;65;31m▄[38;2;50;58;26;48;2;52;59;27m▄[38;2;57;65;31;48;2;56;64;31m▄[38;2;56;65;31;48;2;33;37;22m▄[0m[38;2;29;32;19m▄      [0m
 [38;2;0;0;0m    [38;2;33;36;20m▄[38;2;57;65;31;48;2;56;64;31m▄[48;2;57;66;31m▄[48;2;58;66;31m [38;2;58;66;32;48;2;56;64;30m▄[38;2;51;59;27;48;2;52;59;28m▄[38;2;55;63;30;48;2;51;59;28m▄[38;2;52;59;27;48;2;56;64;30m▄[48;2;57;65;31m▄[38;2;54;61;29;48;2;56;64;31m▄[0m[38;2;57;62;37m▄[7m[38;2;168;166;141m▄[0m[38;2;120;119;101;48;2;251;247;208m▄[38;2;243;240;202m▄[38;2;157;155;132;48;2;245;242;204m▄[38;2;61;65;45;48;2;90;96;68m▄[38;2;63;70;41;48;2;63;71;41m▄[38;2;48;50;37;48;2;142;143;115m▄[38;2;139;138;119;48;2;245;241;203m▄[0m [38;2;53;60;29;48;2;52;60;27m▄[38;2;55;63;30;48;2;54;61;29m▄[38;2;51;58;27;48;2;57;65;31m▄[48;2;55;62;29m▄[38;2;56;64;30;48;2;53;61;30m▄[0m [38;2;25;27;16m     [0m
 [38;2;0;0;0m   [0m [38;2;57;65;31;48;2;50;56;30m▄[38;2;59;67;32;48;2;58;66;31m▄▄[48;2;58;66;32m [38;2;57;66;31;48;2;58;66;31m▄[38;2;54;62;30;48;2;51;59;27m▄[48;2;57;65;31m▄[38;2;52;59;28;48;2;54;62;29m▄[38;2;57;65;31;48;2;53;60;27m▄[48;2;56;64;30m▄[38;2;56;65;31m▄[0m[38;2;40;44;27m▄ [0m   [38;2;61;69;40;48;2;59;66;38m▄[0m[38;2;42;45;31m▄[0m  [38;2;49;54;29;48;2;53;59;31m▄[48;2;57;65;31m [38;2;52;59;27;48;2;51;58;27m▄[38;2;53;61;29m▄[38;2;54;61;29;48;2;57;65;31m▄[38;2;55;62;30;48;2;43;48;26m▄[0m [38;2;5;5;4m    [0m
 [38;2;0;0;0m   [38;2;32;35;21m▄[38;2;59;67;32;48;2;58;66;32m▄[38;2;59;67;33;48;2;59;67;32m▄[38;2;58;67;32m▄[48;2;58;66;32m▄[38;2;58;66;32;48;2;57;65;31m▄ [38;2;51;59;28;48;2;52;59;28m▄[38;2;58;66;32;48;2;56;64;31m▄[38;2;52;59;27;48;2;53;60;28m▄[38;2;56;65;31;48;2;57;65;31m▄[38;2;57;65;31;48;2;58;66;31m▄[48;2;56;63;34m▄[0m [38;2;30;31;23m  [0m [38;2;63;70;41;48;2;62;69;40m▄[38;2;62;69;40;48;2;58;64;40m▄[0m [38;2;20;20;16m [38;2;39;44;23;48;2;44;49;26m▄[48;2;57;65;31m [38;2;51;58;27;48;2;51;59;27m▄[38;2;56;65;31;48;2;57;65;31m▄[38;2;50;58;27;48;2;51;58;27m▄[48;2;56;64;31m [0m[38;2;27;30;17m▄    [0m
 [38;2;0;0;0m   [7m[38;2;40;44;25m▄[0m[38;2;42;46;27;48;2;59;67;33m▄[38;2;60;67;35;48;2;60;68;33m▄[48;2;59;67;32m [48;2;58;66;32m  [38;2;57;66;31;48;2;57;66;32m▄[38;2;51;58;27;48;2;52;59;28m▄[48;2;58;66;32m [38;2;58;66;32;48;2;57;65;31m▄[38;2;54;62;29;48;2;52;59;27m▄[38;2;54;61;29;48;2;57;65;31m▄ [38;2;55;61;32;48;2;50;54;34m▄[0m [38;2;4;4;3m [38;2;36;39;26;48;2;35;38;26m▄[48;2;63;71;41m [48;2;63;70;41m [38;2;52;56;37;48;2;44;46;33m▄[0m[38;2;52;56;37m [38;2;43;47;28;48;2;39;44;24m▄[38;2;52;59;28;48;2;55;63;30m▄[38;2;58;66;32;48;2;52;60;28m▄[48;2;56;65;31m▄[38;2;52;59;27;48;2;53;60;28m▄[38;2;55;63;33;48;2;57;65;31m▄[0m[7m[38;2;36;41;22m▄[0m[38;2;23;25;15m    [0m
 [38;2;0;0;0m     [0m  [7m[38;2;43;47;27m▄[38;2;58;65;36m▄[38;2;59;67;32m▄[38;2;53;60;28m▄[0m[38;2;37;41;24;48;2;59;67;32m▄[38;2;45;50;28m▄[38;2;52;58;31;48;2;58;66;32m▄[38;2;56;63;33;48;2;53;61;28m▄[38;2;55;61;33;48;2;56;64;31m▄[38;2;61;68;36;48;2;57;65;31m▄[0m  [38;2;50;52;39;48;2;37;39;27m▄[38;2;65;71;44;48;2;64;71;41m▄[38;2;60;66;40;48;2;63;71;41m▄[38;2;52;57;36;48;2;61;66;42m▄[0m [7m[38;2;41;45;25m▄[38;2;52;59;28m▄[38;2;59;67;35m▄[38;2;49;55;31m▄[0m  [38;2;0;0;0m     [0m
 [38;2;0;0;0m               [0m     [38;2;0;0;0m               [0m
[?25h