[?25l[0m [38;2;0;0;0m        [38;2;33;25;19m▄[38;2;44;26;12m▄[0m [38;2;21;21;22m    [0m  [38;2;21;21;21m            [0m
 [38;2;0;0;0m  [0m [38;2;38;35;32m▄[0m  [38;2;1;1;1m  [38;2;33;28;23;48;2;30;25;20m▄[38;2;53;28;7;48;2;44;23;6m▄[38;2;53;36;21;48;2;41;35;29m▄[0m [38;2;10;10;10m [0m [38;2;51;36;23m▄[38;2;51;28;7;48;2;43;31;21m▄[38;2;43;36;31;48;2;51;28;12m▄[0m [38;2;1;1;1m           [0m
 [38;2;0;0;0m  [0m [38;2;42;32;25;48;2;49;27;9m▄[38;2;49;25;6;48;2;51;35;22m▄[38;2;45;24;7;48;2;46;41;39m▄[0m[38;2;40;32;26m▄[38;2;49;43;37m▄[38;2;46;29;14;48;2;43;35;27m▄[48;2;52;28;8m [38;2;50;27;8;48;2;49;27;8m▄[38;2;50;27;7;48;2;39;34;30m▄[48;2;46;42;38m▄[38;2;51;27;7;48;2;49;32;17m▄[48;2;53;29;8m▄[38;2;45;24;6;48;2;47;26;8m▄[0m[38;2;47;31;20m▄[38;2;39;35;33m▄[0m [38;2;57;50;44m▄[38;2;55;39;26m▄[38;2;52;31;13m▄[38;2;35;20;7m▄[0m [38;2;24;25;25m     [0m
    [38;2;39;34;31m▄[38;2;47;26;9;48;2;44;24;8m▄[38;2;53;28;8;48;2;55;30;8m▄[48;2;52;28;8m▄[38;2;52;28;7;48;2;51;27;8m▄[38;2;52;27;7m▄[48;2;51;27;7m▄ [48;2;50;27;7m [48;2;51;27;7m   [38;2;51;27;7;48;2;50;27;7m▄▄[38;2;52;27;8;48;2;52;28;8m▄[38;2;53;28;8;48;2;50;27;8m▄[38;2;54;29;8;48;2;52;28;9m▄[38;2;50;36;24;48;2;51;28;9m▄[0m[7m[38;2;48;28;13m▄[38;2;33;31;29m▄[0m [38;2;0;0;0m     [0m
[38;2;50;40;32;48;2;36;21;11m▄[38;2;42;24;9;48;2;48;26;9m▄[38;2;49;26;6;48;2;46;24;7m▄[38;2;52;27;7;48;2;38;20;8m▄[38;2;53;28;7;48;2;48;26;8m▄[38;2;53;28;8;48;2;54;29;8m▄[48;2;53;28;8m  [38;2;53;27;7;48;2;53;28;7m▄[38;2;51;26;6;48;2;52;27;7m▄[38;2;45;23;6;48;2;51;27;7m▄[38;2;47;25;7m▄[38;2;52;28;7;48;2;52;27;7m▄[38;2;49;27;8;48;2;51;27;7m▄[38;2;42;22;6;48;2;50;26;7m▄[38;2;49;26;7;48;2;51;27;7m▄[38;2;51;27;7;48;2;52;27;7m▄ [38;2;48;25;7;48;2;52;27;8m▄[48;2;51;27;7m [38;2;53;28;7;48;2;53;29;8m▄[38;2;48;26;7;48;2;47;29;15m▄[38;2;51;28;9;48;2;35;32;30m▄[0m[38;2;53;32;13m▄[38;2;40;33;29m▄[0m [38;2;4;4;4m    [0m
 [38;2;42;41;40m▄[38;2;52;28;8;48;2;41;22;8m▄[38;2;54;29;8;48;2;54;29;7m▄[48;2;54;28;8m [38;2;53;27;8;48;2;53;28;8m▄[38;2;52;28;7m▄[38;2;43;24;7;48;2;53;28;7m▄[38;2;142;94;37;48;2;40;20;5m▄[38;2;158;105;43;48;2;88;57;21m▄[48;2;119;79;31m▄[38;2;160;107;43;48;2;144;97;38m▄[38;2;158;106;44;48;2;156;104;42m▄[38;2;156;104;44;48;2;152;102;43m▄[38;2;156;105;43;48;2;87;57;23m▄[38;2;81;52;18;48;2;46;25;7m▄[38;2;59;32;8;48;2;53;28;8m▄[38;2;53;29;8;48;2;47;25;7m▄[38;2;158;106;41;48;2;86;56;19m▄[38;2;165;110;43;48;2;92;59;21m▄[38;2;135;90;35;48;2;55;30;8m▄[38;2;44;25;7;48;2;54;29;6m▄[38;2;35;30;26;48;2;53;34;18m▄[0m[7m[38;2;43;25;9m▄[38;2;45;24;7m▄[38;2;28;24;22m▄[0m[38;2;11;11;11m    [0m
[38;2;52;28;8;48;2;46;33;23m▄[38;2;54;29;8;48;2;50;28;9m▄[38;2;52;27;7;48;2;54;28;7m▄[38;2;53;28;7;48;2;53;29;7m▄[48;2;54;29;7m [38;2;54;29;7;48;2;53;28;8m▄[38;2;61;38;13;48;2;47;25;6m▄[38;2;154;104;43;48;2;124;82;31m▄[38;2;158;106;43;48;2;157;106;43m▄[48;2;157;105;42m▄[38;2;159;107;43;48;2;159;106;43m▄▄[38;2;159;107;44;48;2;158;106;43m▄[38;2;160;108;44m▄[38;2;161;109;44;48;2;162;109;43m▄[38;2;160;109;44;48;2;137;92;35m▄[38;2;88;58;22;48;2;58;33;8m▄[38;2;48;29;8;48;2;49;28;6m▄[38;2;153;103;42;48;2;156;104;40m▄[38;2;158;107;43;48;2;159;107;43m▄[38;2;161;108;43;48;2;155;104;42m▄[38;2;165;112;42;48;2;116;77;30m▄[38;2;61;49;35;48;2;46;36;31m▄[0m [38;2;3;3;3m      [0m
 [38;2;37;30;24;48;2;46;33;23m▄[38;2;53;28;7;48;2;53;28;8m▄[38;2;52;28;7;48;2;54;29;7m▄[38;2;52;28;8;48;2;53;28;7m▄[38;2;54;29;8;48;2;54;29;7m▄[38;2;59;35;11;48;2;71;44;16m▄[38;2;165;111;44;48;2;158;106;43m▄[38;2;161;108;43;48;2;159;106;43m▄[38;2;158;106;43m▄[38;2;157;105;42;48;2;158;106;43m▄[38;2;159;108;43;48;2;159;107;43m▄[38;2;163;110;44;48;2;161;108;44m▄[38;2;163;111;45;48;2;162;110;44m▄[38;2;159;107;44m▄[38;2;158;106;45;48;2;158;107;45m▄[38;2;159;107;44;48;2;155;105;44m▄[38;2;159;107;42;48;2;153;103;41m▄[38;2;160;108;41;48;2;158;107;42m▄[38;2;160;108;42;48;2;161;109;43m▄[38;2;162;109;43;48;2;161;108;42m▄[38;2;159;106;43;48;2;159;107;42m▄[38;2;155;104;40;48;2;142;96;37m▄[38;2;152;102;39;48;2;81;63;40m▄[0m [38;2;21;19;19m     [0m
[38;2;46;33;21m▄[38;2;57;31;8;48;2;45;29;15m▄[38;2;49;26;7;48;2;55;30;8m▄[38;2;55;29;7;48;2;53;28;7m▄[38;2;49;27;7;48;2;46;24;6m▄[38;2;52;29;8;48;2;51;28;8m▄[38;2;41;23;5;48;2;56;34;11m▄[38;2;128;85;36;48;2;162;109;44m▄[38;2;160;109;46;48;2;159;108;45m▄[38;2;143;100;43;48;2;150;102;42m▄[38;2;169;170;209;48;2;120;109;112m▄[38;2;192;196;249;48;2;145;140;157m▄[38;2;186;189;244;48;2;141;139;159m▄[38;2;178;181;238;48;2;135;133;159m▄[38;2;180;184;240;48;2;128;127;154m▄[38;2;194;197;248;48;2;139;134;154m▄[38;2;153;150;174;48;2;129;110;97m▄[38;2;159;106;39;48;2;166;110;43m▄[38;2;128;86;32;48;2;158;106;42m▄[38;2;138;94;36;48;2;158;108;42m▄[38;2;138;134;161;48;2;127;108;95m▄[38;2;189;192;247;48;2;141;135;151m▄[38;2;191;193;237;48;2;135;132;154m▄[38;2;187;190;236;48;2;134;134;157m▄[38;2;186;189;247;48;2;154;156;182m▄[38;2;176;179;229;48;2;135;138;156m▄[0m [38;2;43;42;44m   [0m
[7m[38;2;44;25;12m▄[38;2;46;38;30m▄[0m[38;2;122;85;40;48;2;40;23;10m▄[38;2;146;98;36;48;2;42;24;7m▄[38;2;109;72;25;48;2;70;45;14m▄[38;2;107;70;26;48;2;49;29;9m▄[38;2;89;58;20;48;2;46;27;7m▄[38;2;163;110;44;48;2;128;86;33m▄[38;2;160;108;44;48;2;130;88;35m▄[38;2;142;97;40;48;2;118;80;33m▄[38;2;158;160;206;48;2;169;170;211m▄[38;2;188;190;247;48;2;190;193;248m▄[38;2;192;194;248;48;2;140;144;184m▄[38;2;197;198;249;48;2;146;148;187m▄[38;2;196;198;248;48;2;131;133;162m▄[38;2;191;195;248;48;2;197;200;242m▄[38;2;148;142;168;48;2;152;150;176m▄[38;2;164;109;45;48;2;143;96;40m▄[38;2;157;105;43;48;2;160;107;43m▄[38;2;157;105;42;48;2;143;96;39m▄[38;2;153;104;42;48;2;126;116;124m▄[38;2;140;127;133;48;2;192;195;233m▄[38;2;188;191;246;48;2;137;141;171m▄[38;2;186;190;249;48;2;154;158;194m▄[38;2;193;196;249;48;2;153;157;206m▄[38;2;181;185;223;48;2;172;176;229m▄[0m [38;2;18;17;18m   [0m
 [7m[38;2;45;40;35m▄[0m[38;2;143;95;35;48;2;126;83;31m▄[38;2;105;69;24;48;2;83;53;18m▄[38;2;164;110;43;48;2;126;83;29m▄[38;2;160;107;42;48;2;152;101;40m▄[38;2;157;106;43;48;2;156;104;42m▄[38;2;158;106;43;48;2;160;108;43m▄[38;2;158;107;43;48;2;159;108;44m▄[38;2;158;107;44;48;2;152;104;43m▄[38;2;159;108;45;48;2;118;93;71m▄[38;2;160;109;45;48;2;127;108;95m▄[38;2;160;108;45;48;2;132;112;98m▄[38;2;160;107;44;48;2;133;112;97m▄[38;2;159;106;44;48;2;128;108;95m▄[38;2;159;107;45;48;2;126;106;96m▄[38;2;160;108;46;48;2;121;89;59m▄[38;2;160;107;44;48;2;158;105;43m▄[38;2;158;106;42;48;2;159;106;42m▄[38;2;157;104;41;48;2;158;106;41m▄[38;2;155;103;41;48;2;156;104;41m▄[38;2;154;102;41;48;2;147;98;39m▄[38;2;155;104;40;48;2;96;73;55m▄[38;2;118;79;29;48;2;104;80;61m▄[0m[7m[38;2;62;61;68m▄[0m  [38;2;0;0;0m   [0m
  [7m[38;2;84;60;31m▄[0m[38;2;83;58;24;48;2;140;95;37m▄[38;2;130;86;34;48;2;144;97;39m▄[38;2;159;107;43;48;2;160;108;43m▄[38;2;159;107;44;48;2;159;107;43m▄[48;2;158;106;43m▄[38;2;160;108;44;48;2;159;108;44m▄[48;2;160;108;45m   [38;2;160;107;44;48;2;159;107;44m▄[38;2;159;107;44;48;2;158;106;44m▄[48;2;159;107;44m [38;2;159;107;43;48;2;162;109;45m▄[38;2;162;109;43;48;2;142;96;38m▄[38;2;148;98;37;48;2;142;96;36m▄[38;2;152;101;40;48;2;116;77;28m▄[38;2;134;89;35;48;2;128;84;32m▄[38;2;123;82;28;48;2;154;102;39m▄[38;2;151;101;38;48;2;133;89;33m▄[38;2;165;110;44;48;2;123;82;29m▄[38;2;162;108;43;48;2;116;78;29m▄[0m[38;2;105;77;42m▄[0m [38;2;7;7;7m    [0m
 [38;2;39;38;26m▄[38;2;28;28;3;48;2;37;37;9m▄[38;2;107;71;26;48;2;116;80;28m▄[38;2;156;105;42;48;2;160;107;43m▄[38;2;159;107;43;48;2;159;106;43m▄[48;2;160;107;44m▄[48;2;159;107;44m [48;2;160;108;44m [38;2;160;108;44;48;2;160;108;45m▄▄ [38;2;161;109;45;48;2;161;108;44m▄[38;2;161;108;43;48;2;160;107;44m▄[38;2;159;106;43;48;2;159;107;43m▄[38;2;158;106;42;48;2;157;105;43m▄▄[48;2;159;106;42m [48;2;161;107;42m [38;2;161;108;42;48;2;162;108;43m▄[38;2;159;107;42;48;2;161;108;42m▄[38;2;158;106;42;48;2;159;107;43m▄[38;2;159;107;44;48;2;158;107;44m▄[38;2;160;108;44;48;2;161;108;43m▄[38;2;163;109;43;48;2;164;110;44m▄[38;2;155;105;40;48;2;88;66;37m▄[0m [38;2;29;26;24m   [0m
[38;2;48;49;11;48;2;35;35;30m▄[38;2;33;32;3;48;2;39;38;7m▄[38;2;43;41;4;48;2;41;39;4m▄[38;2;124;118;96;48;2;76;53;22m▄[38;2;143;96;38;48;2;155;104;42m▄[38;2;158;106;42;48;2;157;106;42m▄[38;2;158;107;43;48;2;159;107;43m▄[48;2;159;107;44m [38;2;160;108;44;48;2;159;108;44m▄[38;2;160;109;45m▄[48;2;160;108;45m▄[48;2;160;108;44m▄[38;2;156;105;43;48;2;135;91;36m▄[38;2;155;104;43;48;2;121;80;30m▄[38;2;130;87;34;48;2;155;103;40m▄[38;2;127;85;32;48;2;164;109;42m▄[38;2;130;87;34;48;2;159;106;40m▄[38;2;139;95;39;48;2;147;97;36m▄[38;2;126;85;34;48;2;146;96;37m▄[38;2;117;78;29;48;2;156;103;40m▄[38;2;120;80;28;48;2;158;105;40m▄[38;2;120;80;31;48;2;165;110;41m▄[38;2;131;88;33;48;2;150;100;38m▄[38;2;62;52;39;48;2;135;90;34m▄[0m[7m[38;2;124;85;36m▄[38;2;85;67;43m▄[0m [38;2;0;0;0m   [0m
[38;2;58;57;11;48;2;54;53;11m▄[38;2;37;36;3;48;2;32;31;3m▄[38;2;38;38;4;48;2;37;36;4m▄[38;2;107;107;76;48;2;147;147;116m▄[38;2;246;244;207;48;2;155;141;106m▄[38;2;151;136;97;48;2;154;104;42m▄[38;2;146;98;41;48;2;158;107;43m▄[48;2;159;107;44m [38;2;160;109;45;48;2;160;108;45m▄[48;2;161;109;45m  [38;2;160;108;44m▄[48;2;160;108;45m  [38;2;159;108;44;48;2;160;108;44m▄[48;2;160;107;44m▄[48;2;159;107;44m [38;2;160;108;44;48;2;159;107;43m▄[38;2;161;108;44;48;2;160;107;43m▄[38;2;160;107;43;48;2;162;107;42m▄[38;2;153;103;39;48;2;158;106;41m▄[38;2;33;28;5;48;2;133;89;34m▄[38;2;43;42;7;48;2;69;49;16m▄[38;2;42;43;7;48;2;33;33;23m▄[0m [38;2;37;37;35m     [0m
[38;2;67;65;12;48;2;59;58;11m▄[38;2;34;33;3;48;2;36;35;3m▄[38;2;41;41;4;48;2;43;43;4m▄[38;2;34;33;5;48;2;64;65;33m▄[38;2;152;147;116;48;2;243;240;188m▄[38;2;246;241;180;48;2;249;245;183m▄[38;2;252;248;191;48;2;172;164;121m▄[38;2;228;226;179;48;2;128;91;43m▄[38;2;152;137;97;48;2;163;110;47m▄[38;2;127;89;40;48;2;161;108;45m▄[38;2;158;107;44;48;2;160;108;44m▄[38;2;161;109;45m▄ [38;2;158;107;43;48;2;159;107;44m▄[48;2;159;108;44m▄[48;2;160;108;44m [38;2;161;109;44m▄[38;2;163;110;44;48;2;161;107;44m▄[38;2;147;100;40;48;2;160;107;44m▄[38;2;138;120;81;48;2;152;102;42m▄[38;2;70;69;48;48;2;70;49;19m▄[38;2;37;36;3;48;2;43;42;5m▄[38;2;44;43;6;48;2;57;56;9m▄[38;2;47;47;7;48;2;43;42;5m▄[38;2;37;37;4;48;2;34;33;12m▄[0m[38;2;56;56;16m▄[0m [38;2;20;20;18m   [0m
[38;2;69;68;13;48;2;71;70;13m▄[38;2;40;40;6;48;2;32;31;3m▄[38;2;40;39;4;48;2;37;36;4m▄[38;2;36;35;4;48;2;32;31;4m▄[38;2;95;94;66;48;2;159;157;124m▄[38;2;251;247;200;48;2;182;178;142m▄[38;2;207;204;169;48;2;228;225;180m▄[38;2;185;182;147;48;2;252;249;202m▄[38;2;235;230;181;48;2;251;247;191m▄[38;2;251;247;193;48;2;236;232;178m▄[38;2;252;248;194;48;2;178;170;129m▄[38;2;252;247;187;48;2;153;133;88m▄[38;2;249;245;187;48;2;135;104;55m▄[38;2;247;244;196;48;2;129;94;45m▄[38;2;244;241;193;48;2;124;89;42m▄[38;2;184;183;147;48;2;124;88;41m▄[38;2;250;247;194;48;2;132;104;59m▄[38;2;251;247;185;48;2;155;141;97m▄[38;2;229;225;175;48;2;206;202;158m▄[38;2;150;149;122;48;2;215;214;178m▄[38;2;186;185;150;48;2;91;90;62m▄[38;2;39;38;5;48;2;44;43;4m▄[38;2;30;30;3;48;2;30;29;3m▄[38;2;57;55;11;48;2;54;53;10m▄[38;2;43;42;7;48;2;32;31;3m▄[38;2;71;69;13;48;2;70;68;13m▄[38;2;68;68;13;48;2;55;55;25m▄[0m[38;2;39;38;29m▄  [0m
[38;2;65;64;13;48;2;67;66;13m▄[38;2;59;58;11;48;2;44;44;8m▄[38;2;34;33;4;48;2;41;39;5m▄[38;2;44;43;5;48;2;43;41;5m▄[38;2;45;44;5;48;2;45;44;13m▄[38;2;165;163;127;48;2;237;234;192m▄[38;2;251;247;192;48;2;252;248;192m▄[38;2;253;248;192;48;2;249;246;190m▄[38;2;252;248;191;48;2;200;198;157m▄[38;2;251;248;191;48;2;190;188;151m▄[38;2;250;246;192;48;2;187;184;147m▄[38;2;231;227;180;48;2;211;208;161m▄[38;2;192;190;153;48;2;239;235;179m▄[38;2;184;182;145;48;2;242;238;183m▄[38;2;182;179;141;48;2;238;235;185m▄[38;2;207;204;158;48;2;162;160;129m▄[38;2;245;242;190;48;2;194;191;157m▄[38;2;252;248;196;48;2;201;199;164m▄[38;2;253;248;193;48;2;227;224;178m▄[38;2;252;248;191;48;2;250;246;195m▄[38;2;250;246;195;48;2;238;235;183m▄[38;2;85;84;57;48;2;34;34;11m▄[38;2;39;38;3;48;2;35;34;3m▄[38;2;41;40;6;48;2;47;45;9m▄[38;2;58;57;10;48;2;52;50;9m▄[38;2;62;60;10;48;2;73;71;12m▄[38;2;68;67;12;48;2;69;68;13m▄[38;2;64;63;12;48;2;54;53;19m▄[0m[38;2;30;29;25m▄ [0m
[38;2;67;65;12;48;2;66;65;12m▄[38;2;66;64;13;48;2;68;67;13m▄[38;2;46;45;8;48;2;33;33;5m▄[38;2;38;37;4;48;2;42;41;4m▄ [38;2;36;36;5;48;2;84;83;53m▄[38;2;209;207;166;48;2;250;247;198m▄[38;2;252;248;194;48;2;253;249;194m▄[38;2;252;248;192;48;2;253;248;193m▄[48;2;252;247;191m▄[38;2;252;248;193m▄[48;2;252;248;191m▄[48;2;253;248;192m▄[38;2;252;248;192;48;2;253;248;191m▄[38;2;253;248;193;48;2;252;248;190m▄[38;2;252;248;193;48;2;253;248;190m▄[38;2;252;248;191;48;2;252;248;190m▄[48;2;252;247;191m [38;2;252;247;191;48;2;253;248;191m▄[48;2;252;248;191m [38;2;252;248;194;48;2;251;247;193m▄[38;2;179;178;142;48;2;133;132;100m▄[38;2;45;45;5;48;2;46;46;4m▄[38;2;34;33;3;48;2;37;36;5m▄[38;2;65;64;14;48;2;66;65;14m▄[38;2;48;47;9;48;2;48;46;8m▄[38;2;69;68;14;48;2;69;68;12m▄[38;2;71;70;14;48;2;69;68;13m▄[38;2;62;62;13;48;2;55;55;25m▄[0m [0m
[?25h