[?25l[0m [38;2;0;0;0m         [0m [38;2;57;38;13m▄[38;2;56;38;14m▄[38;2;36;27;14m▄[0m [38;2;13;10;8m [0m [38;2;53;36;14m▄[38;2;56;37;13;48;2;38;27;14m▄[0m  [38;2;42;30;14m▄[38;2;35;25;12m▄[0m  [38;2;1;1;1m     [0m
 [38;2;0;0;0m         [0m  [38;2;44;31;13;48;2;55;37;14m▄[48;2;59;39;13m [38;2;59;39;13;48;2;58;38;13m▄[48;2;24;18;11m▄[48;2;46;32;13m▄[48;2;58;38;12m▄[38;2;58;38;12;48;2;49;33;12m▄[48;2;47;33;14m▄[48;2;58;39;12m [38;2;51;35;14;48;2;59;39;12m▄[0m[7m[38;2;52;35;13m▄[38;2;44;31;13m▄[0m [38;2;0;0;0m     [0m
 [38;2;0;0;0m     [0m [38;2;52;34;12m▄[38;2;55;38;15;48;2;34;23;10m▄[38;2;57;37;11;48;2;45;31;13m▄[38;2;59;39;13;48;2;52;37;16m▄[38;2;60;40;13;48;2;58;39;13m▄[48;2;59;39;13m▄[48;2;60;40;13m [38;2;59;39;13m▄[38;2;97;64;24;48;2;59;39;13m▄[38;2;119;78;32;48;2;57;38;12m▄[38;2;65;43;14;48;2;58;39;12m▄[38;2;63;41;13;48;2;53;35;11m▄[38;2;145;96;41;48;2;56;36;11m▄[38;2;111;72;30;48;2;59;39;13m▄[38;2;77;51;19;48;2;58;39;12m▄[48;2;57;38;12m [38;2;43;30;13;48;2;52;35;13m▄[38;2;45;32;15;48;2;30;22;11m▄[0m [38;2;7;6;5m    [0m
 [38;2;0;0;0m      [0m [38;2;36;26;13m▄[38;2;57;39;15;48;2;31;24;15m▄[38;2;60;40;13;48;2;58;39;12m▄[38;2;59;40;13;48;2;60;40;13m▄[38;2;58;39;12m▄[38;2;142;93;39;48;2;74;49;17m▄[38;2;165;108;47;48;2;119;78;32m▄[38;2;166;109;48;48;2;165;109;47m▄[38;2;166;110;48;48;2;165;109;48m▄[38;2;165;108;47;48;2;125;82;34m▄[38;2;127;83;34;48;2;61;40;13m▄[38;2;145;95;40;48;2;124;81;34m▄[38;2;165;109;48;48;2;165;108;47m▄[38;2;165;109;47;48;2;160;105;45m▄[38;2;140;92;38;48;2;74;48;17m▄[0m [38;2;19;15;9m      [0m
 [38;2;0;0;0m    [0m [38;2;57;38;12;48;2;33;23;12m▄[38;2;49;34;15;48;2;56;38;14m▄[38;2;49;33;14;48;2;59;40;13m▄[48;2;60;40;13m [48;2;61;40;13m [48;2;59;39;12m [38;2;89;58;22;48;2;87;56;21m▄[38;2;166;109;47;48;2;165;108;47m▄[48;2;165;109;48m [38;2;141;93;39m▄[38;2;118;77;30;48;2;129;85;36m▄[38;2;140;92;38;48;2;89;59;21m▄[38;2;160;105;45;48;2;124;81;33m▄[48;2;165;108;47m [38;2;166;109;47;48;2;165;109;47m▄[38;2;165;109;47;48;2;159;104;45m▄[38;2;157;103;44;48;2;78;51;18m▄[38;2;142;93;38;48;2;39;28;14m▄[0m [38;2;48;33;16m     [0m
 [38;2;0;0;0m    [0m   [38;2;59;39;13;48;2;39;27;12m▄[38;2;57;38;13;48;2;60;40;13m▄[38;2;59;40;13;48;2;61;40;13m▄[38;2;59;39;13;48;2;60;40;13m▄[38;2;58;39;13;48;2;73;48;17m▄[38;2;150;100;43;48;2;165;109;47m▄[38;2;155;110;67;48;2;165;109;48m▄[38;2;194;179;166;48;2;169;125;79m▄[38;2;250;250;250;48;2;196;171;145m▄[38;2;196;196;196;48;2;201;185;168m▄[38;2;253;253;253;48;2;208;193;178m▄[38;2;250;250;250;48;2;193;174;155m▄[38;2;134;107;91;48;2;164;108;47m▄[38;2;170;152;143;48;2;168;123;75m▄[38;2;246;246;246;48;2;209;195;179m▄[38;2;183;183;183;48;2;219;207;194m▄[38;2;253;253;253;48;2;202;197;192m▄[38;2;182;182;182;48;2;111;111;111m▄[0m[38;2;182;182;182m    [0m
 [38;2;0;0;0m      [7m[38;2;40;29;14m▄[0m [7m[38;2;33;24;11m▄[0m[38;2;151;100;42;48;2;96;64;25m▄[38;2;156;103;44;48;2;96;71;48m▄[38;2;139;92;39;48;2;84;72;71m▄[38;2;165;109;47;48;2;142;111;91m▄[38;2;167;111;49;48;2;156;114;78m▄[38;2;166;118;66;48;2;189;168;149m▄[38;2;176;145;112;48;2;253;253;253m▄[38;2;175;142;108;48;2;232;232;232m▄[38;2;173;135;94;48;2;254;253;253m▄[38;2;162;118;71;48;2;249;249;249m▄[38;2;165;109;47;48;2;152;101;46m▄[48;2;164;116;64m▄[38;2;164;108;47;48;2;213;201;189m▄[38;2;142;94;41;48;2;247;247;247m▄[38;2;93;62;29;48;2;239;239;239m▄[0m[7m[38;2;143;143;143m▄[0m[38;2;0;0;0m    [0m
 [38;2;0;0;0m        [7m[38;2;76;51;24m▄[0m[38;2;156;103;46;48;2;151;99;41m▄[38;2;166;110;48;48;2;161;106;45m▄[38;2;167;110;48;48;2;166;109;48m▄[38;2;167;111;49;48;2;167;110;49m▄▄ [38;2;167;111;50;48;2;166;110;48m▄[38;2;167;110;49;48;2;166;109;48m▄[38;2;166;110;49;48;2;166;110;48m▄[38;2;160;105;46;48;2;152;100;43m▄[38;2;153;100;43;48;2;166;109;47m▄[38;2;148;97;41;48;2;165;108;47m▄[38;2;150;98;42m▄[38;2;159;105;46;48;2;154;101;43m▄[0m[7m[38;2;70;48;23m▄[0m[38;2;61;41;21m     [0m
 [38;2;0;0;0m         [0m [38;2;166;109;47;48;2;154;101;43m▄[38;2;167;110;48;48;2;166;109;48m▄[38;2;167;110;49;48;2;167;110;48m▄[38;2;167;111;49;48;2;167;110;49m▄[38;2;152;101;44;48;2;162;108;48m▄[38;2;153;101;45;48;2;166;110;49m▄[38;2;162;108;49;48;2;167;111;49m▄[48;2;166;110;49m [48;2;166;109;48m [38;2;166;110;48m▄[38;2;167;110;49;48;2;166;110;48m▄[38;2;166;110;49;48;2;166;109;48m▄[38;2;166;109;49;48;2;165;109;48m▄[38;2;165;109;47;48;2;146;97;44m▄[0m[38;2;68;47;24m▄    [0m
 [38;2;0;0;0m        [38;2;40;45;24m▄[38;2;126;123;92;48;2;55;49;27m▄[48;2;164;108;47m [38;2;166;110;49;48;2;166;109;48m▄[48;2;167;110;49m▄▄ [38;2;167;111;49;48;2;166;110;49m▄[38;2;166;110;49;48;2;158;104;46m▄[48;2;153;101;44m▄[48;2;150;98;42m▄[48;2;156;103;45m▄[38;2;165;110;48;48;2;153;101;45m▄[38;2;141;94;42;48;2;155;102;44m▄[0m[7m[38;2;95;65;31m▄[0m  [38;2;0;0;0m    [0m
 [38;2;0;0;0m    [0m [38;2;39;44;25m▄[38;2;56;64;31m▄[38;2;50;58;27;48;2;35;39;22m▄[38;2;56;65;31;48;2;56;63;30m▄[38;2;93;98;66;48;2;141;143;112m▄[38;2;244;240;201;48;2;178;145;99m▄[38;2;175;138;89;48;2;165;109;48m▄[38;2;166;110;48;48;2;166;110;49m▄[48;2;167;110;49m [48;2;167;111;50m  [48;2;167;111;49m [38;2;167;110;49m▄[48;2;166;110;49m  [38;2;122;90;43;48;2;155;103;45m▄[0m[38;2;53;60;28m▄[38;2;39;44;23m▄[0m [38;2;15;16;12m     [0m
 [38;2;0;0;0m [0m [38;2;47;53;27m▄[38;2;55;62;29;48;2;34;38;22m▄[38;2;53;60;28;48;2;56;63;31m▄[38;2;58;66;32;48;2;57;65;31m▄[38;2;57;65;31;48;2;58;66;32m▄[38;2;51;58;27;48;2;50;58;27m▄[48;2;57;65;31m [38;2;57;65;31;48;2;56;64;31m▄[38;2;134;136;107;48;2;226;223;187m▄[38;2;251;247;207;48;2;247;243;205m▄[38;2;251;248;208;48;2;191;166;123m▄[38;2;230;222;184;48;2;162;109;51m▄[38;2;186;156;110;48;2;167;111;50m▄[38;2;162;114;59;48;2;167;111;49m▄[38;2;166;109;48;48;2;166;110;49m▄[38;2;165;109;48m▄[38;2;168;126;75m▄[38;2;221;209;170;48;2;163;112;53m▄[38;2;225;222;187;48;2;181;173;139m▄[38;2;62;69;36;48;2;57;65;31m▄[38;2;57;65;31;48;2;51;58;27m▄[38;2;51;59;27;48;2;56;63;30m▄[38;2;57;65;31;48;2;36;41;23m▄[0m[38;2;47;54;27m▄[0m [38;2;6;6;4m  [0m
  [38;2;56;64;30;48;2;40;45;24m▄[48;2;57;65;31m [38;2;58;66;31m▄[38;2;57;65;31;48;2;55;63;30m▄[38;2;50;57;27;48;2;53;60;28m▄[38;2;56;64;31;48;2;57;65;31m▄[38;2;48;55;25;48;2;49;57;26m▄[38;2;56;64;30;48;2;57;65;31m▄[38;2;56;64;31m▄[48;2;81;87;57m▄[38;2;200;199;166;48;2;223;221;188m▄[38;2;224;221;188;48;2;251;247;208m▄[38;2;250;246;207m▄[38;2;251;247;208;48;2;251;248;208m▄[38;2;249;246;207;48;2;248;245;206m▄[38;2;105;109;83;48;2;183;182;151m▄[38;2;63;71;41;48;2;61;65;37m▄[38;2;73;79;53;48;2;174;174;143m▄[38;2;237;234;199;48;2;252;248;208m▄[38;2;227;224;191;48;2;227;224;190m▄[38;2;133;136;104;48;2;97;101;70m▄[38;2;51;58;27;48;2;52;60;28m▄[38;2;53;60;28;48;2;55;63;29m▄[38;2;56;64;31;48;2;57;65;31m▄[38;2;53;61;28;48;2;56;64;31m▄[38;2;54;62;30;48;2;35;40;21m▄[0m [38;2;8;9;7m [0m
 [38;2;49;56;28;48;2;33;37;20m▄[38;2;58;66;31;48;2;57;65;31m▄▄▄[48;2;58;66;32m [38;2;57;65;31;48;2;54;62;29m▄[38;2;50;58;27;48;2;53;61;29m▄[38;2;57;65;31;48;2;55;63;30m▄[48;2;52;59;27m [38;2;55;62;29;48;2;49;55;25m▄[48;2;56;64;30m [38;2;63;70;38;48;2;125;128;96m▄[38;2;239;236;198;48;2;251;247;207m▄[38;2;251;247;208;48;2;226;224;191m▄[38;2;239;236;199;48;2;240;237;200m▄[38;2;234;231;195;48;2;226;223;190m▄[38;2;241;237;200;48;2;165;166;134m▄[38;2;64;70;44;48;2;63;70;41m▄[38;2;128;130;101;48;2;96;100;73m▄[38;2;251;248;207;48;2;223;221;189m▄[38;2;252;248;208;48;2;238;234;198m▄[38;2;187;187;153;48;2;166;167;133m▄[38;2;57;65;31;48;2;56;65;31m▄[48;2;56;64;30m▄[38;2;51;58;27;48;2;50;57;26m▄[38;2;50;57;26;48;2;50;58;27m▄[38;2;57;65;31;48;2;56;64;30m▄[38;2;45;51;26;48;2;27;30;16m▄[0m[38;2;45;51;26m [0m
 [38;2;58;66;32;48;2;57;65;31m▄[38;2;59;67;32;48;2;59;66;32m▄[48;2;59;67;32m [48;2;58;66;32m▄[38;2;57;65;31m▄[48;2;57;65;31m [48;2;51;58;27m [48;2;57;65;31m [38;2;51;59;27;48;2;52;59;27m▄[48;2;57;65;31m  [38;2;57;65;31;48;2;56;64;31m▄[38;2;98;103;72;48;2;170;171;138m▄[38;2;252;247;208;48;2;251;247;208m▄ [38;2;251;247;208;48;2;252;248;208m▄[38;2;234;231;195;48;2;250;246;207m▄[38;2;59;67;38;48;2;62;68;42m▄[38;2;62;69;40;48;2;79;85;58m▄[38;2;204;203;169;48;2;250;246;207m▄[38;2;252;248;208;48;2;251;248;209m▄[38;2;224;221;187;48;2;209;207;173m▄[38;2;58;66;32;48;2;57;65;31m▄ [38;2;51;59;27;48;2;49;57;26m▄[38;2;56;64;30;48;2;51;58;27m▄[38;2;51;58;27;48;2;56;64;31m▄[38;2;56;64;31;48;2;55;63;31m▄[0m [0m
[38;2;41;46;25;48;2;32;35;20m▄[38;2;59;67;33;48;2;58;66;32m▄[38;2;59;68;33;48;2;59;67;32m▄[38;2;59;67;33;48;2;58;67;32m▄[38;2;58;66;32m▄[48;2;58;66;31m▄[48;2;57;65;31m▄[38;2;52;59;28;48;2;52;59;27m▄[48;2;58;66;32m [38;2;57;65;31;48;2;56;65;31m▄[48;2;52;59;27m [38;2;56;64;30;48;2;57;65;31m▄[38;2;57;65;31;48;2;57;66;31m▄[48;2;56;64;31m▄[38;2;158;159;126;48;2;223;220;185m▄[38;2;251;248;208;48;2;251;247;208m▄[38;2;252;248;209m▄[38;2;206;204;171;48;2;219;216;182m▄[38;2;63;71;41;48;2;63;70;41m▄[48;2;62;70;40m▄[38;2;93;98;70;48;2;145;147;116m▄[48;2;252;248;208m [38;2;240;237;201;48;2;235;232;196m▄[38;2;53;61;28;48;2;55;63;30m▄[38;2;51;58;27m▄[38;2;56;64;30;48;2;52;59;28m▄[38;2;56;64;31;48;2;57;65;31m▄[38;2;51;58;27;48;2;50;57;27m▄[38;2;57;65;31;48;2;56;64;31m▄[38;2;39;44;23;48;2;29;32;17m▄[0m
[7m[38;2;40;45;26m▄[38;2;59;67;33m▄[0m[38;2;37;41;23;48;2;59;67;33m▄[38;2;57;64;34;48;2;59;67;32m▄[38;2;58;67;32;48;2;58;66;32m▄  [38;2;52;60;28;48;2;52;59;28m▄[38;2;58;66;31;48;2;57;65;31m▄[48;2;58;66;32m  [38;2;55;63;30;48;2;51;58;27m▄[38;2;53;60;28;48;2;57;65;31m▄ [38;2;57;65;32;48;2;98;103;72m▄[38;2;238;235;198;48;2;252;248;208m▄ [38;2;192;191;158;48;2;195;194;161m▄[48;2;63;71;41m  [38;2;63;70;40;48;2;61;69;40m▄[38;2;198;197;163;48;2;238;235;198m▄[38;2;244;241;204;48;2;244;240;204m▄[38;2;53;60;29;48;2;52;60;28m▄[38;2;51;58;27;48;2;51;59;27m▄[38;2;59;67;33;48;2;57;65;31m▄[38;2;59;67;32m▄[38;2;51;58;29;48;2;51;59;27m▄[38;2;36;41;23;48;2;57;65;31m▄[0m[7m[38;2;45;51;27m▄[0m
 [38;2;0;0;0m  [0m  [7m[38;2;35;39;22m▄[38;2;50;55;30m▄[38;2;53;60;31m▄[38;2;59;67;32m▄▄[0m[38;2;34;38;21;48;2;59;67;32m▄[38;2;40;45;25;48;2;58;66;32m▄[38;2;47;52;29;48;2;53;61;28m▄[38;2;44;50;26;48;2;56;63;30m▄[38;2;52;58;31;48;2;57;65;31m▄[38;2;135;136;109;48;2;191;190;156m▄[38;2;212;208;175;48;2;251;247;208m▄[38;2;171;169;142;48;2;194;193;161m▄[38;2;53;59;36;48;2;63;70;41m▄[38;2;50;55;34;48;2;64;71;41m▄[38;2;43;47;29;48;2;63;70;40m▄[38;2;71;72;57;48;2;168;168;136m▄[0m[7m[38;2;241;238;201m▄[38;2;54;62;29m▄[38;2;51;58;30m▄[38;2;44;50;27m▄[0m  [38;2;0;0;0m  [0m
[?25h