[?25l[0m [38;2;0;0;0m               [0m  [38;2;120;124;81m▄[38;2;163;169;100m▄[38;2;182;190;108m▄[38;2;190;199;113m▄[38;2;188;197;111m▄[38;2;174;182;101m▄[38;2;142;146;91m▄[38;2;62;63;48m▄[0m [38;2;1;1;1m   [0m
 [38;2;0;0;0m            [0m [38;2;78;81;57m▄[38;2;181;188;106m▄[38;2;192;200;110;48;2;144;149;93m▄[48;2;190;198;111m▄[38;2;192;200;111;48;2;193;201;111m▄[38;2;192;201;111m▄[48;2;192;201;112m▄[38;2;193;201;112;48;2;193;201;113m▄[38;2;192;201;111;48;2;192;201;112m▄[38;2;192;201;112;48;2;192;200;111m▄[38;2;193;201;112;48;2;192;201;111m▄[38;2;193;202;112;48;2;188;196;110m▄[38;2;178;187;103;48;2;85;88;60m▄[0m [38;2;33;33;29m  [0m
 [38;2;0;0;0m          [0m [38;2;88;89;60m▄[38;2;188;197;107;48;2;93;95;65m▄[38;2;191;200;109;48;2;189;197;109m▄[38;2;191;200;110;48;2;192;201;110m▄[38;2;192;200;110;48;2;191;200;110m▄[38;2;192;200;111m▄[48;2;192;201;111m  [48;2;192;201;112m [38;2;192;201;112;48;2;192;201;111m▄[48;2;192;201;112m   [38;2;192;201;113;48;2;193;202;113m▄[38;2;193;202;113;48;2;194;203;112m▄[38;2;114;117;80;48;2;76;78;52m▄[0m[38;2;114;117;80m  [0m
 [38;2;0;0;0m         [0m [38;2;171;178;102;48;2;66;68;49m▄[38;2;192;201;110;48;2;185;194;107m▄[38;2;192;200;110;48;2;192;200;109m▄[38;2;192;201;110;48;2;191;200;109m▄▄[38;2;192;201;111;48;2;192;200;110m▄[48;2;192;201;111m [38;2;193;202;112m▄[48;2;192;201;112m▄[38;2;193;201;112m▄[38;2;192;201;113m▄[38;2;193;202;113;48;2;192;201;113m▄[38;2;192;202;113;48;2;192;201;112m▄[38;2;192;201;113m▄[38;2;192;202;113;48;2;192;201;113m▄[38;2;193;203;114;48;2;193;202;112m▄[38;2;65;66;48;48;2;90;92;60m▄[0m[38;2;65;66;48m  [0m
 [38;2;0;0;0m       [0m [38;2;126;133;86m▄[38;2;177;185;105;48;2;127;131;80m▄[38;2;193;201;112;48;2;191;200;110m▄[38;2;192;201;111;48;2;192;200;110m▄[48;2;192;201;110m▄▄[38;2;193;202;112m▄[38;2;193;202;111;48;2;193;201;111m▄[38;2;193;202;112;48;2;193;202;111m▄[48;2;193;202;112m  [38;2;193;202;113m▄▄[38;2;192;202;113;48;2;192;201;113m▄▄ [38;2;192;202;114;48;2;192;202;113m▄[38;2;130;134;83;48;2;177;185;103m▄[0m [38;2;2;2;2m  [0m
 [38;2;0;0;0m      [0m [38;2;178;177;123;48;2;97;102;60m▄[38;2;166;167;103;48;2;190;200;111m▄[38;2;189;197;109;48;2;192;201;111m▄[38;2;190;199;109m▄[38;2;192;200;111m▄[38;2;193;202;113;48;2;193;201;111m▄[38;2;193;202;114;48;2;193;202;112m▄[48;2;193;202;113m▄[38;2;194;202;115;48;2;194;203;114m▄[38;2;170;175;100m▄[38;2;158;163;95m▄[38;2;178;186;103;48;2;194;203;113m▄[38;2;194;202;111m▄[38;2;193;202;111;48;2;194;202;113m▄[38;2;193;202;112;48;2;193;202;113m▄[48;2;192;202;113m  [38;2;138;143;86;48;2;189;199;112m▄[0m [38;2;8;8;8m   [0m
 [38;2;0;0;0m      [38;2;105;104;78;48;2;114;112;83m▄[38;2;245;244;174;48;2;249;248;166m▄[38;2;139;136;92;48;2;243;241;155m▄[38;2;195;192;125;48;2;161;163;92m▄[38;2;186;194;106;48;2;191;199;108m▄[38;2;194;203;113;48;2;194;202;112m▄[38;2;194;203;115;48;2;195;204;115m▄[38;2;149;152;90;48;2;174;180;103m▄[38;2;223;222;154;48;2;166;170;100m▄[38;2;196;195;126;48;2;180;179;112m▄[38;2;249;247;157;48;2;235;233;154m▄[38;2;250;247;160;48;2;249;248;173m▄[38;2;227;225;150;48;2;201;199;138m▄[38;2;166;174;95;48;2;175;183;100m▄[38;2;192;202;110;48;2;193;203;111m▄[38;2;192;202;111;48;2;192;202;112m▄[38;2;193;203;115;48;2;192;202;113m▄[38;2;106;109;71;48;2;184;191;108m▄[0m [38;2;3;3;3m    [0m
 [38;2;0;0;0m      [0m [38;2;113;112;78;48;2;231;230;158m▄[38;2;247;244;163;48;2;179;177;119m▄[38;2;246;244;165;48;2;240;238;170m▄[38;2;152;157;86;48;2;162;169;94m▄[38;2;191;201;108;48;2;195;204;115m▄[38;2;163;169;97;48;2;185;193;110m▄[38;2;246;244;168;48;2;200;198;129m▄[38;2;251;248;158;48;2;249;247;165m▄[38;2;226;224;140;48;2;127;126;78m▄[38;2;252;250;171;48;2;247;244;158m▄[38;2;191;190;124;48;2;250;247;158m▄[38;2;172;179;97;48;2;175;175;109m▄[38;2;191;200;109;48;2;188;197;105m▄[38;2;193;203;113;48;2;192;202;111m▄[38;2;187;197;111;48;2;194;205;115m▄[38;2;61;62;48;48;2;159;166;99m▄[0m [38;2;0;0;0m     [0m
 [38;2;0;0;0m      [38;2;90;91;60m▄[38;2;148;154;83;48;2;141;146;93m▄[38;2;192;201;110;48;2;168;172;103m▄[38;2;191;201;108;48;2;178;178;111m▄[38;2;193;202;112;48;2;176;183;98m▄[48;2;190;199;107m▄[38;2;189;198;108;48;2;171;179;99m▄[38;2;172;180;97;48;2;206;204;137m▄[38;2;154;160;88;48;2;242;239;156m▄[38;2;181;189;104;48;2;210;207;129m▄[38;2;193;202;112;48;2;178;179;112m▄[38;2;192;202;112;48;2;184;191;108m▄[48;2;192;200;111m [38;2;183;192;106;48;2;188;196;109m▄[38;2;185;195;105;48;2;151;157;87m▄[38;2;184;193;104;48;2;139;146;81m▄[38;2;139;146;87;48;2;160;166;112m▄[0m[7m[38;2;73;75;55m▄[0m[38;2;38;39;30m     [0m
 [38;2;0;0;0m      [0m [7m[38;2;118;121;70m▄[0m[38;2;190;198;113;48;2;194;202;112m▄[38;2;193;202;115;48;2;184;191;108m▄[38;2;192;200;112;48;2;173;180;103m▄[38;2;186;194;106;48;2;158;163;89m▄[38;2;191;199;109;48;2;190;199;108m▄▄[38;2;191;200;111;48;2;192;200;110m▄[38;2;192;201;111;48;2;192;201;110m▄[48;2;191;201;110m▄[38;2;192;200;111;48;2;191;200;110m▄[38;2;192;201;113m▄[38;2;178;186;107;48;2;191;200;112m▄[0m[7m[38;2;175;182;106m▄[0m  [38;2;0;0;0m      [0m
 [38;2;0;0;0m       [0m [38;2;113;117;70;48;2;157;163;96m▄[38;2;190;199;107;48;2;192;201;111m▄[38;2;190;199;109;48;2;191;200;109m▄[38;2;191;200;110;48;2;191;199;110m▄[38;2;191;200;111m▄[38;2;192;201;110;48;2;191;200;110m▄[38;2;192;200;111;48;2;191;200;111m▄[48;2;191;201;111m [48;2;192;201;112m [38;2;193;202;114;48;2;193;202;113m▄[38;2;109;113;70;48;2;190;197;111m▄[0m[7m[38;2;71;73;53m▄[0m[38;2;3;3;3m         [0m
 [38;2;0;0;0m       [0m [38;2;176;184;105;48;2;126;132;81m▄[38;2;193;202;113;48;2;191;201;111m▄[38;2;194;203;115;48;2;190;199;110m▄[38;2;179;188;105m▄[38;2;135;140;76;48;2;192;201;111m▄[38;2;179;185;102;48;2;193;202;112m▄[38;2;192;201;111;48;2;192;201;112m▄[38;2;191;201;111;48;2;192;200;111m▄[38;2;191;200;111;48;2;192;201;112m▄[38;2;123;128;82;48;2;173;181;103m▄[0m [38;2;1;1;1m          [0m
     [38;2;8;8;8m   [0m [7m[38;2;131;136;86m▄[38;2;136;139;88m▄[38;2;140;145;85m▄[0m[38;2;147;154;94;48;2;167;175;101m▄[38;2;189;199;109;48;2;184;192;104m▄[38;2;189;198;109;48;2;177;184;99m▄[38;2;190;200;110;48;2;190;200;109m▄[38;2;192;202;112;48;2;191;200;111m▄[38;2;191;201;113;48;2;189;200;110m▄[38;2;106;77;47;48;2;108;105;71m▄[0m[38;2;79;2;14m▄[38;2;77;16;25m▄[0m [38;2;10;10;10m        [0m
[38;2;141;104;3;48;2;110;86;21m▄[38;2;157;112;5;48;2;174;125;9m▄[38;2;184;133;8;48;2;183;133;9m▄[38;2;186;137;9;48;2;182;135;11m▄[38;2;100;78;23;48;2;92;76;27m▄[0m[38;2;100;78;23m     [0m [38;2;62;23;28m▄[38;2;67;4;12;48;2;79;65;48m▄[38;2;167;174;98;48;2;193;203;116m▄[48;2;191;201;111m [38;2;175;184;100;48;2;190;199;110m▄[38;2;134;132;71;48;2;190;200;110m▄[38;2;100;61;41;48;2;192;201;111m▄[38;2;86;6;19;48;2;107;87;50m▄[38;2;95;2;21;48;2;79;2;15m▄[38;2;73;27;35;48;2;88;19;31m▄[0m [38;2;0;0;0m        [0m
[38;2;100;3;21;48;2;84;5;17m▄[38;2;130;84;8;48;2;163;117;5m▄[38;2;185;137;9;48;2;188;138;8m▄[38;2;146;110;16;48;2;185;137;7m▄[0m [38;2;3;3;3m   [0m [38;2;117;94;30m▄[38;2;126;100;25m▄[38;2;82;68;33;48;2;56;19;24m▄[38;2;68;5;13;48;2;74;2;13m▄[38;2;76;26;23;48;2;125;111;65m▄[38;2;127;113;67;48;2;170;175;99m▄[38;2;99;2;20;48;2;84;11;20m▄[38;2;96;1;19;48;2;96;2;20m▄[38;2;97;1;20;48;2;96;1;21m▄[38;2;100;1;20;48;2;95;2;20m▄[38;2;102;1;19;48;2;92;2;20m▄[38;2;57;25;29;48;2;59;30;35m▄[0m   [38;2;55;46;22m▄[38;2;122;99;31m▄[38;2;142;111;15m▄[38;2;155;120;8m▄[38;2;105;82;13m▄[0m [0m
[38;2;95;2;21;48;2;95;2;20m▄[38;2;102;47;10;48;2;114;64;11m▄[38;2;167;121;9;48;2;177;131;9m▄[0m[7m[38;2;81;66;28m▄[0m[38;2;31;29;26m    [0m [38;2;159;120;7;48;2;173;130;7m▄[38;2;169;128;7;48;2;170;129;6m▄[38;2;131;96;6;48;2;164;127;5m▄[38;2;83;3;16;48;2;89;45;7m▄[38;2;77;1;13;48;2;94;1;18m▄[38;2;73;1;13;48;2;80;18;20m▄[38;2;74;1;13;48;2;95;0;18m▄[38;2;76;1;13;48;2;92;0;18m▄[38;2;79;1;15;48;2;96;0;19m▄[38;2;96;1;18;48;2;89;0;15m▄[38;2;101;1;20;48;2;83;0;14m▄[38;2;96;1;20;48;2;101;1;20m▄[38;2;96;2;20;48;2;85;3;18m▄[38;2;91;28;12;48;2;67;21;28m▄[38;2;173;129;5;48;2;136;105;23m▄[38;2;174;132;5;48;2;170;128;5m▄[38;2;172;130;6;48;2;167;127;7m▄[38;2;101;72;5;48;2;167;129;9m▄[38;2;117;87;3;48;2;123;93;5m▄[38;2;109;82;12;48;2;117;88;4m▄[0m [0m
[38;2;108;16;33;48;2;102;2;21m▄[38;2;91;52;40;48;2;113;49;11m▄[0m[7m[38;2;179;126;18m▄[0m [38;2;0;0;0m    [0m [38;2;84;66;18;48;2;143;111;21m▄[38;2;181;138;5;48;2;178;135;6m▄[38;2;73;23;10;48;2;96;55;6m▄[38;2;104;1;21;48;2;98;0;19m▄[38;2;100;1;20;48;2;98;1;20m▄[38;2;98;1;20;48;2;96;1;20m▄[38;2;99;0;20;48;2;98;1;20m▄[38;2;99;1;19;48;2;100;1;20m▄[38;2;98;1;19;48;2;99;1;20m▄[38;2;97;1;20;48;2;98;1;19m▄[48;2;98;1;20m [38;2;100;1;20;48;2;97;1;20m▄[38;2;100;2;20;48;2;95;2;19m▄[38;2;127;86;7;48;2;112;64;9m▄[38;2;175;132;6;48;2;175;132;5m▄[38;2;170;129;5;48;2;177;134;5m▄[38;2;91;24;13;48;2;146;104;6m▄[38;2;99;1;21;48;2;93;5;18m▄[38;2;81;3;18;48;2;80;38;7m▄[0m[7m[38;2;78;63;24m▄[0m[38;2;31;26;22m [0m
[?25h