[?25l[0m [38;2;0;0;0m                                   [0m
  [38;2;153;153;153m▄[38;2;157;157;157m▄[0m          [38;2;129;129;129m▄[0m   [38;2;120;120;119m▄[0m [38;2;30;30;30m [0m [38;2;129;129;129m▄[0m            [38;2;3;3;3m [0m
  [7m[38;2;148;148;148m▄[38;2;190;190;190m▄[0m   [7m[38;2;122;122;122m▄[0m    [38;2;211;211;211m▄[38;2;100;95;91m▄[38;2;58;39;18;48;2;141;141;141m▄[0m[38;2;75;63;48m▄[38;2;153;152;150m▄[38;2;67;65;63m▄[38;2;54;30;2;48;2;55;32;5m▄[38;2;57;40;20;48;2;52;46;40m▄[0m[38;2;103;98;92m▄[38;2;58;44;28;48;2;172;172;172m▄[38;2;47;26;1;48;2;66;58;47m▄[38;2;140;138;136;48;2;48;35;22m▄[0m[38;2;193;194;195m▄[7m[38;2;192;192;192m▄[38;2;188;188;188m▄[0m[38;2;132;132;131m▄[38;2;122;122;122m▄[0m    [7m[38;2;176;176;176m▄[0m [38;2;0;0;0m [0m
  [38;2;146;145;145m▄[38;2;193;193;193m▄[7m[38;2;154;154;154m▄[38;2;157;157;157m▄[0m    [38;2;141;140;138m▄[38;2;77;75;73m▄[7m[38;2;212;213;213m▄[0m[38;2;81;78;75m▄[38;2;57;38;17;48;2;62;50;37m▄[38;2;50;27;0;48;2;51;28;0m▄[48;2;47;26;2m▄[38;2;50;27;1;48;2;49;27;2m▄[38;2;49;27;1;48;2;48;26;1m▄[38;2;50;28;1;48;2;49;27;0m▄[38;2;50;27;0;48;2;51;28;1m▄[48;2;50;28;1m▄[38;2;48;26;0;48;2;49;27;1m▄[48;2;59;45;29m▄[38;2;50;28;0;48;2;67;54;39m▄[38;2;47;30;9;48;2;47;27;4m▄[38;2;134;134;134;48;2;66;51;34m▄[0m[7m[38;2;127;125;123m▄[0m [38;2;226;225;225m▄[38;2;143;143;143m▄[0m    [38;2;6;6;6m [0m
   [7m[38;2;157;157;157m▄[0m[38;2;172;172;172m▄[38;2;140;140;140m▄[0m  [38;2;216;216;216m▄[38;2;136;136;136;48;2;62;55;47m▄[0m[7m[38;2;51;33;14m▄[0m[38;2;52;42;31;48;2;53;29;1m▄[38;2;49;26;0;48;2;52;28;1m▄[38;2;51;28;0;48;2;46;24;1m▄[38;2;50;27;0;48;2;48;26;0m▄[38;2;49;27;1;48;2;49;27;0m▄[38;2;66;38;5;48;2;51;28;0m▄[38;2;119;77;20;48;2;50;27;1m▄[38;2;158;104;33;48;2;44;23;1m▄[38;2;158;105;36;48;2;53;30;4m▄[38;2;155;103;35;48;2;48;26;1m▄[38;2;75;47;10;48;2;47;26;1m▄[38;2;53;29;0;48;2;47;26;0m▄[38;2;96;63;14;48;2;50;27;0m▄[38;2;141;94;28m▄[38;2;67;41;7;48;2;54;30;0m▄[38;2;83;77;71;48;2;57;46;36m▄[0m[38;2;207;206;207m▄[0m       [38;2;0;0;0m [0m
   [38;2;158;158;158m▄[7m[38;2;147;147;147m▄[0m   [7m[38;2;174;174;174m▄[0m[38;2;57;54;50m▄[38;2;58;44;30m▄[38;2;48;26;1;48;2;55;45;35m▄[38;2;52;28;0;48;2;51;27;1m▄[38;2;51;28;0;48;2;50;27;1m▄[38;2;48;26;1;48;2;51;28;0m▄[38;2;81;51;11;48;2;65;37;4m▄[38;2;161;105;33;48;2;145;93;26m▄[38;2;164;107;33;48;2;162;106;33m▄[38;2;164;108;34;48;2;163;107;34m▄[48;2;162;107;35m▄[38;2;164;109;36;48;2;163;109;35m▄[38;2;166;110;36;48;2;167;111;36m▄[38;2;146;98;32;48;2;77;47;8m▄[38;2;117;76;22;48;2;85;54;10m▄[38;2;162;106;34;48;2;162;106;33m▄[38;2;167;110;35;48;2;154;101;32m▄[38;2;145;101;41;48;2;75;61;42m▄[0m  [38;2;232;232;232m▄[0m    [38;2;33;33;33m  [0m
   [7m[38;2;125;125;125m▄[0m     [7m[38;2;59;49;38m▄[38;2;62;49;36m▄[0m[38;2;49;33;14;48;2;49;29;5m▄[38;2;50;27;0;48;2;51;27;0m▄[38;2;49;26;0;48;2;51;28;0m▄[38;2;51;28;1;48;2;51;27;0m▄[38;2;60;36;3;48;2;70;42;7m▄[38;2;168;111;35;48;2;161;105;33m▄[38;2;163;108;34;48;2;161;106;34m▄[38;2;142;110;86;48;2;163;107;34m▄[38;2;152;126;131;48;2;167;110;34m▄[38;2;154;132;141;48;2;168;111;36m▄[38;2;158;140;153;48;2;163;108;36m▄[38;2;157;138;149;48;2;161;107;36m▄[38;2;153;104;41;48;2;165;109;36m▄[38;2;164;110;35;48;2;168;111;35m▄[38;2;148;110;69;48;2;165;109;35m▄[38;2;156;139;171;48;2;161;107;37m▄[38;2;161;146;176;48;2;156;108;40m▄[0m[38;2;159;152;195m▄[38;2;121;119;140m▄[0m [38;2;193;193;193m▄[0m [7m[38;2;178;178;178m▄[0m [38;2;0;0;0m [0m
   [38;2;178;178;178m▄[0m    [38;2;49;49;49m [0m [38;2;114;112;111m▄[38;2;80;69;55;48;2;51;28;2m▄[38;2;118;78;20;48;2;50;27;1m▄[38;2;77;46;8;48;2;55;30;0m▄[38;2;83;52;13;48;2;87;54;8m▄[38;2;80;51;13;48;2;38;22;1m▄[38;2;142;95;30;48;2;122;81;24m▄[38;2;167;112;39;48;2;132;89;26m▄[38;2;167;150;172;48;2;157;146;182m▄[38;2;191;181;251;48;2;186;176;250m▄[38;2;192;183;248;48;2;130;123;170m▄[38;2;190;182;251;48;2;173;166;216m▄[38;2;187;179;248;48;2;202;195;248m▄[38;2;141;100;55;48;2;116;85;51m▄[38;2;166;110;34;48;2;133;89;27m▄[38;2;164;109;36;48;2;132;104;80m▄[38;2;146;110;79;48;2;194;184;246m▄[38;2;163;150;184;48;2;132;128;173m▄[38;2;177;172;219;48;2;177;168;235m▄[38;2;156;154;178;48;2;145;141;176m▄[0m[38;2;151;151;151m▄[7m[38;2;161;161;161m▄[0m   [38;2;7;7;7m [0m
      [38;2;5;5;5m [0m    [38;2;95;74;44;48;2;123;94;50m▄[38;2;147;98;28;48;2;125;82;22m▄[38;2;161;106;32;48;2;150;97;26m▄[38;2;163;107;33;48;2;156;102;31m▄[38;2;165;109;35;48;2;162;107;34m▄[38;2;164;109;36;48;2;165;109;36m▄[48;2;162;108;36m▄[48;2;147;104;53m▄[38;2;164;108;36;48;2;147;108;73m▄[38;2;162;107;35;48;2;150;110;69m▄[38;2;163;108;36;48;2;147;106;65m▄[38;2;168;113;37;48;2;140;98;53m▄[38;2;144;95;27;48;2;152;101;31m▄[38;2;142;93;27;48;2;165;109;34m▄[38;2;145;95;27;48;2;164;108;34m▄[38;2;150;99;27;48;2;162;107;34m▄[38;2;145;97;28;48;2;159;107;33m▄[38;2;109;91;61;48;2;94;84;69m▄[0m[7m[38;2;137;137;137m▄[0m     [38;2;0;0;0m [0m
          [38;2;111;111;110m▄[38;2;33;35;6;48;2;36;35;31m▄[38;2;144;96;30;48;2;128;85;26m▄[38;2;165;108;34;48;2;147;97;29m▄[38;2;166;109;35;48;2;164;108;34m▄[38;2;165;109;35;48;2;164;108;35m▄[48;2;165;109;36m [38;2;165;110;36;48;2;165;109;37m▄[48;2;164;109;36m [38;2;164;109;36;48;2;164;108;36m▄[38;2;165;110;36;48;2;162;108;36m▄[38;2;163;108;35;48;2;163;108;36m▄[38;2;166;110;36;48;2;166;110;37m▄[48;2;167;111;36m▄[38;2;166;111;36;48;2;165;109;34m▄[38;2;165;111;36;48;2;164;109;35m▄[38;2;164;110;36;48;2;167;111;35m▄[38;2;166;112;37;48;2;168;112;35m▄[38;2;171;116;39;48;2;158;109;41m▄[0m[38;2;130;102;61m▄[38;2;151;151;151m▄[0m    [38;2;0;0;0m [0m
    [38;2;166;166;166m▄[38;2;56;56;44m▄[38;2;42;42;39m▄[38;2;59;59;37m▄[38;2;68;68;9m▄[38;2;65;65;7;48;2;65;65;39m▄[38;2;48;48;5;48;2;41;41;6m▄[38;2;35;35;0;48;2;36;37;1m▄[38;2;74;65;30;48;2;115;77;20m▄[38;2;157;104;33;48;2;169;111;35m▄[38;2;165;109;34;48;2;167;110;36m▄[48;2;166;110;36m [48;2;166;110;37m [38;2;167;111;37m▄[38;2;166;111;37;48;2;165;110;37m▄[38;2;166;110;37;48;2;164;109;37m▄[38;2;165;110;36;48;2;147;98;30m▄[38;2;166;110;36;48;2;142;94;26m▄[38;2;166;110;35;48;2;147;97;27m▄[38;2;162;108;36;48;2;140;93;27m▄[38;2;166;110;37;48;2;139;92;28m▄[38;2;165;111;36;48;2;141;94;28m▄[38;2;141;103;49;48;2;143;96;29m▄[38;2;165;165;165;48;2;134;100;52m▄[38;2;153;153;153;48;2;123;100;66m▄[0m   [38;2;132;132;132m▄[0m  [38;2;0;0;0m [0m
  [38;2;177;177;177m▄[38;2;181;181;181m▄[38;2;39;39;19;48;2;52;52;40m▄[38;2;36;36;1;48;2;31;30;1m▄[38;2;34;33;1;48;2;27;27;1m▄[38;2;31;31;1;48;2;40;39;2m▄[38;2;61;60;6;48;2;64;63;6m▄[38;2;63;62;6;48;2;66;66;7m▄[38;2;53;53;5;48;2;55;55;5m▄[38;2;29;29;0;48;2;31;31;0m▄[38;2;34;34;6;48;2;66;65;39m▄[38;2;234;233;183;48;2;176;161;108m▄[38;2;198;185;126;48;2;162;108;36m▄[38;2;151;105;42;48;2;166;110;37m▄[48;2;167;111;37m [38;2;168;112;38m▄[38;2;168;113;38m▄[38;2;167;112;38;48;2;166;111;38m▄[48;2;165;110;37m▄[38;2;166;111;38;48;2;165;110;36m▄[38;2;165;110;37;48;2;164;109;36m▄[38;2;168;111;37;48;2;165;110;36m▄[38;2;145;119;70;48;2;168;112;37m▄[38;2;21;21;1;48;2;60;45;8m▄[38;2;59;60;5;48;2;63;62;24m▄[38;2;47;47;2;48;2;58;57;36m▄[38;2;27;28;2;48;2;50;49;33m▄[38;2;101;101;99;48;2;117;117;117m▄[0m     [38;2;8;8;8m [0m
 [38;2;0;0;0m [0m  [38;2;67;67;6;48;2;60;60;23m▄[38;2;64;63;5;48;2;67;68;5m▄[38;2;48;48;3;48;2;34;34;1m▄[38;2;28;27;0;48;2;28;28;0m▄[38;2;41;41;2;48;2;47;46;3m▄[38;2;65;65;5;48;2;63;62;5m▄[48;2;65;65;5m [38;2;42;42;2;48;2;34;34;0m▄[38;2;32;32;0;48;2;38;38;1m▄[38;2;105;104;70;48;2;136;134;97m▄[38;2;217;215;163;48;2;233;231;165m▄[38;2;206;205;157;48;2;234;232;172m▄[38;2;245;243;178;48;2;182;163;108m▄[38;2;249;248;176;48;2;153;115;52m▄[38;2;219;219;157;48;2;160;107;36m▄[38;2;199;192;144;48;2;170;114;38m▄[38;2;197;188;142;48;2;170;114;39m▄[38;2;170;167;125;48;2;164;110;38m▄[38;2;245;244;184;48;2;148;107;44m▄[38;2;212;211;155;48;2;183;169;114m▄[38;2;184;183;140;48;2;170;169;130m▄[38;2;30;31;2;48;2;36;36;1m▄[38;2;46;47;3;48;2;50;51;3m▄[38;2;52;53;4;48;2;47;48;3m▄[38;2;26;26;1;48;2;27;28;1m▄[38;2;45;45;39;48;2;53;53;45m▄[0m [38;2;198;198;198;48;2;149;149;149m▄[0m[38;2;133;133;133m▄[0m  [38;2;0;0;0m [0m
   [38;2;63;63;15;48;2;66;66;39m▄[38;2;62;61;5;48;2;64;63;5m▄[38;2;64;63;5;48;2;62;62;5m▄[38;2;64;65;5;48;2;62;63;5m▄[38;2;45;45;3;48;2;34;34;1m▄[38;2;33;33;1;48;2;38;38;1m▄[38;2;60;61;4;48;2;63;63;5m▄[38;2;61;61;5;48;2;62;62;5m▄[48;2;48;48;4m▄[38;2;35;36;1;48;2;32;32;0m▄[38;2;33;33;1;48;2;42;42;12m▄[38;2;158;157;111;48;2;240;238;180m▄[38;2;253;251;180;48;2;250;249;178m▄[38;2;253;252;183;48;2;212;211;151m▄[38;2;253;252;185;48;2;208;207;155m▄[38;2;253;251;183;48;2;208;206;152m▄[38;2;251;250;181;48;2;205;204;147m▄[38;2;251;251;183;48;2;205;204;152m▄[38;2;252;251;186;48;2;174;173;136m▄[38;2;252;251;183;48;2;210;209;160m▄[38;2;253;252;184;48;2;239;238;177m▄[38;2;251;250;188;48;2;240;240;178m▄[38;2;43;43;16;48;2;25;25;3m▄[38;2;42;43;2;48;2;41;42;2m▄[38;2;64;66;5;48;2;62;64;5m▄[38;2;36;37;1;48;2;34;35;1m▄[38;2;51;51;3;48;2;57;58;37m▄[0m[38;2;96;96;92m▄[0m  [7m[38;2;159;159;159m▄[0m [38;2;0;0;0m [0m
   [7m[38;2;74;73;43m▄[38;2;69;67;11m▄[0m[38;2;99;98;67;48;2;66;65;5m▄[38;2;72;71;28;48;2;62;62;4m▄[38;2;57;57;4;48;2;46;46;3m▄[38;2;40;38;2;48;2;30;29;1m▄[38;2;65;65;5;48;2;62;62;5m▄[38;2;63;62;4;48;2;63;64;5m▄[38;2;62;61;5;48;2;64;63;5m▄[38;2;59;58;5;48;2;45;45;3m▄[38;2;32;32;1;48;2;32;32;0m▄[38;2;40;40;2;48;2;69;69;40m▄[38;2;198;196;149;48;2;251;250;191m▄[38;2;253;252;184;48;2;253;253;186m▄[38;2;252;252;183;48;2;253;252;183m▄[38;2;253;252;184m▄[38;2;253;252;186m▄[38;2;252;252;184;48;2;253;252;184m▄[38;2;201;200;151m▄[38;2;228;227;171;48;2;252;252;183m▄[38;2;253;252;188;48;2;252;252;184m▄[38;2;251;250;185;48;2;252;251;188m▄[38;2;70;70;37;48;2;65;66;35m▄[38;2;50;49;4;48;2;45;46;3m▄[38;2;63;63;6;48;2;64;64;5m▄[38;2;56;57;4;48;2;41;42;2m▄[38;2;68;68;8;48;2;53;53;2m▄[38;2;96;96;70;48;2;69;69;50m▄[0m[38;2;135;135;135m▄[0m  [38;2;0;0;0m  [0m
  [38;2;227;227;227;48;2;175;175;175m▄[38;2;196;196;196;48;2;145;145;145m▄[0m  [38;2;139;139;139;48;2;169;169;168m▄[0m [7m[38;2;49;48;33m▄[38;2;83;83;48m▄[0m[38;2;148;148;148;48;2;79;78;34m▄[0m[7m[38;2;66;65;12m▄[38;2;61;61;5m▄[0m[38;2;87;87;66;48;2;56;56;3m▄[38;2;113;113;99;48;2;41;40;0m▄[38;2;67;67;54;48;2;98;97;62m▄[38;2;177;176;139;48;2;252;250;185m▄[38;2;222;221;173;48;2;253;252;184m▄[38;2;245;244;194;48;2;253;252;182m▄[38;2;209;208;154;48;2;253;252;184m▄[38;2;197;196;147;48;2;246;245;184m▄[38;2;153;153;127;48;2;205;204;152m▄[38;2;152;151;126;48;2;203;202;155m▄[38;2;132;132;103;48;2;252;251;188m▄[0m[7m[38;2;251;250;189m▄[38;2;68;68;39m▄[0m[38;2;157;157;156;48;2;65;64;22m▄[0m[7m[38;2;78;77;36m▄[38;2;83;84;65m▄[0m[38;2;187;187;186;48;2;176;176;170m▄[0m[38;2;154;154;154m▄[0m  [7m[38;2;164;164;164m▄[0m [38;2;3;3;3m [0m
 [38;2;0;0;0m [0m              [7m[38;2;155;154;154m▄[0m  [7m[38;2;132;132;132m▄[0m        [7m[38;2;133;133;133m▄[0m  [7m[38;2;162;161;161m▄[0m  [38;2;0;0;0m  [0m
 [38;2;0;0;0m                                   [0m
[?25h