[?25l[0m [38;2;0;0;0m    [0m  [38;2;23;22;23m [0m [38;2;49;49;49m [38;2;71;82;76;48;2;68;80;74m▄[38;2;146;187;168;48;2;143;185;166m▄[38;2;147;188;170;48;2;146;188;169m▄[48;2;147;188;169m▄[38;2;147;188;169;48;2;148;189;170m▄[38;2;148;188;170m▄[38;2;147;189;171;48;2;146;188;170m▄[38;2;98;119;110;48;2;112;142;129m▄[0m [38;2;0;0;0m [0m  [38;2;0;0;0m      [0m  [0m
 [38;2;0;0;0m    [0m  [38;2;6;6;6m [0m [38;2;23;23;24m [7m[38;2;69;77;73m▄[0m[38;2;84;106;97;48;2;151;190;172m▄[38;2;85;106;97;48;2;149;189;171m▄[38;2;84;105;96;48;2;148;188;170m▄▄[38;2;83;105;95m▄[38;2;81;105;95;48;2;149;190;172m▄[0m[7m[38;2;66;79;73m▄[0m[38;2;22;28;26m [0m  [38;2;13;13;13m        [0m [0m
 [38;2;0;0;0m                             [0m
 [38;2;0;0;0m  [0m [38;2;80;87;58m▄[38;2;136;150;85m▄[38;2;159;177;92m▄[38;2;169;188;100m▄[38;2;166;187;100m▄[38;2;148;167;89m▄[38;2;122;135;80m▄[38;2;66;71;49m▄[0m [38;2;19;19;19m                 [0m
  [38;2;150;166;87m▄[38;2;180;202;102;48;2;146;162;88m▄[38;2;181;202;105;48;2;182;203;105m▄▄[38;2;181;202;106;48;2;181;203;105m▄[48;2;182;203;106m [38;2;182;203;106;48;2;182;203;107m▄[48;2;181;203;106m▄[48;2;181;203;105m▄[48;2;181;203;104m▄[48;2;147;163;86m▄[38;2;178;201;103;48;2;73;77;55m▄[0m[38;2;108;120;70m▄[0m [38;2;20;20;19m              [0m
 [38;2;151;169;90;48;2;97;107;63m▄[38;2;181;202;104;48;2;181;202;103m▄[38;2;181;202;103;48;2;181;202;104m▄  [48;2;181;202;105m [38;2;181;203;105;48;2;182;203;106m▄▄[38;2;182;204;106;48;2;181;204;106m▄[48;2;182;203;106m [48;2;182;204;107m [38;2;182;203;106m▄[38;2;182;203;107m▄[38;2;181;203;106;48;2;180;203;104m▄[38;2;181;204;105;48;2;128;142;78m▄[0m[38;2;123;138;76m▄[0m [38;2;17;17;16m            [0m
 [38;2;179;201;104;48;2;174;194;100m▄[38;2;182;203;105;48;2;182;203;104m▄[48;2;181;202;104m▄[38;2;181;202;105m▄[48;2;181;203;105m [38;2;182;204;106m▄[38;2;182;203;106;48;2;182;203;105m▄[38;2;182;204;106;48;2;182;203;106m▄▄ [38;2;182;203;106;48;2;182;203;107m▄[38;2;182;204;107m▄▄ [38;2;181;203;106;48;2;182;204;106m▄[38;2;182;203;107m▄[38;2;178;200;105;48;2;102;112;68m▄[0m[38;2;62;66;46m▄           [0m
 [38;2;157;174;91;48;2;178;198;104m▄[48;2;182;203;105m   [38;2;182;204;106;48;2;182;203;106m▄[38;2;181;203;105;48;2;182;204;106m▄[48;2;182;203;106m [38;2;182;203;106;48;2;182;204;107m▄[38;2;182;204;106;48;2;182;203;106m▄[38;2;183;204;107m▄[38;2;182;204;106;48;2;182;203;107m▄[48;2;182;204;106m [48;2;182;203;106m  [38;2;181;203;107;48;2;181;203;106m▄[48;2;182;203;107m▄[38;2;181;203;105;48;2;183;205;107m▄[38;2;180;202;102;48;2;150;169;87m▄[0m[38;2;82;90;54m▄          [0m
 [38;2;80;86;55;48;2;131;142;81m▄[38;2;184;204;107;48;2;183;204;106m▄[38;2;183;203;106m▄[38;2;182;203;105;48;2;182;203;106m▄[48;2;182;203;105m [38;2;181;203;105;48;2;182;203;106m▄ [38;2;182;203;107m▄[38;2;180;199;105;48;2;183;204;107m▄[48;2;182;204;107m▄[38;2;184;204;108;48;2;183;204;107m▄[38;2;184;205;107;48;2;183;204;106m▄[38;2;182;203;106;48;2;182;204;106m▄[48;2;181;203;106m▄[38;2;181;203;105m▄[48;2;180;202;105m [38;2;181;203;106;48;2;181;202;105m▄[38;2;181;204;107;48;2;180;202;105m▄[38;2;174;196;102;48;2;154;173;95m▄[0m[38;2;77;83;49m▄[0m [38;2;6;6;6m        [0m
  [38;2;114;125;72;48;2;170;188;99m▄[38;2;181;203;105;48;2;182;203;105m▄[38;2;181;202;105m▄[38;2;182;203;105;48;2;181;202;105m▄[48;2;181;203;105m [38;2;181;204;105;48;2;181;203;106m▄[38;2;184;186;125;48;2;158;171;96m▄[38;2;250;249;169;48;2;183;184;124m▄[38;2;251;250;173;48;2;187;187;127m▄[38;2;251;249;177;48;2;178;183;119m▄[38;2;216;215;149;48;2;165;180;97m▄[38;2;159;171;95;48;2;181;203;105m▄[38;2;183;205;109m▄[38;2;182;204;106m▄[38;2;181;204;105;48;2;180;203;105m▄[38;2;181;203;105;48;2;181;203;106m▄[38;2;160;178;93;48;2;181;204;108m▄[38;2;206;207;143;48;2;166;184;100m▄[38;2;250;248;174;48;2;166;172;108m▄[38;2;250;248;172;48;2;166;166;127m▄[0m[38;2;133;132;95m▄       [0m
 [38;2;0;0;0m [0m [38;2;117;128;75;48;2;174;195;99m▄[38;2;182;204;106;48;2;181;203;104m▄[38;2;182;204;105;48;2;181;203;105m▄[38;2;181;203;104m▄[38;2;181;202;104;48;2;180;201;104m▄[38;2;163;170;105;48;2;185;187;127m▄[38;2;250;248;174;48;2;251;250;176m▄[38;2;250;248;176;48;2;252;250;178m▄[38;2;135;134;99;48;2;236;235;169m▄[38;2;218;216;151;48;2;249;247;178m▄[38;2;249;248;167;48;2;212;211;150m▄[38;2;165;170;105;48;2;166;181;99m▄[48;2;181;202;103m [38;2;182;204;107;48;2;180;202;104m▄[38;2;158;175;96;48;2;179;200;104m▄[38;2;238;237;176;48;2;177;180;125m▄[38;2;217;215;155;48;2;248;247;171m▄[38;2;145;144;98;48;2;237;235;159m▄[38;2;248;247;168;48;2;250;249;174m▄[38;2;80;80;61;48;2;146;145;110m▄[0m[38;2;80;80;61m       [0m
 [38;2;0;0;0m [0m  [38;2;88;95;61;48;2;166;185;99m▄[38;2;181;202;104;48;2;183;205;106m▄[38;2;180;202;104;48;2;181;204;105m▄[38;2;181;202;105;48;2;179;202;103m▄[38;2;182;204;106;48;2;171;190;98m▄[38;2;168;185;102;48;2;189;190;124m▄[38;2;187;188;125;48;2;250;248;167m▄[38;2;248;246;163;48;2;202;201;135m▄[38;2;251;249;171;48;2;240;239;162m▄[38;2;250;249;169;48;2;250;249;173m▄[38;2;183;184;123;48;2;193;194;134m▄[38;2;179;200;103;48;2;184;204;110m▄[38;2;181;203;104;48;2;184;206;110m▄[38;2;158;172;94;48;2;161;174;100m▄[38;2;247;246;173;48;2;248;247;167m▄[38;2;250;250;165;48;2;240;239;160m▄[38;2;226;225;155;48;2;212;210;154m▄[38;2;83;84;64;48;2;205;203;153m▄[0m [38;2;16;16;16m       [0m
  [38;2;91;97;65;48;2;106;115;74m▄[38;2;174;192;99;48;2;149;162;96m▄[38;2;180;201;105;48;2;118;128;78m▄[38;2;182;204;107;48;2;124;139;70m▄[38;2;152;168;90;48;2;173;195;102m▄[38;2;153;169;90;48;2;183;205;108m▄[38;2;181;203;105;48;2;183;205;107m▄[38;2;181;202;104;48;2;182;204;106m▄[38;2;181;203;104;48;2;175;195;100m▄[38;2;182;203;106;48;2;149;159;90m▄[38;2;183;204;107;48;2;180;184;120m▄[48;2;176;180;116m▄[48;2;156;171;95m▄[38;2;181;203;105;48;2;182;203;106m▄[38;2;178;201;103;48;2;180;202;103m▄[38;2;179;201;103;48;2;176;197;101m▄[38;2;181;203;105;48;2;164;172;105m▄[38;2;184;206;108;48;2;177;183;116m▄[38;2;179;201;106;48;2;152;167;88m▄[38;2;128;142;72;48;2;129;145;72m▄[0m[7m[38;2;112;120;72m▄[0m[38;2;50;52;41m       [0m
 [38;2;0;0;0m [0m  [7m[38;2;136;148;84m▄[0m[38;2;88;94;58;48;2;183;205;107m▄[38;2;175;194;100;48;2;184;206;108m▄[38;2;181;203;104;48;2;178;198;102m▄[38;2;182;204;106;48;2;181;202;104m▄[48;2;181;203;105m▄[38;2;181;203;106;48;2;182;204;106m▄▄[38;2;182;204;106;48;2;182;204;105m▄[48;2;181;203;105m▄[38;2;182;203;106;48;2;182;204;107m▄[38;2;161;180;93;48;2;178;199;103m▄[38;2;177;197;106;48;2;160;178;92m▄[38;2;178;198;108;48;2;169;188;99m▄[38;2;169;190;98;48;2;182;203;105m▄[38;2;178;202;101;48;2;181;204;105m▄[38;2;97;107;64;48;2;148;165;87m▄[0m[7m[38;2;73;78;49m▄[0m [38;2;0;0;0m       [0m
 [38;2;0;0;0m    [0m [7m[38;2;66;69;49m▄[0m[38;2;74;78;53;48;2;170;189;100m▄[38;2;179;199;107;48;2;182;204;108m▄[38;2;183;204;107;48;2;182;204;107m▄ [38;2;182;204;107;48;2;182;203;106m▄[38;2;181;203;106;48;2;181;204;106m▄ ▄[48;2;181;203;106m [38;2;180;202;105;48;2;182;204;107m▄[48;2;182;204;108m▄▄[38;2;138;153;85;48;2;173;195;101m▄[0m [38;2;9;9;9m         [0m
 [38;2;0;0;0m      [0m [7m[38;2;117;126;76m▄[0m[38;2;176;196;102;48;2;182;203;106m▄[38;2;183;203;107;48;2;183;204;107m▄[38;2;183;204;107;48;2;182;204;107m▄[38;2;183;205;108m▄[38;2;182;204;107;48;2;181;204;106m▄[38;2;181;202;106;48;2;181;203;106m▄▄[38;2;181;203;105;48;2;181;202;105m▄[38;2;181;204;105;48;2;180;202;105m▄[38;2;180;204;105;48;2;182;205;108m▄[38;2;80;88;53;48;2;89;98;57m▄[0m[38;2;80;88;53m          [0m
 [38;2;0;0;0m       [0m [38;2;109;118;73;48;2;143;157;90m▄[48;2;183;204;107m [38;2;181;203;105;48;2;181;203;106m▄[38;2;181;203;106;48;2;181;203;107m▄[38;2;181;205;106;48;2;182;204;107m▄[38;2;182;204;107;48;2;137;151;79m▄[38;2;176;199;102;48;2;149;166;87m▄[38;2;146;164;83;48;2;173;194;100m▄[38;2;99;108;62;48;2;181;204;104m▄[38;2;77;85;49;48;2;178;203;102m▄[38;2;58;62;45;48;2;136;151;86m▄[0m [38;2;0;0;0m         [0m
 [38;2;0;0;0m      [0m [38;2;63;36;39m▄[38;2;68;39;25;48;2;73;79;51m▄[38;2;181;202;105;48;2;180;202;101m▄[38;2;180;203;104;48;2;181;204;104m▄[38;2;181;204;105;48;2;180;203;104m▄[38;2;180;203;105m▄[38;2;181;204;105;48;2;182;204;105m▄[38;2;170;193;99;48;2;182;205;107m▄[0m[7m[38;2;110;120;71m▄[0m [38;2;0;0;0m            [0m
 [38;2;0;0;0m      [0m [38;2;80;30;35;48;2;72;24;30m▄[38;2;106;12;21;48;2;57;16;13m▄[38;2;96;12;19;48;2;145;161;82m▄[38;2;96;36;27;48;2;182;203;107m▄[38;2;108;86;49;48;2;182;204;106m▄[38;2;156;173;88;48;2;180;203;105m▄[38;2;173;196;97;48;2;178;202;103m▄[38;2;87;71;38;48;2;130;145;71m▄[38;2;82;7;15;48;2;67;14;17m▄[0m [38;2;21;19;20m            [0m
[?25h