[?25l[0m [38;2;0;0;0m      [0m [38;2;101;109;72m▄[38;2;114;123;80m▄[38;2;100;107;72m▄[0m  [38;2;2;2;2m           [0m
 [38;2;0;0;0m    [0m [38;2;159;171;108m▄[38;2;198;216;127;48;2;190;207;124m▄[48;2;198;216;126m▄[48;2;197;215;127m  [38;2;197;215;128;48;2;195;213;126m▄[38;2;198;216;128;48;2;134;145;94m▄[0m[38;2;173;189;117m▄[0m [38;2;37;38;31m         [0m
 [38;2;0;0;0m    [0m [38;2;170;184;114;48;2;176;192;113m▄[38;2;198;215;127;48;2;198;216;127m▄[48;2;198;215;127m [48;2;198;216;128m   [38;2;198;216;129m▄[38;2;198;216;128;48;2;199;216;128m▄[38;2;198;216;127;48;2;164;179;108m▄[0m[38;2;120;129;84m▄        [0m
 [38;2;0;0;0m     [7m[38;2;136;145;97m▄[0m[38;2;67;70;54;48;2;198;215;127m [48;2;198;216;128m [38;2;199;216;129m▄[38;2;199;216;130;48;2;199;216;129m▄[38;2;195;211;127m▄[38;2;200;217;131m▄[38;2;199;217;129;48;2;198;216;128m▄[38;2;198;216;128;48;2;198;216;129m▄[38;2;198;216;129;48;2;192;210;124m▄[0m[38;2;157;170;107m▄[0m [38;2;51;53;39m      [0m
 [38;2;0;0;0m     [0m [7m[38;2;160;173;108m▄[0m[38;2;197;214;126;48;2;198;216;128m▄[38;2;199;216;129;48;2;198;216;129m▄[38;2;186;196;122;48;2;186;197;123m▄[38;2;229;229;151;48;2;231;231;155m▄[38;2;202;201;128;48;2;204;209;133m▄[38;2;205;208;132;48;2;186;200;119m▄[38;2;198;215;127;48;2;199;216;129m▄[38;2;190;199;123;48;2;195;211;125m▄[38;2;193;193;129;48;2;197;201;122m▄[38;2;132;131;96;48;2;140;141;100m▄[0m [38;2;0;0;0m     [0m
 [38;2;0;0;0m      [38;2;114;120;86m▄[38;2;147;158;99;48;2;158;170;108m▄[38;2;185;200;117;48;2;198;215;127m▄[38;2;199;216;129;48;2;195;212;124m▄[38;2;199;216;128;48;2;195;201;122m▄[38;2;185;199;119;48;2;242;242;157m▄[38;2;188;201;122;48;2;219;220;143m▄[38;2;198;215;127;48;2;197;213;128m▄[38;2;192;210;124;48;2;192;199;128m▄[38;2;181;196;119;48;2;215;216;138m▄[0m [38;2;46;45;33m      [0m
 [38;2;0;0;0m      [0m [7m[38;2;163;176;110m▄[0m[38;2;148;158;102;48;2;197;213;129m▄[38;2;199;217;130;48;2;198;215;128m▄[38;2;198;216;128;48;2;199;216;128m▄▄[48;2;199;217;129m▄[38;2;198;216;127;48;2;184;199;120m▄[38;2;197;216;127;48;2;185;202;121m▄[0m[7m[38;2;130;140;90m▄[0m [38;2;0;0;0m      [0m
 [38;2;0;0;0m        [0m [38;2;117;124;82;48;2;187;202;124m▄[38;2;198;215;126;48;2;199;216;128m▄[38;2;199;217;130;48;2;199;217;129m▄[38;2;183;198;117;48;2;199;216;128m▄[38;2;180;195;117;48;2;198;216;128m▄[38;2;153;166;104;48;2;190;209;123m▄[0m [38;2;24;25;20m       [0m
 [38;2;0;0;0m        [0m [38;2;89;27;31;48;2;108;94;77m▄[38;2;139;108;70;48;2;198;216;128m▄[38;2;170;176;106;48;2;198;217;129m▄[38;2;196;216;130m▄[38;2;78;29;25;48;2;125;131;89m▄[0m [38;2;19;19;19m        [0m
 [38;2;0;0;0m     [38;2;79;70;40m▄[38;2;133;101;15;48;2;86;72;33m▄[38;2;199;154;28;48;2;115;97;46m▄[0m[38;2;192;150;27m▄[38;2;88;7;15;48;2;93;17;24m▄[38;2;94;7;17;48;2;103;9;20m▄[38;2;103;8;18;48;2;100;10;20m▄[38;2;87;11;18;48;2;125;109;65m▄[38;2;114;51;16;48;2;97;32;27m▄[0m[38;2;198;153;27m▄[38;2;128;104;33m▄       [0m
 [38;2;0;0;0m     [7m[38;2;58;53;37m▄[0m[38;2;102;8;20;48;2;96;25;14m▄[38;2;103;20;18;48;2;151;97;22m▄[38;2;152;104;19;48;2;187;147;26m▄[38;2;105;7;20;48;2;99;8;18m▄[38;2;105;8;20;48;2;105;9;20m▄[38;2;103;8;20;48;2;102;8;20m▄[48;2;102;8;19m▄[38;2;105;8;20;48;2;94;9;17m▄[38;2;129;75;16;48;2;182;140;23m▄[0m[7m[38;2;87;72;27m▄[0m[38;2;40;20;20m       [0m
 [38;2;0;0;0m     [0m           [38;2;0;0;0m       [0m
[?25h