[?25l[0m [38;2;0;0;0m [0m  [38;2;135;145;94m▄[38;2;172;188;110m▄[38;2;189;206;123m▄[38;2;191;208;124m▄[38;2;176;192;115m▄[38;2;143;155;97m▄[38;2;89;94;66m▄[0m [38;2;14;14;13m                  [0m
 [38;2;57;60;45m▄[38;2;192;210;122;48;2;86;93;62m▄[38;2;198;216;126;48;2;193;211;125m▄[38;2;198;216;127;48;2;199;217;127m▄[48;2;197;215;126m▄[38;2;198;215;127m▄[48;2;197;215;127m [38;2;197;215;126m▄[38;2;197;215;127;48;2;197;215;126m▄[38;2;197;215;128;48;2;198;216;128m▄[38;2;198;216;128;48;2;171;187;113m▄[38;2;197;215;128;48;2;76;80;57m▄[0m[38;2;123;133;87m▄[0m [38;2;20;20;19m               [0m
 [38;2;177;193;116;48;2;140;151;98m▄[48;2;198;216;128m [48;2;198;216;127m [38;2;198;215;127;48;2;198;216;128m▄[38;2;197;215;127;48;2;198;216;127m▄[38;2;198;216;127;48;2;198;215;127m▄[48;2;197;215;127m [38;2;197;215;127;48;2;197;215;126m▄▄[48;2;197;215;128m▄[48;2;198;215;128m▄[48;2;198;216;128m [38;2;199;216;128;48;2;198;217;129m▄[38;2;199;217;128;48;2;145;157;97m▄[0m[38;2;138;152;90m▄[0m [38;2;9;9;9m             [0m
 [38;2;188;205;121;48;2;190;208;123m▄[38;2;198;216;127;48;2;198;216;128m▄[48;2;198;216;127m [48;2;198;215;127m [38;2;197;215;127;48;2;198;216;127m▄[38;2;198;215;127;48;2;197;215;127m▄[38;2;198;216;128;48;2;198;215;127m▄[48;2;198;216;128m [48;2;197;215;128m▄[48;2;198;216;128m [48;2;197;216;128m▄[48;2;198;216;127m▄[48;2;198;216;128m [48;2;199;217;128m▄[38;2;198;216;127;48;2;198;217;126m▄[38;2;195;214;125;48;2;122;131;85m▄[0m[38;2;71;75;54m▄            [0m
 [38;2;145;155;99;48;2;174;188;114m▄[38;2;197;214;126;48;2;198;215;127m▄ [38;2;197;215;127;48;2;197;215;126m▄[48;2;198;215;127m [38;2;198;216;127m▄[48;2;198;216;128m [38;2;199;216;129m▄▄[48;2;199;216;128m▄[38;2;198;216;129;48;2;199;217;128m▄[48;2;198;216;128m  [38;2;198;216;128;48;2;197;215;127m▄[48;2;198;216;127m▄[38;2;198;216;129m▄[38;2;197;217;128;48;2;174;190;114m▄[0m[38;2;114;123;81m▄[0m [38;2;5;5;5m          [0m
 [7m[38;2;89;95;62m▄[0m[38;2;192;208;126;48;2;197;215;127m▄[48;2;198;215;127m [38;2;198;216;128m▄[48;2;198;216;127m▄[48;2;198;216;128m [38;2;199;216;129m▄[38;2;199;217;129;48;2;199;216;129m▄[48;2;198;216;129m▄[38;2;199;217;130;48;2;199;216;129m▄▄[48;2;198;216;129m▄[38;2;199;216;129;48;2;198;216;128m▄[38;2;198;216;129m▄[38;2;198;216;128;48;2;198;216;129m▄▄[48;2;198;216;128m [38;2;198;217;128;48;2;182;200;116m▄[0m[38;2;114;122;81m▄[0m [38;2;1;1;1m         [0m
  [38;2;78;81;60;48;2;146;156;98m▄[38;2;198;216;128;48;2;198;215;127m▄[48;2;198;216;127m▄[38;2;198;216;129;48;2;198;216;128m▄[38;2;199;216;130;48;2;198;216;129m▄[48;2;199;216;130m  [38;2;169;176;111;48;2;200;216;130m▄[38;2;178;181;124;48;2;202;218;131m▄[38;2;176;180;117;48;2;201;217;131m▄[38;2;170;181;110;48;2;200;217;131m▄[38;2;201;217;130;48;2;200;217;130m▄[38;2;199;216;128;48;2;199;216;129m▄[48;2;198;216;128m▄[38;2;198;216;128;48;2;198;215;127m▄[48;2;198;216;128m [38;2;198;215;127;48;2;199;217;130m▄[38;2;181;195;115;48;2;176;191;116m▄[38;2;164;172;104;48;2;143;153;99m▄[0m[38;2;88;89;64m▄        [0m
 [38;2;0;0;0m [0m [38;2;80;85;58;48;2;165;179;111m▄[38;2;197;213;124;48;2;198;215;128m▄[38;2;197;215;126;48;2;197;215;127m▄[38;2;197;215;127;48;2;198;216;128m▄[38;2;198;216;130;48;2;198;216;129m▄[38;2;188;204;125;48;2;187;204;123m▄[38;2;203;204;137;48;2;201;201;134m▄[38;2;249;249;169;48;2;249;250;163m▄[38;2;136;135;88;48;2;248;248;163m▄[38;2;239;239;155;48;2;231;232;149m▄[38;2;239;239;148;48;2;156;162;97m▄[38;2;162;168;103;48;2;186;200;119m▄[38;2;199;216;129;48;2;199;216;128m▄[38;2;200;216;129m▄[38;2;199;217;129;48;2;198;216;128m▄[38;2;177;180;115;48;2;179;192;114m▄[38;2;200;200;131;48;2;189;190;115m▄[38;2;197;197;132;48;2;246;246;152m▄[38;2;174;174;126;48;2;180;180;126m▄[0m [38;2;2;2;2m       [0m
 [38;2;0;0;0m  [0m [38;2;95;100;73;48;2;167;181;109m▄[38;2;200;217;131;48;2;197;214;127m▄[38;2;199;216;128;48;2;198;216;128m▄[38;2;198;216;128;48;2;199;217;130m▄[38;2;197;214;126;48;2;200;216;132m▄[38;2;176;190;110;48;2;172;176;109m▄[38;2;198;198;121;48;2;248;248;157m▄[38;2;247;247;151;48;2;144;143;91m▄[38;2;249;248;157;48;2;242;241;153m▄[38;2;249;249;163;48;2;248;248;159m▄[38;2;239;239;161;48;2;198;198;129m▄[38;2;164;177;107;48;2;188;205;119m▄[38;2;201;218;132;48;2;198;215;126m▄[38;2;159;171;104;48;2;173;188;111m▄[38;2;246;246;166;48;2;221;220;143m▄[38;2;249;248;157;48;2;205;206;136m▄[38;2;177;176;113;48;2;194;193;133m▄[0m[7m[38;2;101;99;75m▄[0m[38;2;23;22;22m        [0m
 [38;2;0;0;0m [0m [38;2;65;69;54m▄[38;2;80;85;62m▄[38;2;105;112;76;48;2;172;185;114m▄[38;2;195;212;121;48;2;197;215;126m▄[38;2;198;215;127;48;2;197;214;126m▄[38;2;199;216;128;48;2;197;215;126m▄[48;2;197;214;125m▄[48;2;177;191;115m▄[38;2;197;215;128;48;2;177;181;115m▄[38;2;161;173;103;48;2;239;239;160m▄[38;2;158;169;103;48;2;247;247;161m▄[38;2;171;184;112;48;2;211;211;135m▄[38;2;197;213;124;48;2;177;192;113m▄[38;2;197;214;126;48;2;198;215;128m▄[38;2;195;213;125;48;2;170;184;108m▄[38;2;184;201;122;48;2;201;202;135m▄[38;2;197;215;132;48;2;181;183;118m▄[38;2;142;149;86;48;2;129;135;84m▄[0m [38;2;22;22;20m        [0m
 [38;2;0;0;0m [0m [7m[38;2;164;175;108m▄[0m[38;2;145;156;96;48;2;201;217;130m▄[38;2;199;216;127;48;2;189;206;118m▄[38;2;200;218;133;48;2;151;163;93m▄[38;2;198;214;130;48;2;176;190;114m▄[38;2;198;215;128;48;2;200;217;130m▄[38;2;198;215;127;48;2;199;216;129m▄[48;2;199;216;128m [38;2;199;216;128;48;2;198;215;127m▄▄[38;2;199;216;129;48;2;199;215;127m▄[38;2;199;217;130;48;2;201;217;130m▄[38;2;184;199;121;48;2;202;217;132m▄[38;2;170;183;112;48;2;199;215;129m▄[38;2;157;170;101;48;2;196;214;125m▄[38;2;195;214;125;48;2;196;215;127m▄[38;2;170;187;108;48;2;200;217;132m▄[0m[7m[38;2;116;118;69m▄[0m [38;2;0;0;0m        [0m
 [38;2;0;0;0m   [0m [7m[38;2;104;110;77m▄[0m[38;2;77;81;55;48;2;195;211;127m▄[38;2;196;213;127;48;2;197;215;127m▄[38;2;200;217;130;48;2;198;215;128m▄[38;2;199;217;129m▄[38;2;198;216;128;48;2;199;216;128m▄▄[48;2;198;216;128m [48;2;199;216;128m▄[48;2;199;217;128m▄[38;2;197;215;127;48;2;187;203;119m▄[38;2;198;216;128;48;2;198;215;127m▄[48;2;194;211;129m▄[38;2;195;214;128;48;2;200;219;134m▄[38;2;47;50;38;48;2;126;135;91m▄[0m [38;2;0;0;0m         [0m
 [38;2;0;0;0m     [0m [7m[38;2;124;130;87m▄[0m[38;2;180;195;120;48;2;200;217;130m▄[38;2;200;217;129;48;2;199;216;129m▄[48;2;199;216;128m [38;2;199;216;128;48;2;198;216;128m▄[38;2;199;216;129;48;2;199;216;128m▄[48;2;198;216;128m▄  [38;2;198;216;127;48;2;197;215;127m▄[38;2;199;217;128;48;2;197;215;125m▄[38;2;145;158;99;48;2;167;182;107m▄[0m [38;2;2;2;2m          [0m
 [38;2;0;0;0m       [7m[38;2;116;122;87m▄[0m[38;2;192;207;120;48;2;199;216;130m▄[38;2;197;214;125;48;2;198;215;127m▄[38;2;198;215;127;48;2;199;216;129m▄[38;2;199;217;129;48;2;199;218;130m▄[38;2;184;199;120;48;2;199;217;130m▄[38;2;149;161;95;48;2;199;216;128m▄[38;2;156;170;101m▄[38;2;183;199;118;48;2;198;216;128m▄[38;2;177;192;112;48;2;197;217;125m▄[38;2;135;145;95;48;2;181;200;119m▄[0m [38;2;21;21;20m          [0m
 [38;2;0;0;0m       [38;2;59;27;32m▄[38;2;124;117;71;48;2;151;163;97m▄[38;2;197;216;128;48;2;198;216;127m▄[38;2;198;216;128;48;2;199;216;128m▄[38;2;197;216;128;48;2;199;217;129m▄ [38;2;199;218;130;48;2;196;215;125m▄[38;2;165;182;108;48;2;194;213;128m▄[0m[7m[38;2;136;143;94m▄[0m  [38;2;0;0;0m           [0m
 [38;2;0;0;0m       [38;2;67;26;30;48;2;81;26;34m▄[38;2;104;9;19;48;2;90;62;40m▄[38;2;94;24;23;48;2;191;208;125m▄[38;2;118;98;61;48;2;199;216;129m▄[38;2;154;163;95;48;2;197;215;128m▄[38;2;198;216;133;48;2;198;217;128m▄[38;2;199;221;133;48;2;197;218;129m▄[38;2;86;69;43;48;2;120;118;70m▄[38;2;66;6;12;48;2;72;9;17m▄[0m [38;2;14;13;13m          [0m [38;2;121;121;122m▄[0m
  [38;2;75;64;33m▄[38;2;140;114;43m▄[38;2;147;118;32m▄[38;2;157;127;36m▄[38;2;140;116;45m▄[38;2;70;54;29m▄[38;2;79;16;20;48;2;70;24;29m▄[38;2;106;7;18;48;2;108;8;18m▄[38;2;102;8;20;48;2;106;8;19m▄[48;2;102;9;20m [38;2;103;9;20;48;2;102;10;21m▄[38;2;100;56;38;48;2;136;125;77m▄[38;2;105;78;48;48;2;153;161;93m▄[38;2;98;7;19;48;2;96;8;19m▄[38;2;100;62;25;48;2;72;24;30m▄[0m[38;2;120;97;28m▄[38;2;104;85;34m▄[0m [38;2;49;44;34m      [0m [38;2;73;74;74m▄[38;2;94;94;95;48;2;71;72;72m▄[38;2;91;92;92;48;2;76;76;76m▄[0m
  [38;2;100;78;9;48;2;121;92;11m▄[38;2;89;67;8;48;2;163;124;20m▄[38;2;159;119;21;48;2;198;152;27m▄[38;2;200;156;28;48;2;201;156;28m▄[38;2;203;158;29;48;2;203;159;29m▄[38;2;191;151;26;48;2;175;135;24m▄[38;2;84;11;15;48;2;95;6;16m▄[38;2;99;7;20;48;2;71;4;12m▄[38;2;103;8;20;48;2;77;5;13m▄[38;2;94;7;16;48;2;105;7;19m▄[38;2;104;8;19;48;2;106;8;19m▄[38;2;98;8;19;48;2;86;11;18m▄[38;2;89;8;18;48;2;82;13;18m▄[38;2;89;7;17;48;2;86;7;16m▄[38;2;104;51;14;48;2;154;113;18m▄[38;2;194;150;27;48;2;203;157;27m▄[38;2;198;154;27;48;2;195;151;27m▄[38;2;166;131;26;48;2;167;131;30m▄[0m [38;2;12;12;12m     [38;2;59;59;60m▄[38;2;92;92;92;48;2;86;87;87m▄[48;2;91;92;92m [48;2;93;94;94m▄[0m
  [38;2;60;37;23;48;2;96;74;7m▄[38;2;108;8;20;48;2;83;24;11m▄[38;2;108;9;21;48;2;98;26;16m▄[38;2;121;76;18;48;2;196;153;27m▄[38;2;197;153;28;48;2;202;158;28m▄[38;2;160;124;22;48;2;184;145;24m▄[38;2;105;7;18;48;2;89;9;15m▄[38;2;106;8;19;48;2;105;8;20m▄[38;2;103;9;20;48;2;106;9;20m▄[48;2;104;9;21m▄[38;2;102;8;20;48;2;101;8;20m▄[48;2;102;8;19m [38;2;103;8;19m▄[48;2;99;8;19m▄[38;2;101;8;19;48;2;78;10;14m▄[38;2;150;108;19;48;2;179;138;23m▄[38;2;198;155;26;48;2;202;157;27m▄[38;2;54;45;27;48;2;133;108;33m▄[0m [38;2;0;0;0m    [0m [38;2;84;85;85;48;2;74;74;74m▄[38;2;91;91;91;48;2;92;92;92m▄▄[38;2;92;92;92;48;2;92;92;93m▄[0m
[?25h