[?25l[0m [38;2;0;0;0m [0m   [38;2;81;103;90;48;2;124;162;140m▄[38;2;107;131;117;48;2;127;165;142m▄[38;2;98;121;107;48;2;128;167;143m▄[38;2;105;129;115;48;2;126;165;143m▄[38;2;77;102;89;48;2;121;162;139m▄[0m[7m[38;2;62;73;67m▄[0m  [38;2;22;22;23m [0m  [38;2;15;14;15m       [0m [38;2;111;114;103;48;2;164;169;150m▄[38;2;141;145;130;48;2;225;233;206m▄[38;2;141;145;131;48;2;227;234;209m▄[38;2;122;126;113m▄[38;2;142;146;132m▄[38;2;141;146;131;48;2;227;235;209m▄[0m
 [38;2;0;0;0m                             [0m
 [38;2;0;0;0m   [0m  [38;2;98;103;64m▄[38;2;143;150;93m▄[38;2;150;157;96m▄[38;2;125;131;79m▄[38;2;90;94;61m▄[0m  [38;2;2;2;2m                 [0m
 [38;2;0;0;0m  [0m [38;2;169;181;100;48;2;65;68;46m▄[38;2;177;188;101;48;2;167;178;95m▄[38;2;176;187;100;48;2;176;187;99m▄[48;2;175;186;99m▄[48;2;176;187;100m [38;2;176;187;101m▄[38;2;176;187;100;48;2;175;186;99m▄[48;2;169;180;95m▄[38;2;175;187;99;48;2;125;131;80m▄[0m[38;2;163;174;93m▄[38;2;65;68;46m▄               [0m
 [38;2;0;0;0m [0m [38;2;129;135;78;48;2;98;101;63m▄[38;2;177;188;101;48;2;176;188;100m▄[38;2;177;188;100;48;2;177;187;101m▄[38;2;176;188;100;48;2;176;188;101m▄[48;2;176;187;100m [38;2;176;188;101m▄[38;2;177;188;101;48;2;176;188;100m▄[38;2;177;189;101;48;2;176;188;101m▄[38;2;177;188;101;48;2;176;188;100m▄[48;2;177;188;100m▄[48;2;176;188;100m▄[38;2;176;188;101;48;2;172;184;97m▄[38;2;170;182;96;48;2;91;94;65m▄[0m[38;2;64;66;45m▄             [0m
 [38;2;0;0;0m [0m [38;2;122;128;75;48;2;146;152;91m▄[48;2;176;188;100m [38;2;177;188;100;48;2;176;187;100m▄[38;2;177;188;101m▄[48;2;176;188;100m [48;2;177;188;100m▄[48;2;177;188;102m [38;2;177;189;102;48;2;178;189;102m▄[48;2;177;189;102m  [38;2;177;188;102m▄[38;2;176;187;101;48;2;176;188;101m▄[38;2;175;187;100;48;2;175;186;100m▄[38;2;175;187;99;48;2;162;173;92m▄[0m[38;2;137;145;86m▄[0m [38;2;12;12;12m           [0m
 [38;2;0;0;0m  [7m[38;2;97;103;64m▄[0m[38;2;178;189;103;48;2;177;189;102m▄[38;2;177;188;101;48;2;177;188;100m▄[38;2;177;188;102;48;2;177;188;101m▄[38;2;177;189;102;48;2;177;188;102m▄[38;2;177;188;103;48;2;177;189;102m▄[38;2;179;189;104;48;2;177;188;102m▄[38;2;177;188;102;48;2;177;189;102m▄[48;2;177;188;102m [48;2;177;188;101m▄[48;2;176;188;101m  [38;2;176;188;100m▄[38;2;175;187;100;48;2;176;187;100m▄[38;2;174;186;98;48;2;175;187;98m▄[38;2;159;171;95;48;2;72;76;49m▄[0m [38;2;17;18;16m          [0m
 [38;2;0;0;0m  [0m [38;2;99;104;62;48;2;159;167;92m▄[38;2;177;188;102;48;2;177;189;102m▄▄[38;2;176;188;102;48;2;177;189;103m▄[38;2;177;189;104;48;2;175;186;102m▄[38;2;161;168;96;48;2;159;167;95m▄[38;2;150;157;88;48;2;178;188;103m▄[38;2;169;179;97;48;2;178;189;103m▄[38;2;179;190;103;48;2;178;189;102m▄[38;2;171;182;99;48;2;176;187;101m▄[38;2;177;189;101;48;2;176;187;100m▄[38;2;176;188;100m▄[48;2;176;188;100m [38;2;175;188;99m▄[38;2;176;188;100;48;2;171;183;97m▄[38;2;156;165;86;48;2;107;114;63m▄[38;2;140;149;83;48;2;68;71;49m▄[0m [38;2;7;7;7m        [0m
 [38;2;0;0;0m   [0m [38;2;122;128;75;48;2;173;183;100m▄[38;2;176;188;99;48;2;177;188;101m▄[38;2;176;188;100;48;2;176;188;101m▄[38;2;164;176;95;48;2;168;179;97m▄[38;2;217;213;159;48;2;209;207;151m▄[38;2;251;247;181;48;2;248;244;177m▄[38;2;252;247;181;48;2;206;204;152m▄[38;2;234;231;164;48;2;158;163;98m▄[38;2;139;140;88;48;2;172;183;97m▄[38;2;168;178;90;48;2;156;166;88m▄[38;2;177;189;99;48;2;178;189;101m▄[38;2;175;187;100;48;2;175;186;99m▄[38;2;141;145;94;48;2;169;180;94m▄[38;2;245;242;184;48;2;161;164;105m▄[38;2;197;195;143;48;2;228;226;175m▄[38;2;167;164;127;48;2;159;158;124m▄[0m [38;2;0;0;0m        [0m
 [38;2;0;0;0m    [0m [38;2;140;148;84;48;2;177;189;100m▄[48;2;179;191;100m [38;2;176;188;98;48;2;180;192;104m▄[38;2;163;173;92;48;2;180;181;126m▄[38;2;202;200;144;48;2;251;246;182m▄[38;2;250;247;183;48;2;251;246;177m▄[38;2;207;204;150;48;2;139;138;98m▄[38;2;246;242;179;48;2;201;199;153m▄[38;2;162;168;102;48;2;163;172;94m▄[38;2;177;188;100;48;2;179;191;101m▄[38;2;155;165;89;48;2;175;187;101m▄[38;2;234;230;175;48;2;197;195;139m▄[38;2;251;247;180;48;2;249;246;178m▄[38;2;184;183;137;48;2;133;133;97m▄[0m[7m[38;2;89;87;69m▄[0m[38;2;13;13;12m         [0m
 [38;2;0;0;0m   [0m [38;2;150;159;89;48;2;101;108;67m▄[38;2;176;188;102;48;2;104;109;71m▄[38;2;152;160;87;48;2;173;184;96m▄[38;2;166;176;94;48;2;178;190;99m▄[48;2;178;190;100m [38;2;177;188;99;48;2;169;178;99m▄[48;2;178;179;124m▄[38;2;171;182;99;48;2;208;206;149m▄[38;2;166;177;95;48;2;212;208;148m▄[38;2;176;188;99;48;2;154;162;90m▄[48;2;175;187;97m▄[38;2;175;186;98;48;2;168;179;96m▄[38;2;176;189;100;48;2;178;176;134m▄[38;2;180;192;104;48;2;176;178;120m▄[38;2;143;153;79;48;2;129;138;74m▄[38;2;90;94;58;48;2;132;137;85m▄[0m [38;2;1;1;1m        [0m
 [38;2;0;0;0m    [0m [7m[38;2;124;130;77m▄[0m[38;2;123;130;75;48;2;177;189;102m▄[38;2;176;188;98;48;2;164;175;92m▄[38;2;176;188;99;48;2;175;187;96m▄[38;2;177;189;100;48;2;176;188;99m▄[48;2;177;189;100m [38;2;176;188;100;48;2;177;189;101m▄▄[38;2;177;189;101;48;2;179;191;103m▄[38;2;166;177;93;48;2;164;174;93m▄[38;2;173;185;99;48;2;164;175;90m▄[38;2;174;186;99;48;2;174;186;96m▄[38;2;142;152;85;48;2;173;186;98m▄[0m[7m[38;2;72;76;46m▄[0m [38;2;0;0;0m         [0m
 [38;2;0;0;0m      [0m [38;2;113;118;74;48;2;166;176;98m▄[38;2;177;188;99;48;2;178;190;101m▄[38;2;177;189;100;48;2;176;189;99m▄[48;2;176;188;100m    [48;2;175;188;99m [38;2;174;187;98;48;2;176;188;99m▄[38;2;174;188;97;48;2;175;187;98m▄[0m[7m[38;2;89;93;55m▄[0m[38;2;37;39;27m           [0m
 [38;2;0;0;0m       [38;2;58;60;42;48;2;67;70;45m▄[38;2;179;190;102;48;2;175;187;96m▄[38;2;175;188;99;48;2;176;188;99m▄[38;2;175;187;99;48;2;177;189;101m▄[38;2;89;94;52;48;2;177;190;102m▄[38;2;40;42;24;48;2;177;189;100m▄[38;2;61;66;34;48;2;175;188;99m▄[38;2;125;134;70;48;2;177;189;100m▄[38;2;162;173;89;48;2;176;188;98m▄[38;2;172;184;92m▄[0m[38;2;106;112;68m▄           [0m
 [38;2;0;0;0m      [38;2;66;25;28m▄[38;2;94;65;37;48;2;63;66;48m▄[38;2;176;190;98;48;2;178;190;100m▄[38;2;175;188;98;48;2;176;189;99m▄[38;2;166;178;91;48;2;145;146;78m▄[38;2;143;115;63;48;2;110;37;28m▄[38;2;147;130;70;48;2;85;24;20m▄[38;2;102;108;56;48;2;6;3;2m▄[38;2;144;155;81;48;2;121;130;70m▄[0m   [38;2;0;0;0m           [0m
[38;2;97;68;6;48;2;39;32;15m▄[38;2;102;75;3;48;2;76;57;7m▄[38;2;172;127;5;48;2;62;49;18m▄[0m[38;2;187;139;5m▄[38;2;165;123;15m▄[38;2;78;64;26m▄[0m [38;2;93;5;15;48;2;98;22;27m▄[38;2;107;3;14;48;2;93;61;34m▄[38;2;109;61;37;48;2;174;188;95m▄[38;2;160;168;89;48;2;176;190;100m▄[38;2;176;189;99;48;2;174;187;97m▄[38;2;175;188;96;48;2;171;184;92m▄[38;2;176;190;99;48;2;173;186;96m▄[38;2;98;79;48;48;2;155;166;92m▄[0m[7m[38;2;105;112;72m▄[0m  [38;2;74;74;73m▄[0m [38;2;60;59;59m          [0m
[38;2;80;59;11;48;2;92;64;4m▄[38;2;103;72;2;48;2;94;67;3m▄[38;2;88;36;6;48;2;105;75;3m▄[38;2;126;64;7;48;2;193;140;2m▄[38;2;189;137;3;48;2;194;140;2m▄[38;2;184;135;3;48;2;190;140;3m▄[38;2;129;82;4;48;2;83;45;18m▄[38;2;91;2;10;48;2;93;1;12m▄[38;2;110;2;12;48;2;109;2;13m▄[38;2;111;2;13;48;2;110;2;14m▄[38;2;106;2;13;48;2;101;8;13m▄[38;2;97;35;24;48;2;133;115;61m▄[38;2;161;174;91;48;2;175;191;100m▄[38;2;104;14;17;48;2;130;135;68m▄[38;2;66;19;24;48;2;60;6;6m▄[0m[7m[38;2;71;47;40m▄[0m [38;2;144;143;139m▄[38;2;171;171;165;48;2;107;107;104m▄[38;2;150;149;143;48;2;187;187;184m▄[0m[38;2;80;79;78m▄[0m [38;2;5;5;5m      [0m [38;2;27;32;34m▄[0m
[7m[38;2;74;60;24m▄[0m[38;2;84;22;8;48;2;87;56;2m▄[38;2;106;2;15;48;2;102;3;13m▄[38;2;105;3;15;48;2;99;5;12m▄[38;2;120;60;6;48;2;155;111;3m▄[38;2;192;141;2;48;2;188;138;2m▄[38;2;151;109;2;48;2;156;110;3m▄[38;2;108;2;13;48;2;115;2;14m▄[38;2;107;2;14;48;2;95;2;11m▄[38;2;102;3;13;48;2;86;1;9m▄[38;2;92;2;10;48;2;107;2;12m▄[38;2;105;2;12;48;2;86;7;12m▄[38;2;94;4;13;48;2;100;56;35m▄[0m[7m[38;2;102;15;24m▄[0m  [7m[38;2;94;95;87m▄[0m  [38;2;117;117;114m▄[0m  [38;2;33;33;32m     [0m [38;2;31;37;39;48;2;23;25;26m▄[38;2;29;38;41;48;2;28;37;40m▄[0m
[?25h