[?25l[0m [38;2;0;0;0m  [0m [38;2;0;0;0m           [0m  [38;2;0;0;0m [0m [38;2;0;0;0m           [0m
 [38;2;0;0;0m    [0m  [38;2;59;64;46m▄[38;2;85;93;65m▄[38;2;62;68;44m▄[0m  [38;2;13;13;13m                  [0m
 [38;2;0;0;0m [0m [38;2;144;159;99m▄[38;2;191;214;123;48;2;83;90;65m▄[38;2;189;212;122;48;2;150;166;102m▄[38;2;188;211;121;48;2;187;210;123m▄[38;2;188;211;122;48;2;187;209;122m▄[38;2;188;211;123;48;2;187;210;122m▄[38;2;188;211;122;48;2;187;209;120m▄[38;2;188;211;123;48;2;190;213;125m▄[38;2;188;212;124;48;2;159;179;108m▄[38;2;189;214;125;48;2;92;100;70m▄[0m[38;2;138;153;97m▄[0m [38;2;13;13;11m               [0m
 [38;2;118;129;87m▄[38;2;191;214;126;48;2;154;171;104m▄[38;2;190;212;123;48;2;190;212;122m▄[38;2;189;212;123;48;2;190;212;123m▄[48;2;189;212;123m [48;2;189;212;124m [38;2;189;212;124;48;2;189;212;123m▄[48;2;188;211;123m▄[38;2;188;212;123m▄▄ [38;2;188;211;123;48;2;189;212;124m▄[38;2;189;212;124;48;2;188;212;124m▄[38;2;190;213;125;48;2;140;156;95m▄[0m[38;2;124;137;89m▄[0m [38;2;6;6;6m             [0m
 [38;2;188;210;122;48;2;169;189;110m▄[38;2;189;212;122;48;2;190;212;123m▄[38;2;189;212;123m▄[48;2;189;212;124m▄[38;2;189;212;124;48;2;189;212;123m▄ ▄▄[48;2;188;212;123m▄[38;2;189;213;124;48;2;189;212;123m▄[38;2;189;212;124m▄ [38;2;189;212;123;48;2;189;212;124m▄[38;2;189;212;124;48;2;190;213;125m▄[38;2;188;212;122;48;2;188;213;123m▄[38;2;169;190;110;48;2;74;80;55m▄[0m [38;2;26;27;23m            [0m
 [38;2;184;205;121;48;2;190;211;124m▄[38;2;189;212;123;48;2;190;212;122m▄[48;2;189;212;122m [48;2;189;212;123m [48;2;189;211;123m [38;2;188;212;123;48;2;189;212;123m▄[38;2;189;212;124;48;2;190;212;124m▄[48;2;190;213;124m▄[48;2;190;212;124m [48;2;190;213;124m [38;2;190;213;124;48;2;189;213;124m▄  [48;2;189;212;123m [38;2;188;212;123m▄[38;2;189;212;124;48;2;189;213;125m▄[38;2;180;202;118;48;2;117;128;85m▄[0m [38;2;39;40;32m           [0m
 [38;2;109;120;78;48;2;160;178;108m▄[38;2;190;213;124;48;2;190;212;123m▄[38;2;190;212;123;48;2;189;212;122m▄[48;2;189;212;123m [38;2;189;212;124m▄[48;2;189;212;124m  [38;2;190;213;125;48;2;190;213;124m▄[38;2;191;214;126m▄[48;2;190;213;125m▄[38;2;191;213;125;48;2;190;213;124m▄[38;2;190;213;124;48;2;189;212;124m▄[48;2;189;213;124m▄[38;2;189;213;124;48;2;189;212;124m▄[38;2;189;212;123m▄▄[48;2;187;212;120m▄[38;2;183;206;121;48;2;114;129;77m▄[0m  [38;2;7;7;7m         [0m
  [38;2;136;150;92;48;2;188;209;122m▄[38;2;189;212;123;48;2;189;212;122m▄[38;2;190;212;123;48;2;189;212;123m▄[38;2;190;213;125;48;2;189;212;124m▄[38;2;190;213;126m▄[38;2;191;214;129;48;2;190;214;126m▄[38;2;132;141;88;48;2;192;214;128m▄[38;2;188;189;134;48;2;195;216;130m▄[38;2;189;192;131;48;2;195;215;128m▄[38;2;173;183;121;48;2;192;214;127m▄[38;2;189;209;124;48;2;191;213;126m▄[48;2;190;213;124m [38;2;190;212;123;48;2;189;212;123m▄[38;2;189;212;123;48;2;188;211;122m▄[48;2;189;212;123m [38;2;188;212;124;48;2;190;214;125m▄[38;2;189;211;123;48;2;190;214;126m▄[38;2;162;176;109;48;2;178;201;119m▄[38;2;159;166;112;48;2;118;130;80m▄[0m [38;2;34;33;31m        [0m
 [38;2;0;0;0m [0m [38;2;139;151;97;48;2;188;210;124m▄[38;2;188;211;122;48;2;190;213;124m▄[38;2;188;212;123m▄[48;2;189;212;124m [38;2;187;209;125;48;2;186;209;122m▄[38;2;190;191;133;48;2;189;190;130m▄[38;2;252;249;174;48;2;251;249;168m▄[38;2;252;250;177;48;2;252;250;175m▄[38;2;238;236;167;48;2;250;250;181m▄[38;2;239;237;164;48;2;185;189;130m▄[38;2;174;178;117;48;2;180;201;117m▄[38;2;189;211;122;48;2;190;213;123m▄[38;2;189;212;123;48;2;189;213;123m▄[38;2;186;211;121;48;2;188;211;122m▄[38;2;171;190;110;48;2;186;209;119m▄[38;2;224;223;164;48;2;168;178;112m▄[38;2;232;231;162;48;2;239;238;169m▄[38;2;250;250;181;48;2;250;249;183m▄[38;2;114;113;84;48;2;104;103;77m▄[0m[38;2;114;113;84m        [0m
 [38;2;0;0;0m  [0m [38;2;112;122;77;48;2;179;200;116m▄[38;2;191;214;125;48;2;188;211;121m▄[48;2;188;212;123m▄[38;2;190;214;126;48;2;191;214;129m▄[38;2;168;185;110;48;2;177;183;126m▄[38;2;221;219;150;48;2;251;249;179m▄[38;2;252;249;170;48;2;252;250;175m▄[38;2;200;199;151;48;2;167;166;125m▄[38;2;209;208;152;48;2;177;176;123m▄[38;2;251;250;182;48;2;244;242;168m▄[38;2;174;180;123;48;2;165;178;111m▄[38;2;186;212;121;48;2;190;213;125m▄[38;2;188;213;124;48;2;188;214;125m▄[38;2;180;184;124;48;2;179;189;123m▄[38;2;250;248;169;48;2;248;247;186m▄[38;2;160;160;109;48;2;107;106;74m▄[38;2;218;217;154;48;2;248;248;169m▄[0m[7m[38;2;76;75;57m▄[0m[38;2;20;20;18m        [0m
  [38;2;59;64;48m▄[38;2;90;99;68m▄[0m [38;2;125;137;89;48;2;183;203;123m▄[38;2;188;212;122;48;2;190;213;124m▄[38;2;190;213;125;48;2;188;212;123m▄[38;2;189;212;123;48;2;187;211;119m▄[38;2;191;214;127;48;2;160;172;106m▄[38;2;169;183;116;48;2;234;232;168m▄[38;2;191;192;137;48;2;252;251;180m▄[38;2;243;242;172;48;2;252;251;173m▄[38;2;235;233;165;48;2;252;251;171m▄[38;2;154;164;103;48;2;177;179;121m▄[38;2;188;212;123;48;2;189;213;124m▄[38;2;189;213;124;48;2;193;215;130m▄[38;2;160;168;111;48;2;185;187;140m▄[38;2;209;209;152;48;2;252;251;182m▄[38;2;145;150;103;48;2;249;248;173m▄[38;2;89;98;64;48;2;102;101;78m▄[0m [38;2;9;9;10m        [0m
  [7m[38;2;139;154;95m▄[0m[38;2;108;117;77;48;2;184;208;115m▄[38;2;168;187;111;48;2;184;209;116m▄[38;2;192;216;128;48;2;161;183;104m▄[48;2;152;169;98m▄[38;2;190;214;125;48;2;188;210;124m▄[38;2;188;212;123;48;2;190;213;125m▄[38;2;188;211;123m▄[48;2;189;212;124m▄[38;2;188;212;123;48;2;185;207;121m▄[38;2;188;212;125;48;2;158;176;106m▄[38;2;190;214;126;48;2;162;180;109m▄[38;2;191;215;128;48;2;188;212;124m▄[38;2;183;206;121m▄[38;2;185;209;119;48;2;187;211;122m▄[38;2;182;206;116;48;2;184;209;119m▄[38;2;188;213;123;48;2;177;200;119m▄[38;2;138;153;92;48;2;150;171;100m▄[0m[7m[38;2;157;173;106m▄[0m [38;2;0;0;0m        [0m
 [38;2;0;0;0m   [0m [7m[38;2;104;113;75m▄[0m[38;2;92;99;70;48;2;185;208;118m▄[38;2;191;213;126;48;2;188;211;123m▄[38;2;189;213;124;48;2;189;212;123m▄[48;2;189;212;124m▄[48;2;188;212;124m [48;2;188;212;123m [38;2;187;211;123;48;2;187;212;123m▄[38;2;188;212;123m▄[38;2;188;213;124;48;2;189;214;126m▄[48;2;161;180;105m▄[38;2;189;213;125;48;2;191;214;126m▄[38;2;190;214;125;48;2;167;187;109m▄[38;2;178;200;119;48;2;186;210;122m▄[0m[7m[38;2;52;55;42m▄[0m [38;2;0;0;0m         [0m
 [38;2;0;0;0m     [0m [38;2;61;66;47;48;2;141;154;99m▄[38;2;190;214;125;48;2;190;214;126m▄[38;2;190;213;125;48;2;189;213;124m▄ [38;2;189;213;124;48;2;188;212;124m▄[48;2;188;213;124m▄[38;2;189;214;124;48;2;188;213;123m▄[38;2;189;213;124;48;2;188;213;124m▄▄[38;2;189;213;125;48;2;188;212;124m▄[48;2;188;212;122m [38;2;157;178;104;48;2;155;175;102m▄[0m [38;2;9;9;9m          [0m
 [38;2;0;0;0m      [0m [38;2;149;164;106;48;2;172;193;115m▄[38;2;190;214;127;48;2;190;214;125m▄[38;2;189;213;124;48;2;189;213;125m▄[48;2;189;212;124m [38;2;188;212;123;48;2;189;213;125m▄[38;2;191;214;126;48;2;189;214;125m▄[38;2;157;173;103;48;2;189;214;124m▄[38;2;149;166;97;48;2;188;213;122m▄[38;2;144;161;93;48;2;190;214;125m▄[38;2;178;198;119;48;2;190;214;124m▄[38;2;192;215;125;48;2;184;208;117m▄[0m[38;2;114;125;80m▄          [0m
 [38;2;0;0;0m     [0m [38;2;46;21;26m▄[38;2;98;95;57;48;2;123;134;88m▄[38;2;187;212;120;48;2;188;212;122m▄[38;2;189;213;124;48;2;190;214;125m▄[38;2;190;214;125;48;2;189;213;125m▄[48;2;188;213;123m▄[38;2;188;213;124;48;2;189;213;124m▄[38;2;190;215;127;48;2;192;215;129m▄[38;2;94;103;71;48;2;179;200;121m▄[0m[7m[38;2;93;98;73m▄[0m   [38;2;0;0;0m          [0m
 [38;2;0;0;0m     [0m [38;2;99;14;32;48;2;75;9;22m▄[38;2;120;1;24;48;2;85;64;43m▄[38;2;103;14;24;48;2;183;205;117m▄[38;2;118;74;53;48;2;191;213;124m▄[38;2;127;116;73;48;2;191;214;125m▄[38;2;159;177;100;48;2;190;214;124m▄[38;2;189;216;124;48;2;188;214;123m▄[38;2;134;141;80;48;2;180;205;116m▄[38;2;86;2;18;48;2;65;28;29m▄[0m[38;2;48;24;30m▄            [0m [0m
  [38;2;102;76;11m▄[38;2;170;127;18m▄[38;2;169;128;18m▄[38;2;159;121;25m▄[38;2;123;95;39m▄[38;2;81;5;18;48;2;86;16;31m▄[38;2;111;0;23;48;2;113;0;24m▄[38;2;111;0;25;48;2;115;0;25m▄[38;2;113;0;25;48;2;112;0;25m▄[38;2;115;0;26;48;2;110;1;26m▄[38;2;109;4;25;48;2;106;47;40m▄[38;2;109;98;58;48;2;179;206;116m▄[38;2;104;1;22;48;2;103;15;25m▄[38;2;85;10;18;48;2;107;2;24m▄[0m[38;2;114;90;31m▄[38;2;171;139;54m▄[38;2;160;128;41m▄[38;2;69;58;28m▄        [0m [38;2;57;57;57;48;2;48;48;49m▄[0m
 [38;2;43;38;21;48;2;61;55;31m▄[38;2;128;100;8;48;2;119;94;10m▄[38;2;99;43;12;48;2;125;96;12m▄[38;2;131;78;15;48;2;203;150;19m▄[38;2;194;145;20;48;2;197;147;20m▄[38;2;194;147;20;48;2;193;146;19m▄[38;2;140;89;16;48;2;108;42;17m▄[38;2;114;0;24;48;2;98;0;19m▄[48;2;114;0;24m [48;2;116;0;25m▄[38;2;114;0;25;48;2;115;0;25m▄[38;2;113;0;25m▄[48;2;96;2;21m▄[38;2;115;0;26;48;2;111;0;25m▄[38;2;116;1;25;48;2;81;8;15m▄[38;2;148;99;13;48;2;186;138;18m▄[38;2;198;147;20;48;2;197;148;20m▄[38;2;194;146;19;48;2;200;152;21m▄[38;2;50;41;22;48;2;89;70;23m▄[0m[38;2;50;41;22m       [0m [38;2;59;59;59;48;2;51;51;51m▄[38;2;63;63;63;48;2;63;64;63m▄[0m
[?25h