[?25l[0m    [38;2;34;34;34m [0m [38;2;107;137;123;48;2;128;174;152m▄[38;2;141;186;164;48;2;138;184;162m▄[38;2;139;185;162;48;2;140;186;163m▄[38;2;138;184;161;48;2;143;188;165m▄[48;2;133;176;155m▄[38;2;139;184;162;48;2;135;179;158m▄[38;2;143;188;166;48;2;138;183;162m▄[38;2;113;147;131;48;2;100;128;115m▄[0m     [38;2;25;25;25m          [0m [0m
    [38;2;0;0;0m  [7m[38;2;79;93;86m▄[0m[38;2;108;139;124;48;2;141;187;165m▄[38;2;110;141;126;48;2;139;184;162m▄[38;2;113;143;128;48;2;138;184;161m▄[38;2;112;144;128;48;2;139;184;162m▄[38;2;115;145;131;48;2;141;186;163m▄[38;2;118;146;133;48;2;143;188;165m▄[38;2;101;127;114;48;2;120;158;139m▄[0m   [38;2;35;35;35m [0m  [38;2;22;22;22m        [0m [38;2;166;175;151;48;2;158;167;142m▄[0m
 [38;2;0;0;0m                             [0m
 [38;2;0;0;0m      [0m  [38;2;54;59;44m▄[38;2;54;60;46m▄[0m   [38;2;7;7;7m                [0m
 [38;2;0;0;0m   [0m [38;2;85;96;62m▄[38;2;170;199;112;48;2;66;73;54m▄[38;2;173;201;116;48;2;136;159;100m▄[38;2;173;202;117;48;2;172;201;120m▄[38;2;173;202;118;48;2;173;204;119m▄[38;2;172;201;117;48;2;171;201;115m▄[38;2;172;200;117;48;2;171;201;116m▄[38;2;172;201;117;48;2;156;184;109m▄[38;2;172;202;117;48;2;131;149;97m▄[38;2;171;201;115;48;2;58;64;46m▄[0m[38;2;127;146;91m▄[0m [38;2;34;36;29m             [0m
 [38;2;0;0;0m  [0m [38;2;127;144;91;48;2;53;58;43m▄[38;2;173;202;117;48;2;170;198;115m▄[48;2;173;202;116m▄▄[48;2;173;202;117m [38;2;172;202;117;48;2;173;202;118m▄[38;2;173;202;117;48;2;172;201;117m▄[38;2;172;202;117m▄ [38;2;173;202;117m▄[38;2;173;202;118;48;2;173;202;117m▄[48;2;173;203;118m [38;2;172;202;117;48;2;158;185;109m▄[38;2;166;194;112;48;2;63;69;51m▄[0m[38;2;87;95;72m▄[0m [38;2;4;4;4m          [0m
 [38;2;0;0;0m  [0m [38;2;167;195;116;48;2;150;175;102m▄[38;2;172;201;116;48;2;173;201;117m▄[48;2;172;201;116m [38;2;173;202;117;48;2;173;201;117m▄[48;2;172;202;117m [48;2;172;201;117m [38;2;172;202;117;48;2;172;202;116m▄[38;2;172;201;117;48;2;172;202;117m▄[38;2;173;202;117m▄▄[38;2;173;202;118;48;2;173;202;117m▄[48;2;173;202;118m [48;2;173;202;119m▄[38;2;172;201;118;48;2;172;202;117m▄[38;2;171;201;116;48;2;164;193;112m▄[38;2;157;185;108;48;2;62;68;49m▄[0m [38;2;46;49;39m         [0m
 [38;2;0;0;0m  [0m [38;2;164;190;113;48;2;167;195;115m▄[38;2;173;202;118;48;2;173;202;117m▄[38;2;173;202;117;48;2;173;201;117m▄[38;2;173;201;118;48;2;172;201;117m▄[38;2;173;201;117m▄ [38;2;172;202;117m▄[38;2;173;202;117;48;2;173;201;117m▄[48;2;173;202;118m▄[38;2;173;202;118;48;2;173;202;117m▄[38;2;173;202;117;48;2;172;202;117m▄[38;2;172;202;117;48;2;173;202;117m▄[38;2;172;201;116;48;2;172;202;117m▄[38;2;171;201;116;48;2;172;201;117m▄[38;2;171;201;117;48;2;171;201;116m▄[48;2;171;201;117m [38;2;170;201;116;48;2;136;159;95m▄[0m[38;2;98;112;74m▄[0m [38;2;2;2;2m       [0m
 [38;2;0;0;0m  [0m [38;2;130;148;94;48;2;148;172;103m▄[38;2;173;201;115;48;2;173;201;117m▄[38;2;173;201;116;48;2;172;202;117m▄[48;2;173;201;117m [38;2;173;202;117;48;2;172;201;117m▄[48;2;172;202;117m  [48;2;173;202;117m  [38;2;174;202;118m▄ [38;2;173;202;117;48;2;172;202;117m▄[38;2;172;201;117;48;2;172;201;116m▄[48;2;171;201;116m▄[38;2;172;201;116;48;2;171;202;116m▄[38;2;171;201;116;48;2;171;201;117m▄[48;2;170;200;115m▄[48;2;159;190;107m▄[0m[38;2;128;146;92m▄[0m [38;2;10;10;10m      [0m
 [38;2;0;0;0m   [7m[38;2;89;100;67m▄[0m[38;2;173;199;119;48;2;172;200;116m▄[38;2;174;203;119;48;2;173;202;117m▄[38;2;173;202;117;48;2;173;202;118m▄[48;2;172;201;117m [38;2;172;201;116m▄[38;2;173;201;117;48;2;173;202;117m▄[38;2;173;203;118;48;2;173;202;118m▄[38;2;174;203;119;48;2;173;203;118m▄[38;2;174;203;120;48;2;174;202;118m▄[38;2;174;203;119;48;2;173;202;118m▄[38;2;174;202;119m▄[48;2;173;202;117m [48;2;172;201;116m [38;2;172;201;116;48;2;171;201;115m▄[48;2;171;201;116m [48;2;172;201;117m [38;2;172;202;117;48;2;171;201;116m▄[38;2;170;200;116;48;2;168;198;113m▄[38;2;120;138;83;48;2;51;55;40m▄[0m[38;2;77;86;61m▄[0m [38;2;11;10;10m    [0m
 [38;2;0;0;0m   [0m [38;2;85;95;64;48;2;143;163;101m▄[38;2;174;201;117;48;2;173;201;118m▄[48;2;172;201;116m [38;2;173;202;117;48;2;171;200;116m▄[38;2;173;202;118;48;2;172;201;117m▄[38;2;172;202;118;48;2;173;202;117m▄[38;2;165;193;113;48;2;173;203;118m▄[38;2;157;164;116;48;2;177;206;123m▄[38;2;185;185;144;48;2;181;209;127m▄[38;2;175;178;130;48;2;176;204;121m▄[38;2;142;153;99;48;2;168;194;113m▄[38;2;147;167;97;48;2;163;188;109m▄[38;2;172;200;115;48;2;172;202;116m▄[38;2;173;202;116;48;2;172;201;115m▄[38;2;172;202;117;48;2;171;201;115m▄[38;2;171;200;116;48;2;171;200;115m▄[38;2;171;200;117;48;2;170;199;116m▄[38;2;146;166;102;48;2;172;201;119m▄[38;2;172;178;131;48;2;175;203;122m▄[38;2;170;174;133;48;2;169;196;114m▄[38;2;60;65;49;48;2;64;69;50m▄[0m[38;2;60;65;49m    [0m
 [38;2;0;0;0m    [0m [38;2;100;113;73;48;2;162;186;110m▄[38;2;170;199;114;48;2;171;200;116m▄[38;2;172;200;115;48;2;172;201;116m▄[38;2;172;201;116;48;2;172;201;117m▄[38;2;173;202;118m▄[38;2;147;169;101;48;2;144;164;97m▄[38;2;246;242;186;48;2;247;243;177m▄[38;2;252;248;186;48;2;252;248;180m▄[38;2;252;248;184;48;2;252;248;187m▄[38;2;227;224;165;48;2;244;241;183m▄[38;2;180;177;137;48;2;156;162;110m▄[38;2;153;162;107;48;2;171;197;119m▄[38;2;169;199;113;48;2;172;201;116m▄[48;2;171;201;116m [38;2;173;202;119;48;2;171;200;116m▄[38;2;169;176;126;48;2;157;179;107m▄[38;2;251;247;191;48;2;202;202;150m▄[38;2;177;174;131;48;2;251;248;182m▄[38;2;224;221;177;48;2;249;246;194m▄[0m[38;2;75;74;64m▄    [0m
 [38;2;0;0;0m     [0m [38;2;105;117;80;48;2;161;187;110m▄[38;2;173;203;118;48;2;174;203;118m▄[38;2;172;201;116;48;2;173;202;117m▄[38;2;170;200;115;48;2;172;202;117m▄[38;2;168;198;113;48;2;166;194;113m▄[38;2;146;165;101;48;2;191;192;142m▄[38;2;224;222;168;48;2;251;248;180m▄[38;2;252;249;191;48;2;252;248;185m▄[38;2;251;249;187;48;2;219;217;166m▄[38;2;250;247;183;48;2;172;170;133m▄[38;2;249;245;183;48;2;223;220;168m▄[38;2;163;175;114;48;2;152;174;104m▄[38;2;173;202;121;48;2;174;202;120m▄[38;2;147;168;100;48;2;156;184;108m▄[38;2;247;242;178;48;2;218;216;163m▄[38;2;252;247;181;48;2;252;248;192m▄[38;2;250;247;193;48;2;177;176;139m▄[38;2;137;135;109;48;2;196;193;151m▄[0m [38;2;11;11;11m    [0m
 [38;2;0;0;0m    [38;2;84;94;65m▄[38;2;170;198;120m▄[38;2;142;164;103m▄[38;2;125;144;88;48;2;153;178;103m▄[38;2;158;183;109;48;2;170;200;115m▄[38;2;175;203;120;48;2;171;201;117m▄[38;2;173;202;118;48;2;172;201;117m▄[38;2;172;202;117;48;2;173;202;120m▄[38;2;169;199;113;48;2;126;140;87m▄[38;2;142;166;95;48;2;208;207;150m▄[38;2;149;160;106;48;2;251;247;181m▄[38;2;175;178;129;48;2;252;247;183m▄[38;2;164;169;117;48;2;249;245;178m▄[38;2;151;177;103;48;2;165;176;116m▄[38;2;169;200;117;48;2;174;203;123m▄[38;2;161;192;112;48;2;151;172;105m▄[38;2;153;162;109;48;2;247;242;182m▄[38;2;160;171;115;48;2;251;246;177m▄[38;2;156;182;108;48;2;190;192;140m▄[38;2;135;158;92;48;2;104;118;78m▄[38;2;139;158;100;48;2;132;153;96m▄[0m [38;2;14;14;14m   [0m
 [38;2;0;0;0m    [0m [7m[38;2;154;178;109m▄[0m[38;2;137;157;97;48;2;176;204;125m▄[38;2;171;201;116;48;2;175;204;123m▄[38;2;169;199;115;48;2;152;178;105m▄[38;2;169;198;114;48;2;146;170;98m▄[38;2;171;200;116;48;2;170;199;115m▄[38;2;172;201;117;48;2;171;201;116m▄[48;2;171;200;117m▄▄[38;2;172;201;118;48;2;173;202;119m▄[38;2;171;200;117;48;2;175;204;122m▄[38;2;171;200;118;48;2;172;201;120m▄[38;2;172;202;120;48;2;171;201;118m▄[38;2;140;162;97;48;2;171;201;119m▄[38;2;168;196;115;48;2;170;203;118m▄[38;2;139;162;94;48;2;175;204;120m▄[38;2;173;202;117;48;2;177;205;123m▄[38;2;138;161;93;48;2;169;198;114m▄[38;2;57;60;48;48;2;122;141;85m▄[0m [38;2;0;0;0m    [0m
 [38;2;0;0;0m      [0m [7m[38;2;111;125;80m▄[0m[38;2;86;95;66;48;2;169;198;115m▄[38;2;172;199;119;48;2;173;202;120m▄[38;2;173;202;117;48;2;173;202;118m▄[38;2;172;202;117;48;2;172;201;117m▄ [48;2;171;201;117m [38;2;171;201;116m▄[38;2;171;200;116m▄[38;2;170;200;116;48;2;170;200;117m▄[38;2;170;201;116;48;2;170;201;117m▄[38;2;171;201;116;48;2;161;189;109m▄[38;2;172;201;117;48;2;174;203;119m▄[38;2;170;200;115;48;2;164;192;111m▄[38;2;170;201;116;48;2;173;203;119m▄[38;2;55;59;42;48;2;110;124;82m▄[0m [38;2;0;0;0m     [0m
 [38;2;0;0;0m        [0m [7m[38;2;83;91;64m▄[0m[38;2;158;182;106;48;2;165;193;111m▄[48;2;172;202;117m  [48;2;171;201;116m  [38;2;171;200;116;48;2;170;200;116m▄[38;2;171;201;116m▄[48;2;171;201;116m [38;2;171;201;117m▄[38;2;171;202;117;48;2;171;201;117m▄[38;2;172;203;119;48;2;171;201;118m▄[38;2;151;177;108;48;2;157;187;108m▄[0m [38;2;11;11;11m      [0m
 [38;2;0;0;0m         [0m [38;2;89;100;71;48;2;123;139;89m▄[38;2;172;202;119;48;2;172;202;118m▄[38;2;173;202;117;48;2;172;202;117m▄ [38;2;172;202;117;48;2;172;201;117m▄[38;2;172;202;118m▄[38;2;173;202;118m▄[48;2;171;202;117m▄[38;2;172;201;117m▄[38;2;171;201;116;48;2;172;203;117m▄[38;2;173;204;119;48;2;171;202;116m▄[38;2;173;203;120;48;2;151;177;107m▄[0m [38;2;48;52;37m      [0m
 [38;2;0;0;0m          [0m [38;2;167;195;113;48;2;173;203;120m▄[38;2;173;202;116;48;2;173;202;117m▄[38;2;173;203;118m▄[48;2;173;202;118m▄[38;2;173;203;117;48;2;172;202;118m▄[38;2;172;202;117;48;2;173;202;118m▄[38;2;169;198;114;48;2;158;184;108m▄[38;2;110;111;64;48;2;80;90;52m▄[38;2;128;140;89;48;2;118;130;80m▄[0m[7m[38;2;123;141;89m▄[38;2;139;157;104m▄[38;2;60;66;50m▄[0m[38;2;0;0;0m      [0m
 [38;2;0;0;0m        [0m [38;2;61;8;14m▄[38;2;63;2;9;48;2;49;35;36m▄[38;2;151;174;101;48;2;155;182;104m▄[38;2;175;203;119;48;2;172;202;116m▄[38;2;173;202;117;48;2;173;203;117m▄[48;2;173;203;118m▄[38;2;173;202;118m▄[38;2;173;204;118;48;2;172;202;117m▄[38;2;173;204;119;48;2;170;201;115m▄[38;2;109;120;75;48;2;136;156;92m▄[0m[7m[38;2;72;77;60m▄[0m [38;2;10;10;10m        [0m
[?25h