[?25l[0m[38;2;92;37;101;48;2;92;37;100m▄[38;2;92;37;100;48;2;90;37;98m▄[38;2;78;32;86m▄[38;2;84;52;89;48;2;53;36;55m▄[0m[38;2;71;32;77m▄[38;2;70;31;76m▄[38;2;89;55;95m▄[38;2;64;38;68m▄[0m  [38;2;13;13;13m                 [0m [38;2;30;32;32;48;2;88;100;103m [0m [0m
[38;2;93;37;101;48;2;93;36;101m▄[38;2;92;37;101;48;2;92;36;101m▄[48;2;92;37;102m▄[38;2;93;37;101m▄[38;2;93;38;102;48;2;92;37;101m▄[48;2;94;38;103m▄[38;2;93;38;101;48;2;94;38;102m▄[38;2;80;32;86;48;2;93;37;101m▄[38;2;62;32;66;48;2;89;35;95m▄[38;2;66;42;70;48;2;80;42;84m▄[0m[38;2;62;51;63m▄[0m [38;2;6;6;6m               [38;2;54;61;62m▄[38;2;90;106;109;48;2;84;98;101m▄[0m [0m
[38;2;93;36;100;48;2;93;37;101m▄[48;2;92;37;100m [38;2;92;37;100;48;2;93;37;100m▄[38;2;94;38;102;48;2;93;38;101m▄[48;2;94;38;102m  [38;2;93;38;101;48;2;94;39;102m▄[48;2;91;38;99m▄[38;2;92;38;100;48;2;68;37;73m▄[0m[38;2;78;42;83m▄[0m [38;2;14;13;14m              [0m [38;2;100;109;111m▄[38;2;154;175;182;48;2;55;62;63m▄[38;2;156;177;183;48;2;81;95;97m▄[0m[38;2;144;161;166m▄[0m
[38;2;93;37;100;48;2;92;37;100m▄▄[38;2;93;37;101;48;2;93;38;101m▄[48;2;93;38;102m [38;2;93;38;102;48;2;94;39;102m▄[48;2;94;38;102m▄[38;2;93;38;101;48;2;93;38;102m▄[48;2;93;38;101m [38;2;94;39;102;48;2;93;39;102m▄[38;2;94;39;103;48;2;95;39;103m▄[38;2;85;36;92;48;2;65;44;69m▄[0m [38;2;27;25;28m         [0m [38;2;64;68;68m▄[38;2;131;149;152m▄[38;2;143;163;167;48;2;88;96;98m▄[48;2;110;125;128m▄[48;2;110;126;129m▄[48;2;114;130;132m▄[48;2;120;134;137m▄[38;2;142;163;167;48;2;119;135;138m▄[0m
[7m[38;2;93;37;100m [0m[38;2;93;37;101;48;2;93;37;100m▄[48;2;93;37;101m [38;2;93;38;101;48;2;93;38;102m▄▄ [38;2;93;38;102;48;2;93;38;101m▄[48;2;93;38;102m [48;2;94;38;102m▄[48;2;94;39;103m [38;2;95;40;103;48;2;94;38;102m▄[38;2;74;46;79;48;2;50;34;52m▄[0m[38;2;74;46;79m        [0m [38;2;120;137;140m▄[38;2;141;161;166;48;2;137;156;159m▄[38;2;143;163;167;48;2;144;164;167m▄[38;2;144;164;168;48;2;143;163;167m▄[48;2;143;164;168m▄[48;2;144;164;168m  [48;2;143;163;168m▄[38;2;143;164;168;48;2;143;163;167m▄[0m
[38;2;98;54;76;48;2;93;37;99m▄[38;2;91;35;97;48;2;92;37;100m▄[48;2;93;37;101m [38;2;93;37;101;48;2;93;38;102m▄[38;2;92;37;101;48;2;93;37;101m▄[38;2;93;37;101;48;2;93;38;101m▄[38;2;92;37;101m▄[48;2;92;38;101m [38;2;93;38;102;48;2;93;38;101m▄[48;2;94;39;103m [38;2;95;40;103;48;2;96;41;103m▄[38;2;80;41;84;48;2;81;45;85m▄[0m [38;2;3;3;3m       [38;2;85;94;95m▄[38;2;146;165;169;48;2;147;166;170m▄[38;2;144;164;168;48;2;144;163;167m▄[48;2;144;164;168m   [48;2;144;164;167m▄[48;2;144;164;168m   [0m
[38;2;240;174;121;48;2;234;170;116m▄[38;2;239;175;122;48;2;134;90;85m▄[38;2;127;84;77;48;2;90;35;96m▄[38;2;91;36;97;48;2;92;37;100m▄[48;2;93;37;101m [38;2;92;37;101m▄[38;2;92;38;101m▄[38;2;93;38;102;48;2;93;38;101m▄[38;2;94;38;102;48;2;93;38;102m▄[38;2;93;39;102;48;2;94;39;102m▄[38;2;93;39;101;48;2;94;40;102m▄[38;2;73;43;77;48;2;86;49;91m▄[0m [38;2;0;0;0m      [0m [38;2;120;135;137;48;2;100;112;115m▄[38;2;143;163;167;48;2;145;164;168m▄[48;2;144;164;168m▄[48;2;144;164;167m▄[38;2;144;164;168;48;2;143;164;167m▄[48;2;144;164;168m  [38;2;144;164;167m▄[48;2;145;164;168m▄[48;2;144;164;168m [0m
[38;2;237;170;115;48;2;240;173;119m▄[38;2;221;160;110;48;2;240;173;117m▄[38;2;242;179;126;48;2;235;171;117m▄[38;2;182;134;96;48;2;105;60;81m▄[38;2;76;30;81;48;2;92;37;100m▄[38;2;90;36;99;48;2;91;36;100m▄[38;2;92;37;101;48;2;92;37;100m▄[38;2;93;38;102;48;2;93;38;101m▄[38;2;93;39;102;48;2;94;39;102m▄[38;2;94;39;103m▄[38;2;93;39;102m▄[0m[7m[38;2;53;34;56m▄[0m[38;2;33;25;34m      [0m  [38;2;92;105;108;48;2;121;136;139m▄[38;2;111;127;130;48;2;145;164;168m▄[38;2;119;134;136;48;2;144;163;168m▄[38;2;118;133;136;48;2;143;163;167m▄[38;2;115;130;133;48;2;144;164;168m▄[38;2;112;127;130;48;2;145;164;168m▄[38;2;113;129;131m▄[38;2;128;145;148;48;2;144;164;168m▄[38;2;143;162;166m▄[38;2;144;163;167m▄[0m
[38;2;146;111;80;48;2;217;159;111m▄[38;2;129;99;74;48;2;214;158;111m▄[38;2;113;93;74;48;2;243;179;125m▄[38;2;105;88;73;48;2;177;128;86m▄[38;2;102;76;59;48;2;119;75;82m▄[38;2;87;35;94;48;2;93;37;101m▄[38;2;90;35;99;48;2;92;37;101m▄[38;2;91;36;100;48;2;93;37;101m▄[38;2;92;37;100;48;2;93;37;102m▄[48;2;93;38;101m [38;2;78;41;84;48;2;82;33;89m▄[0m [38;2;4;4;4m   [0m [38;2;83;92;95m▄[38;2;146;165;170;48;2;50;54;56m▄[38;2;84;94;97;48;2;118;131;135m▄[38;2;54;60;62;48;2;135;154;159m▄[38;2;45;50;51;48;2;155;176;182m▄[38;2;47;51;50;48;2;164;184;190m▄[38;2;37;41;42m▄[38;2;33;38;39;48;2;167;186;193m▄[38;2;37;41;42;48;2;166;185;192m▄[38;2;46;52;53;48;2;161;181;188m▄[38;2;58;65;66;48;2;155;176;183m▄[38;2;73;82;84;48;2;150;169;176m▄[38;2;93;103;105;48;2;136;152;157m▄[38;2;143;159;165;48;2;137;152;156m▄[0m
 [38;2;0;0;0m  [0m  [7m[38;2;60;36;64m▄[0m[38;2;83;32;91;48;2;87;32;95m▄[38;2;94;37;102;48;2;92;36;101m▄[38;2;93;37;101;48;2;93;37;102m▄[38;2;92;37;100;48;2;94;38;102m▄[38;2;66;45;70;48;2;68;41;72m▄[0m[38;2;66;45;70m    [38;2;96;105;108m▄[38;2;94;106;110;48;2;148;166;173m▄[38;2;2;2;2;48;2;24;27;26m▄[38;2;51;51;36;48;2;6;6;4m▄[38;2;246;245;176;48;2;94;93;67m▄[38;2;251;249;178;48;2;223;222;155m▄[38;2;249;248;176;48;2;243;242;175m▄[38;2;249;249;176;48;2;231;230;165m▄[38;2;250;250;181;48;2;137;135;94m▄[38;2;171;169;124;48;2;9;9;5m▄[38;2;249;248;177;48;2;99;99;70m▄[38;2;250;249;172;48;2;205;204;149m▄[38;2;250;248;176;48;2;224;223;168m▄[38;2;249;249;177;48;2;191;190;143m▄[38;2;247;247;172;48;2;89;89;66m▄[0m
 [38;2;0;0;0m  [7m[38;2;18;18;18m▄[38;2;37;37;38m▄[0m[38;2;13;13;13m [7m[38;2;52;33;55m▄[0m[38;2;74;42;79;48;2;95;38;104m▄[38;2;90;35;97;48;2;92;37;100m▄[38;2;92;37;99;48;2;91;36;98m▄[38;2;68;42;71;48;2;58;37;61m▄[0m[38;2;68;42;71m    [38;2;103;113;116;48;2;112;123;126m▄[38;2;89;100;104;48;2;69;78;80m▄[38;2;3;3;2;48;2;1;1;1m▄[38;2;112;111;77;48;2;116;115;84m▄[38;2;250;249;172;48;2;251;249;180m▄[38;2;249;249;176;48;2;249;247;182m▄[38;2;109;109;81;48;2;72;71;49m▄[38;2;175;174;127;48;2;158;157;112m▄[38;2;244;243;173;48;2;246;245;172m▄[38;2;203;200;136;48;2;201;199;142m▄[38;2;249;248;171;48;2;251;250;175m▄[38;2;251;250;178;48;2;250;249;176m▄[38;2;199;198;145;48;2;214;213;154m▄[38;2;40;41;28;48;2;109;108;78m▄[38;2;208;207;146;48;2;221;220;159m▄[0m
[38;2;96;76;58m▄[0m  [38;2;7;7;7m [0m  [38;2;72;60;50m▄[38;2;198;151;110m▄[38;2;74;61;50;48;2;69;39;72m▄[38;2;37;27;39;48;2;90;37;97m▄[38;2;82;45;85;48;2;78;38;83m▄[0m[38;2;49;37;50m▄   [0m [38;2;103;112;115;48;2;137;156;163m▄[38;2;151;168;173;48;2;15;17;18m▄[38;2;75;84;87;48;2;34;35;23m▄[38;2;90;93;79;48;2;237;236;172m▄[38;2;186;188;143;48;2;251;249;182m▄[38;2;187;189;134;48;2;250;249;178m▄[38;2;203;202;138;48;2;250;250;177m▄[38;2;166;165;117;48;2;251;250;179m▄[38;2;24;24;17;48;2;188;186;129m▄[38;2;161;159;118;48;2;250;249;178m▄[38;2;231;230;159;48;2;250;250;178m▄[38;2;236;235;165;48;2;250;250;176m▄[38;2;224;223;160;48;2;250;249;174m▄[38;2;172;176;136;48;2;250;249;177m▄[0m
[38;2;238;172;118;48;2;238;173;120m▄[48;2;215;156;107m▄[38;2;238;171;117;48;2;180;132;92m▄[38;2;238;171;116;48;2;183;143;107m▄[38;2;239;174;121;48;2;183;140;104m▄[38;2;203;148;101;48;2;194;141;97m▄[38;2;238;173;119;48;2;239;175;122m▄[38;2;228;169;116;48;2;240;178;124m▄[0m [38;2;29;27;26m  [0m [38;2;0;0;0m    [0m [7m[38;2;56;61;63m▄[38;2;118;130;134m▄[38;2;128;145;151m▄[0m[38;2;116;135;139;48;2;145;166;174m▄[38;2;118;136;139;48;2;158;182;188m▄[38;2;119;136;140;48;2;163;185;191m▄[38;2;116;133;137;48;2;151;173;179m▄[38;2;115;133;137;48;2;139;161;166m▄[38;2;119;136;140;48;2;139;159;166m▄[38;2;123;139;143;48;2;128;149;155m▄[38;2;124;140;143;48;2;133;151;158m▄[38;2;123;139;142;48;2;145;167;173m▄[38;2;119;136;139;48;2;163;185;192m▄[0m
[7m[38;2;239;172;118m [0m[38;2;238;172;119;48;2;238;172;118m▄[38;2;238;170;116m▄[38;2;206;150;100;48;2;239;174;119m▄[38;2;238;170;114;48;2;238;174;119m▄[38;2;237;174;119;48;2;204;146;97m▄[38;2;190;140;95;48;2;210;149;99m▄[38;2;196;146;103;48;2;198;143;96m▄[0m [38;2;18;18;18m          [0m [38;2;83;90;92;48;2;136;157;162m▄[38;2;121;133;135;48;2;146;166;171m▄[38;2;115;130;132;48;2;143;163;168m▄[38;2;117;135;137;48;2;142;163;167m▄[38;2;129;147;150;48;2;143;163;168m▄[38;2;140;157;160;48;2;144;163;168m▄[38;2;142;159;162;48;2;144;164;168m▄[48;2;144;163;167m▄[38;2;138;156;159;48;2;143;163;167m▄[38;2;135;154;158;48;2;142;163;167m▄[0m
[38;2;217;132;115;48;2;239;172;118m▄[38;2;214;125;116;48;2;239;171;118m▄[38;2;218;134;120;48;2;238;169;116m▄[38;2;220;145;111;48;2;209;148;96m▄[38;2;238;169;115;48;2;188;136;90m▄[38;2;237;168;119;48;2;185;138;96m▄[38;2;220;144;111;48;2;222;165;115m▄[38;2;218;144;114;48;2;224;163;111m▄[0m [38;2;67;49;45m             [38;2;74;74;54;48;2;93;92;67m▄[38;2;222;221;165;48;2;234;232;164m▄[38;2;158;158;120;48;2;172;171;129m▄[38;2;200;200;146;48;2;220;219;171m▄[38;2;217;216;150;48;2;214;213;163m▄[38;2;150;150;109;48;2;164;163;125m▄[38;2;227;225;161;48;2;206;205;150m▄[38;2;214;213;163;48;2;200;200;152m▄[0m
[38;2;221;106;127;48;2;203;98;118m▄[38;2;210;109;128;48;2;213;103;124m▄[38;2;199;99;121;48;2;227;119;136m▄[38;2;205;100;124;48;2;222;118;135m▄[38;2;160;90;108;48;2;207;103;119m▄[38;2;117;60;74;48;2;206;95;115m▄[0m[7m[38;2;217;101;128m▄[38;2;196;97;122m▄[0m [38;2;0;0;0m             [38;2;81;81;61;48;2;95;95;71m▄[38;2;192;191;134;48;2;247;243;181m▄[38;2;141;141;101;48;2;183;181;133m▄[38;2;187;186;137;48;2;246;243;169m▄[38;2;215;213;156;48;2;244;241;167m▄[38;2;154;154;113;48;2;185;182;129m▄[38;2;228;226;169;48;2;246;243;171m▄[38;2;206;205;151;48;2;245;243;183m▄[0m
[38;2;240;175;125;48;2;220;143;120m▄[38;2;163;124;95;48;2;205;111;118m▄[0m[7m[38;2;191;98;119m▄[38;2;114;60;75m▄[0m [38;2;0;0;0m               [0m [38;2;127;141;143m▄[38;2;118;136;140;48;2;119;120;96m▄[38;2;112;125;122;48;2;245;243;172m▄[38;2;114;127;119;48;2;187;186;130m▄[38;2;148;158;139;48;2;248;247;186m▄[38;2;152;161;147;48;2;248;247;193m▄[38;2;132;141;128;48;2;198;197;151m▄[38;2;148;157;141;48;2;247;246;187m▄[38;2;134;145;133;48;2;245;244;177m▄[0m
[38;2;238;169;115;48;2;238;171;118m▄[38;2;91;69;52;48;2;120;93;69m▄[0m [38;2;4;4;4m               [0m [38;2;85;94;96m▄[38;2;150;169;175m▄[38;2;131;148;152;48;2;121;137;140m▄[38;2;117;132;135;48;2;144;162;167m▄[48;2;145;164;169m▄[38;2;123;139;143;48;2;144;163;168m▄[38;2;134;152;156;48;2;140;161;166m▄[38;2;139;158;162;48;2;138;160;164m▄[38;2;137;158;161;48;2;139;160;164m▄[38;2;141;161;164;48;2;140;161;165m▄[38;2;144;163;166;48;2;142;163;168m▄[0m
[?25h