[?25l[0m  [38;2;6;6;6m [0m [7m[38;2;112;144;122m▄[38;2;141;182;153m▄[38;2;144;185;156m▄▄[38;2;141;183;154m▄[38;2;140;182;154m▄[38;2;143;184;156m▄[38;2;82;97;86m▄[0m[38;2;26;30;27m [0m [38;2;15;15;15m [0m  [38;2;0;0;0m        [0m [7m[38;2;171;175;159m▄[38;2;208;213;190m▄[38;2;221;226;199m▄[38;2;230;236;208m▄[0m
 [38;2;0;0;0m     [0m  [38;2;88;93;73m▄[38;2;103;110;80m▄[38;2;99;105;77m▄[38;2;74;78;58m▄[0m  [38;2;1;1;1m                [0m
 [38;2;0;0;0m   [0m [38;2;128;139;98m▄[38;2;190;207;140;48;2;120;129;94m▄[38;2;189;205;138;48;2;183;199;134m▄[38;2;189;204;138;48;2;190;206;141m▄[38;2;189;205;139m▄[48;2;188;205;138m▄[48;2;188;205;137m▄[48;2;181;197;134m▄[38;2;189;206;139;48;2;122;131;95m▄[0m[38;2;169;184;127m▄[38;2;59;62;49m▄[0m [38;2;1;1;1m             [0m
 [38;2;0;0;0m   [38;2;129;139;102;48;2;56;60;46m▄[48;2;190;206;140m [38;2;189;206;139;48;2;190;206;139m▄[38;2;189;205;139;48;2;189;206;139m▄[48;2;189;205;139m [48;2;189;205;138m [48;2;189;205;139m  [48;2;189;205;138m [38;2;189;205;138;48;2;189;205;139m▄[38;2;189;206;139;48;2;189;206;140m▄[48;2;180;196;134m▄[38;2;179;196;131;48;2;62;67;49m▄[0m[38;2;58;61;48m▄            [0m
 [38;2;0;0;0m  [0m [38;2;158;170;118;48;2;156;169;119m▄[38;2;189;205;138;48;2;190;206;140m▄[48;2;189;206;139m [48;2;189;205;138m  [38;2;189;206;139;48;2;189;206;138m▄[48;2;190;206;139m▄ [48;2;189;206;139m   [38;2;189;206;138m▄▄[38;2;188;205;137;48;2;169;185;127m▄[0m[38;2;127;137;96m▄[0m [38;2;10;10;10m          [0m
 [38;2;0;0;0m  [0m [38;2;100;108;76;48;2;143;153;108m▄[38;2;190;206;139;48;2;189;205;138m▄[38;2;189;206;139m▄[48;2;189;206;138m [48;2;189;205;138m [48;2;189;206;139m [38;2;190;206;140m▄[38;2;190;207;140;48;2;190;206;139m▄ [38;2;189;206;139m▄[38;2;189;205;138;48;2;189;206;139m▄[48;2;188;205;138m ▄[38;2;189;205;139m▄[38;2;188;205;137;48;2;186;204;137m▄[38;2;136;149;101;48;2;56;59;45m▄[0m [38;2;13;13;13m         [0m
 [38;2;0;0;0m   [7m[38;2;57;60;47m▄[0m[38;2;163;177;121;48;2;190;206;139m▄[38;2;189;205;138;48;2;190;206;138m▄[38;2;190;206;139m▄[38;2;190;206;140;48;2;189;205;138m▄[48;2;190;206;140m [38;2;190;204;139;48;2;191;207;140m▄[38;2;181;194;133;48;2;191;207;141m▄[38;2;193;207;142;48;2;190;206;140m▄[38;2;190;206;140;48;2;190;206;139m▄[38;2;189;206;138;48;2;189;205;138m▄ [38;2;188;205;137m▄[48;2;189;206;138m▄[38;2;190;207;140;48;2;188;205;137m▄[38;2;181;196;136;48;2;186;203;136m▄[0m[38;2;157;168;120m▄[0m [38;2;55;56;46m        [0m
 [38;2;0;0;0m    [7m[38;2;97;104;75m▄[0m[38;2;174;188;127;48;2;190;206;138m▄[38;2;189;205;137;48;2;189;206;138m▄[38;2;188;205;137;48;2;189;206;139m▄[38;2;166;181;120;48;2;187;203;139m▄[38;2;223;220;165;48;2;171;172;131m▄[38;2;251;246;185;48;2;216;214;164m▄[38;2;251;246;183;48;2;188;188;144m▄[38;2;232;228;170;48;2;168;177;125m▄[38;2;156;162;113;48;2;190;206;139m▄[38;2;187;203;135;48;2;189;205;137m▄ [38;2;188;205;137m▄[38;2;181;196;131;48;2;189;206;138m▄[38;2;186;185;135;48;2;177;190;132m▄[38;2;250;245;174;48;2;170;172;126m▄[38;2;250;246;190;48;2;197;196;154m▄[0m[38;2;96;95;76m▄       [0m
 [38;2;0;0;0m    [0m [7m[38;2;107;115;86m▄[0m[38;2;176;189;130;48;2;189;205;137m▄[38;2;192;208;141;48;2;191;207;139m▄[38;2;191;207;140;48;2;193;209;144m▄[38;2;161;172;117;48;2;186;186;142m▄[38;2;226;221;160;48;2;250;246;184m▄[38;2;246;242;180;48;2;245;241;177m▄[38;2;188;185;141;48;2;174;170;128m▄[38;2;251;246;188;48;2;229;225;169m▄[38;2;180;183;138;48;2;164;174;121m▄[38;2;187;204;137;48;2;189;206;138m▄[38;2;188;206;138;48;2;190;207;140m▄[38;2;193;193;143;48;2;174;181;128m▄[38;2;250;245;185;48;2;248;244;188m▄[38;2;195;192;141;48;2;177;175;128m▄[38;2;181;178;134;48;2;247;243;181m▄[0m [38;2;13;13;13m       [0m
 [38;2;0;0;0m    [38;2;61;64;52m▄[38;2;147;158;116m▄[38;2;102;109;79;48;2;107;113;85m▄[38;2;157;169;112;48;2;189;206;137m▄[38;2;191;208;140;48;2;189;205;137m▄[38;2;191;207;140;48;2;187;204;135m▄[38;2;190;207;139;48;2;166;175;121m▄[38;2;170;183;122;48;2;222;219;167m▄[38;2;174;179;130;48;2;251;245;185m▄[38;2;185;187;142;48;2;251;245;180m▄[38;2;160;168;117;48;2;191;191;143m▄[38;2;185;202;134;48;2;189;206;138m▄[38;2;185;202;133;48;2;189;205;138m▄[38;2;163;172;122;48;2;201;201;150m▄[38;2;177;181;138;48;2;251;246;184m▄[38;2;138;147;101;48;2;219;215;162m▄[0m[38;2;128;138;101m▄[0m [38;2;27;28;25m       [0m
 [38;2;0;0;0m    [0m [7m[38;2;166;180;120m▄[0m[38;2;162;173;121;48;2;187;203;133m▄[38;2;193;209;141;48;2;177;192;127m▄[38;2;188;204;134;48;2;150;161;109m▄[38;2;187;204;134;48;2;189;205;138m▄[38;2;189;205;136;48;2;188;204;136m▄[38;2;188;204;136;48;2;187;203;134m▄[48;2;188;203;136m▄[38;2;188;204;137;48;2;191;206;140m▄[38;2;191;208;142;48;2;191;207;140m▄[38;2;157;169;117;48;2;190;207;140m▄[38;2;180;195;131;48;2;186;203;135m▄[38;2;162;178;117;48;2;185;202;135m▄[38;2;185;204;135;48;2;189;206;141m▄[38;2;115;123;86;48;2;149;163;109m▄[0m[7m[38;2;148;159;113m▄[0m [38;2;0;0;0m       [0m
 [38;2;0;0;0m      [0m [7m[38;2;151;161;113m▄[0m[38;2;164;176;121;48;2;187;204;134m▄[38;2;190;206;137;48;2;189;205;136m▄[38;2;189;206;137;48;2;189;205;137m▄[38;2;188;205;137;48;2;188;204;136m▄[48;2;188;204;137m▄[38;2;188;205;138m▄[48;2;188;206;138m [38;2;188;205;137;48;2;175;191;127m▄[48;2;190;207;138m▄[38;2;188;205;136;48;2;184;199;136m▄[38;2;145;157;109;48;2;181;197;136m▄[0m [38;2;7;6;6m         [0m
 [38;2;0;0;0m        [7m[38;2;74;77;61m▄[0m[38;2;164;178;122;48;2;190;206;140m▄[38;2;189;205;136;48;2;189;206;137m▄[48;2;189;205;137m▄[38;2;190;206;138m▄[38;2;190;207;138;48;2;189;206;138m▄[48;2;188;205;137m [48;2;188;205;136m [38;2;189;206;137;48;2;187;204;136m▄[38;2;191;207;140;48;2;187;204;134m▄[38;2;132;144;102;48;2;120;131;92m▄[0m [38;2;0;0;0m         [0m
 [38;2;0;0;0m        [0m [38;2;115;123;89;48;2;141;151;108m▄[38;2;189;205;136;48;2;188;204;134m▄[38;2;189;206;137;48;2;188;204;135m▄[48;2;189;206;137m [38;2;187;204;135;48;2;187;204;137m▄[38;2;188;205;137;48;2;151;161;110m▄[38;2;180;195;132;48;2;167;181;122m▄[38;2;108;113;85;48;2;187;203;134m▄[38;2;67;70;52;48;2;190;206;139m▄[38;2;56;60;44;48;2;176;190;130m▄[0m [38;2;6;6;6m         [0m
 [38;2;0;0;0m       [0m [38;2;50;11;18m▄[38;2;101;85;62;48;2;96;102;76m▄[38;2;190;208;140;48;2;189;206;137m▄[38;2;188;206;138m▄[38;2;188;206;137;48;2;188;205;136m▄[38;2;189;207;138m▄[38;2;190;208;141;48;2;190;207;140m▄[38;2;61;62;49;48;2;134;143;105m▄[0m [38;2;4;4;4m            [0m
 [38;2;0;0;0m       [0m [38;2;82;25;34;48;2;75;13;23m▄[38;2;95;5;21;48;2;85;18;23m▄[38;2;91;5;20;48;2;111;92;66m▄[38;2;85;6;21;48;2;145;156;104m▄[38;2;77;13;21;48;2;178;195;130m▄[38;2;167;181;121;48;2;188;207;139m▄[38;2;84;48;39;48;2;161;177;117m▄[38;2;78;11;22;48;2;45;6;9m▄[0m [38;2;16;16;16m          [0m [38;2;49;49;45m▄[0m
 [38;2;0;0;0m [0m [38;2;75;60;22m▄[38;2;129;99;22m▄[38;2;136;104;26m▄[38;2;143;114;48m▄[38;2;88;70;31m▄[38;2;70;13;23m▄[38;2;79;4;19;48;2;63;22;29m▄[38;2;71;3;14;48;2;88;4;20m▄[38;2;81;3;16;48;2;90;5;20m▄[38;2;95;5;21;48;2;89;6;21m▄[38;2;90;5;20;48;2;88;6;21m▄[38;2;68;3;15;48;2;93;86;57m▄[38;2;82;4;18;48;2;78;6;19m▄[38;2;83;41;13;48;2;67;27;32m▄[0m[38;2;181;134;23m▄[38;2;179;132;26;48;2;88;72;36m▄[38;2;175;130;27;48;2;107;86;37m▄[0m[38;2;66;53;23m▄      [0m [38;2;76;76;70;48;2;42;42;40m▄[38;2;101;100;90;48;2;95;94;84m▄[0m
 [38;2;0;0;0m [0m [38;2;91;76;28;48;2;90;71;14m▄[38;2;87;52;12;48;2;112;86;16m▄[38;2;106;57;17;48;2;186;138;29m▄[38;2;181;133;27;48;2;179;133;28m▄[38;2;180;133;28;48;2;174;130;28m▄[38;2;112;67;18;48;2;83;31;15m▄[38;2;89;4;20;48;2;86;4;20m▄[38;2;91;5;20;48;2;90;5;21m▄[38;2;92;4;20;48;2;95;5;21m▄[48;2;90;4;19m▄[38;2;92;5;20;48;2;88;4;18m▄[38;2;91;5;20;48;2;92;5;20m▄[38;2;90;5;20;48;2;88;5;19m▄[38;2;87;4;19;48;2;81;9;17m▄[38;2;120;80;18;48;2;159;116;22m▄[38;2;180;134;26;48;2;177;130;26m▄[38;2;125;95;27;48;2;167;124;26m▄[0m [38;2;5;5;5m      [38;2;66;66;61;48;2;39;39;37m▄[38;2;103;102;91;48;2;97;96;87m▄[48;2;100;99;89m [0m
[?25h