[?25l[0m   [7m[38;2;44;44;44m▄[0m[38;2;13;14;14m  [7m[38;2;89;110;96m▄[38;2;141;190;161m▄[38;2;138;187;158m▄[38;2;138;188;158m▄[38;2;138;187;158m▄[38;2;139;187;158m▄[38;2;140;186;159m▄[0m   [38;2;0;0;0m [0m [38;2;0;0;0m           [0m [0m
 [38;2;0;0;0m   [0m  [38;2;46;49;38m▄[38;2;66;72;51m▄[38;2;68;74;52m▄[38;2;54;58;42m▄[0m  [38;2;10;10;10m                  [0m
 [38;2;0;0;0m [0m [38;2;77;86;54m▄[38;2;173;196;109;48;2;61;67;45m▄[38;2;174;199;109;48;2;131;149;82m▄[38;2;173;196;109;48;2;171;195;107m▄[38;2;172;196;109;48;2;172;196;108m▄[38;2;173;197;110;48;2;172;196;109m▄[48;2;173;198;111m▄[38;2;173;197;109;48;2;158;180;101m▄[38;2;171;196;107;48;2;104;118;68m▄[38;2;161;185;101;48;2;36;39;30m▄[0m[38;2;79;88;55m▄[0m [38;2;18;18;18m               [0m
  [38;2;115;131;74;48;2;45;49;36m▄[38;2;173;198;109;48;2;167;191;104m▄[38;2;173;197;109;48;2;174;197;108m▄[38;2;173;196;108;48;2;173;197;109m▄[38;2;172;196;108m▄[38;2;172;197;109m▄[48;2;172;196;109m [38;2;172;196;109;48;2;172;197;109m▄[48;2;172;196;109m   [38;2;173;197;110;48;2;173;198;110m▄[38;2;174;198;111;48;2;111;125;75m▄[0m[38;2;110;125;73m▄[0m [38;2;20;20;20m             [0m
 [38;2;44;47;33m▄[38;2;173;197;108;48;2;166;188;107m▄[48;2;173;197;109m▄[38;2;172;196;108m▄[48;2;172;196;108m   [38;2;172;196;109m▄[38;2;172;196;108;48;2;172;196;109m▄[38;2;172;196;109;48;2;172;196;108m▄[38;2;172;197;109;48;2;172;196;109m▄  [38;2;172;196;109;48;2;172;197;110m▄[38;2;172;197;109;48;2;173;197;110m▄[38;2;167;192;105;48;2;85;97;57m▄[0m[38;2;53;58;41m▄            [0m
 [38;2;57;62;43;48;2;67;72;53m▄[38;2;175;198;111;48;2;174;198;108m▄[38;2;172;197;107;48;2;173;197;108m▄[38;2;172;196;107;48;2;172;196;108m▄[38;2;172;196;108;48;2;171;196;107m▄[48;2;171;196;108m [48;2;172;196;108m [48;2;172;197;109m [38;2;173;197;109m▄[38;2;172;197;109;48;2;172;196;109m▄[38;2;173;197;110m▄[48;2;172;197;109m  [38;2;172;196;109;48;2;172;196;108m▄[48;2;171;196;108m [48;2;172;197;108m▄[48;2;137;158;87m▄[0m[38;2;70;78;49m▄[0m [38;2;0;0;0m          [0m
 [7m[38;2;35;37;28m▄[0m[38;2;149;170;96;48;2;170;193;107m▄[38;2;173;198;110;48;2;172;196;108m▄[38;2;173;197;109m▄ [38;2;172;197;109;48;2;172;196;109m▄[48;2;172;197;109m  [38;2;173;197;110;48;2;173;197;109m▄[48;2;172;197;109m▄[38;2;173;198;110;48;2;173;197;110m▄ [38;2;173;197;110;48;2;172;197;110m▄[38;2;172;197;109;48;2;172;196;109m▄[38;2;172;196;109;48;2;171;196;109m▄[38;2;172;197;109;48;2;172;196;109m▄[38;2;172;196;109;48;2;172;197;110m▄[38;2;171;197;108;48;2;135;156;86m▄[0m[38;2;54;59;41m▄[0m [38;2;10;10;10m         [0m
  [38;2;55;60;42;48;2;107;121;73m▄[38;2;175;197;110;48;2;174;197;110m▄[38;2;173;197;109;48;2;173;196;108m▄[38;2;173;197;110;48;2;173;197;109m▄[48;2;172;197;110m▄[48;2;173;197;110m [38;2;165;188;105;48;2;172;197;110m▄[38;2;131;143;89;48;2;173;197;110m▄[38;2;137;148;96;48;2;174;197;111m▄[38;2;146;163;95;48;2;174;198;112m▄[38;2;176;200;113;48;2;174;198;111m▄[38;2;174;198;111;48;2;173;197;110m▄[48;2;173;197;109m [38;2;172;197;109;48;2;172;196;108m▄[38;2;172;196;109;48;2;171;196;108m▄[38;2;170;195;108;48;2;172;197;110m▄[38;2;153;174;99;48;2;173;199;111m▄[38;2;140;147;104;48;2;148;171;94m▄[38;2;105;112;80;48;2;75;85;55m▄[0m [38;2;25;25;25m        [0m
 [38;2;0;0;0m [0m [38;2;65;71;49;48;2;134;152;86m▄[38;2;171;194;108;48;2;173;197;110m▄[38;2;172;196;108;48;2;173;198;109m▄[38;2;173;197;109;48;2;173;198;110m▄[38;2;174;199;110;48;2;172;197;109m▄[38;2;167;172;135;48;2;139;148;104m▄[38;2;251;249;211;48;2;247;246;211m▄[38;2;251;249;205;48;2;251;250;209m▄[38;2;183;181;150;48;2;219;218;182m▄[38;2;243;242;203;48;2;136;144;100m▄[38;2;132;139;96;48;2;169;191;107m▄[38;2;175;198;110;48;2;173;196;109m▄[38;2;175;198;111;48;2;174;198;109m▄[38;2;175;199;112;48;2;173;197;110m▄[38;2;147;153;115;48;2;152;172;96m▄[38;2;234;233;201;48;2;172;172;140m▄[38;2;184;183;153;48;2;251;249;206m▄[38;2;248;247;212;48;2;236;235;200m▄[0m[38;2;39;39;36m▄        [0m
 [38;2;0;0;0m  [0m [38;2;42;45;34;48;2;123;138;80m▄[38;2;167;189;109;48;2;173;196;109m▄[38;2;176;198;111;48;2;174;197;110m▄[38;2;173;197;109;48;2;175;200;112m▄[38;2;160;183;99;48;2;138;148;98m▄[38;2;157;158;120;48;2;247;245;202m▄[38;2;250;248;197;48;2;251;249;207m▄[38;2;239;237;191;48;2;105;105;89m▄[38;2;252;250;205;48;2;247;246;204m▄[38;2;248;247;211;48;2;208;207;169m▄[38;2;134;148;90;48;2;148;166;95m▄[38;2;176;199;113;48;2;173;197;109m▄[38;2;144;162;92;48;2;156;178;97m▄[38;2;237;235;198;48;2;197;196;159m▄[38;2;252;250;198;48;2;222;221;176m▄[38;2;246;245;198;48;2;143;141;119m▄[38;2;103;103;90;48;2;210;209;176m▄[0m [38;2;2;2;2m        [0m
 [38;2;0;0;0m [0m [38;2;58;62;48m▄[38;2;112;124;86m▄[38;2;75;84;54;48;2;90;100;62m▄[38;2;112;128;70;48;2;172;196;108m▄[38;2;173;196;110;48;2;171;195;108m▄[38;2;174;198;110;48;2;171;196;107m▄[48;2;159;180;102m▄[38;2;173;197;111;48;2;150;154;115m▄[38;2;135;154;87;48;2;232;230;196m▄[38;2;137;149;95;48;2;252;250;209m▄[38;2;128;145;82;48;2;218;217;179m▄[38;2;168;193;105;48;2;135;152;86m▄[38;2;171;196;109;48;2;174;198;110m▄[38;2;170;195;107;48;2;161;182;101m▄[38;2;143;163;90;48;2;185;185;156m▄[38;2;132;151;86;48;2;235;234;196m▄[38;2;108;122;68;48;2;122;123;99m▄[0m[38;2;47;50;40m▄[0m [38;2;10;10;11m        [0m
 [38;2;0;0;0m [0m [7m[38;2;95;108;65m▄[0m[38;2;80;87;61;48;2;171;195;111m▄[38;2;139;158;90;48;2;169;194;108m▄[38;2;175;200;114;48;2;159;182;100m▄[38;2;173;198;111;48;2;129;145;80m▄[38;2;171;196;107;48;2;173;196;110m▄[38;2;172;196;108;48;2;173;197;109m▄[48;2;172;196;108m [38;2;171;196;108;48;2;171;196;107m▄[38;2;171;195;108;48;2;171;195;107m▄▄[38;2;170;195;107;48;2;172;197;110m▄[38;2;129;147;79;48;2;174;197;110m▄[38;2;146;167;92;48;2;171;194;107m▄[38;2;161;183;103;48;2;169;194;105m▄[38;2;155;179;96;48;2;170;195;107m▄[38;2;102;115;64;48;2;104;120;67m▄[38;2;62;68;48;48;2;164;186;109m▄[0m [38;2;7;7;7m        [0m
 [38;2;0;0;0m    [0m [7m[38;2;96;108;63m▄[0m[38;2;106;119;73;48;2;169;194;106m▄[38;2;176;199;113;48;2;172;196;108m▄[38;2;173;198;109;48;2;172;197;108m▄[48;2;172;197;109m [48;2;171;196;108m [38;2;171;195;108m▄[38;2;171;196;108;48;2;170;195;108m▄[48;2;170;195;107m▄[38;2;172;196;108;48;2;169;194;105m▄[48;2;172;197;108m [38;2;172;197;108;48;2;174;199;111m▄[38;2;80;89;58;48;2;110;126;70m▄[0m[7m[38;2;42;44;35m▄[0m [38;2;0;0;0m         [0m
 [38;2;0;0;0m      [0m [38;2;67;74;50;48;2;143;162;92m▄[38;2;173;197;108;48;2;174;197;110m▄[38;2;173;197;109;48;2;172;197;108m▄[38;2;172;197;109;48;2;171;196;108m▄[38;2;173;198;110m▄[38;2;172;197;110m▄[38;2;172;196;109;48;2;172;197;109m▄[38;2;172;197;111;48;2;172;196;109m▄[38;2;173;198;111;48;2;171;196;109m▄[38;2;175;200;115;48;2;170;196;107m▄[38;2;62;70;46;48;2;65;70;50m▄[0m[38;2;62;70;46m           [0m
 [38;2;0;0;0m       [0m [38;2;103;116;73;48;2;147;167;95m▄[38;2;174;199;112;48;2;174;198;111m▄[38;2;173;197;110;48;2;172;197;109m▄[48;2;172;197;110m▄[38;2;167;190;105;48;2;154;176;97m▄[38;2;172;196;109;48;2;127;144;80m▄[38;2;161;184;106;48;2;143;162;92m▄[38;2;102;114;66;48;2;170;195;108m▄[38;2;48;51;38;48;2;170;197;108m▄[0m[7m[38;2;106;119;78m▄[0m [38;2;0;0;0m          [0m
 [38;2;0;0;0m      [0m [38;2;57;20;24m▄[38;2;72;30;22;48;2;65;73;49m▄[38;2;175;198;111;48;2;173;198;110m▄[38;2;173;197;111;48;2;174;198;111m▄[38;2;172;197;110m▄[38;2;173;198;110;48;2;173;197;110m▄[38;2;173;199;111;48;2;172;197;109m▄[38;2;81;83;50;48;2;128;147;83m▄[0m[38;2;28;22;22m▄[0m [38;2;0;0;0m            [0m
 [38;2;0;0;0m      [0m [38;2;70;31;34;48;2;71;21;27m▄[38;2;104;7;16;48;2;58;8;11m▄[38;2;105;8;17;48;2;101;102;56m▄[38;2;80;7;14;48;2;146;164;93m▄[38;2;59;18;16;48;2;169;191;104m▄[38;2;155;178;97;48;2;172;198;108m▄[38;2;97;88;49;48;2;169;197;107m▄[38;2;92;8;15;48;2;49;27;17m▄[38;2;70;24;28;48;2;61;7;11m▄[0m [38;2;6;6;6m           [0m [0m
 [38;2;59;51;32m▄[38;2;127;97;17m▄[38;2;154;118;18m▄[38;2;133;101;16m▄[38;2;115;92;30m▄[38;2;57;46;25m▄[38;2;72;22;27m▄[38;2;79;6;13;48;2;60;33;34m▄[38;2;69;3;10;48;2;108;6;16m▄[38;2;93;5;14;48;2;101;7;16m▄[38;2;104;6;16;48;2;98;7;17m▄[38;2;106;7;17;48;2;102;7;17m▄[38;2;68;8;12;48;2;106;104;58m▄[38;2;91;4;14;48;2;80;17;16m▄[38;2;79;5;13;48;2;106;7;16m▄[38;2;50;28;24;48;2;44;24;26m▄[0m[38;2;120;94;29m▄[38;2;138;103;17m▄[38;2;160;121;21m▄[38;2;123;96;17m▄[0m [38;2;14;14;14m     [0m [38;2;30;36;37m▄[38;2;32;46;47;48;2;26;34;35m▄[0m
 [7m[38;2;56;44;16m▄[0m[38;2;117;86;12;48;2;90;68;9m▄[38;2;67;34;7;48;2;154;116;18m▄[38;2;177;134;19;48;2;181;137;21m▄[38;2;183;138;22;48;2;188;142;22m▄[38;2;178;136;21;48;2;159;121;19m▄[38;2;76;11;10;48;2;78;5;12m▄[38;2;102;6;16;48;2;98;6;16m▄[38;2;103;7;17;48;2;97;6;16m▄[38;2;104;6;17;48;2;92;6;13m▄[38;2;103;7;17;48;2;102;7;16m▄[38;2;102;7;17;48;2;103;7;17m▄[48;2;99;7;17m▄[38;2;103;7;17;48;2;98;6;16m▄[38;2;103;6;17;48;2;88;6;14m▄[38;2;103;5;16;48;2;96;7;14m▄[38;2;108;66;12;48;2;162;120;17m▄[38;2;184;138;21;48;2;187;140;21m▄[38;2;181;137;20;48;2;184;138;21m▄[38;2;83;66;28;48;2;130;99;22m▄[0m [38;2;0;0;0m    [0m [38;2;33;42;43;48;2;24;26;26m▄[38;2;34;48;50;48;2;31;45;46m▄[38;2;33;47;48;48;2;32;45;47m▄[0m
[?25h