[?25l[0m [38;2;0;0;0m   [0m    [38;2;40;40;40m [0m [38;2;127;149;128;48;2;138;167;138m▄[38;2;152;185;153;48;2;152;184;152m▄[38;2;152;184;152;48;2;153;185;153m▄[38;2;151;184;152;48;2;152;185;153m▄[48;2;151;184;151m [38;2;148;181;148;48;2;140;172;141m▄[0m     [38;2;28;28;28m        [0m [0m
 [38;2;0;0;0m    [0m [38;2;41;41;41m [0m  [38;2;19;19;19m [38;2;58;66;58;48;2;94;109;95m▄[48;2;154;186;154m [38;2;154;185;153;48;2;153;185;152m▄[38;2;154;186;154;48;2;152;184;151m▄[38;2;153;185;153;48;2;151;184;151m▄[38;2;153;186;154;48;2;151;184;152m▄[0m   [38;2;14;14;14m [0m [38;2;24;24;24m        [0m [0m
 [38;2;0;0;0m    [0m [38;2;0;0;0m  [0m [38;2;0;0;0m [0m [7m[38;2;132;158;132m▄[38;2;133;160;133m▄[38;2;131;154;131m▄[38;2;123;144;124m▄[38;2;83;100;84m▄[0m   [38;2;0;0;0m           [0m
 [38;2;0;0;0m    [0m  [38;2;99;110;68m▄[38;2;130;145;84m▄[38;2;125;141;76m▄[38;2;113;126;76m▄[38;2;66;72;47m▄[0m [38;2;13;12;12m                 [0m
 [38;2;0;0;0m   [38;2;61;67;43m▄[38;2;170;192;94;48;2;85;92;57m▄[38;2;172;194;96;48;2;165;187;93m▄[48;2;171;194;96m▄[38;2;172;195;97;48;2;172;194;96m▄[48;2;172;194;97m▄[38;2;172;195;98;48;2;171;194;96m▄[48;2;172;195;97m▄[48;2;146;166;85m▄[38;2;171;194;97;48;2;67;71;48m▄[0m[38;2;107;119;69m▄[0m [38;2;15;15;15m              [0m
 [38;2;0;0;0m  [0m [38;2;169;193;92;48;2;144;163;85m▄[48;2;171;194;94m [48;2;171;194;95m [48;2;172;194;96m [48;2;172;195;97m [48;2;172;195;98m [48;2;173;195;98m [48;2;172;195;98m [38;2;172;195;99;48;2;173;195;99m▄[38;2;173;195;99;48;2;173;196;100m▄[38;2;173;196;100;48;2;175;198;101m▄[38;2;173;197;99;48;2;126;141;81m▄[0m[38;2;121;136;77m▄[0m [38;2;10;10;10m            [0m
 [38;2;0;0;0m  [38;2;71;77;51;48;2;65;71;45m▄[38;2;174;196;99;48;2;171;193;94m▄[38;2;173;195;96;48;2;172;194;95m▄[38;2;173;194;97;48;2;172;194;96m▄[38;2;173;195;98;48;2;172;194;97m▄▄[38;2;172;195;98;48;2;173;195;98m▄▄[38;2;172;194;98;48;2;172;195;98m▄[38;2;173;195;99;48;2;173;195;98m▄[48;2;173;195;99m [38;2;173;196;100;48;2;174;196;100m▄▄[48;2;174;198;101m▄[38;2;169;192;95;48;2;102;113;68m▄[0m[38;2;65;70;47m▄           [0m
 [38;2;0;0;0m  [0m [38;2;163;183;91;48;2;176;198;101m▄[38;2;173;195;98;48;2;173;195;97m▄[38;2;172;195;98;48;2;173;195;98m▄ [38;2;172;194;97m▄[38;2;172;195;97m▄[48;2;172;195;98m  [48;2;173;195;98m [38;2;172;195;99;48;2;173;195;99m▄[38;2;173;195;99;48;2;172;195;99m▄[48;2;173;195;100m▄[38;2;173;196;100m▄[48;2;173;196;99m▄[48;2;155;175;94m▄[0m[38;2;108;121;70m▄[0m [38;2;3;3;3m         [0m
 [38;2;0;0;0m  [0m [38;2;80;87;55;48;2;131;144;77m▄[48;2;172;194;98m [48;2;172;194;97m  [38;2;172;195;98m▄[38;2;173;195;98;48;2;172;195;98m▄[48;2;172;195;97m▄[38;2;172;194;97;48;2;172;195;98m▄[38;2;172;194;98m▄[38;2;174;195;99;48;2;173;196;98m▄[38;2;174;196;100;48;2;173;195;98m▄[38;2;173;196;99;48;2;173;195;99m▄[38;2;172;195;98;48;2;172;195;99m▄▄[38;2;173;196;99;48;2;172;195;98m▄[38;2;175;198;102;48;2;165;189;92m▄[0m[38;2;131;148;81m▄[0m [38;2;48;52;37m        [0m
 [38;2;0;0;0m   [0m [38;2;95;104;60;48;2;158;176;91m▄[38;2;171;194;98;48;2;172;194;96m▄[38;2;171;194;96;48;2;172;195;97m▄[48;2;172;195;98m▄[38;2;158;179;90;48;2;172;196;98m▄[38;2;225;222;165;48;2;161;172;99m▄[38;2;252;249;180;48;2;179;183;125m▄[38;2;252;249;182;48;2;172;177;118m▄[38;2;231;228;168;48;2;159;174;96m▄[38;2;133;141;85;48;2;174;195;99m▄[38;2;175;196;101;48;2;172;194;98m▄[38;2;173;196;98;48;2;172;195;97m▄[48;2;172;195;98m [38;2;165;185;95;48;2;172;196;99m▄[38;2;202;202;143;48;2;163;182;95m▄[38;2;251;248;175;48;2;168;175;111m▄[38;2;227;225;161;48;2;126;130;87m▄[0m [38;2;16;16;16m       [0m
 [38;2;0;0;0m    [0m [38;2;92;101;57;48;2;159;179;91m▄[38;2;170;193;94;48;2;170;192;93m▄[38;2;171;194;95;48;2;170;193;94m▄[38;2;173;195;98;48;2;154;174;86m▄[38;2;192;195;140;48;2;234;232;169m▄[38;2;252;250;183;48;2;253;250;184m▄[38;2;234;232;171;48;2;251;248;186m▄[38;2;130;129;97;48;2;223;221;166m▄[38;2;250;246;175;48;2;226;224;168m▄[38;2;174;181;114;48;2;159;175;92m▄[38;2;172;196;96;48;2;172;194;96m▄[38;2;172;197;98;48;2;170;193;95m▄[38;2;190;192;135;48;2;172;181;114m▄[38;2;234;232;172;48;2;248;247;189m▄[38;2;131;130;93;48;2;224;222;158m▄[38;2;211;209;150;48;2;240;238;169m▄[0m [38;2;15;15;15m       [0m
 [38;2;0;0;0m   [0m   [38;2;105;114;71;48;2;157;178;91m▄[38;2;170;192;93;48;2;171;194;95m▄[38;2;171;194;95;48;2;170;193;94m▄[38;2;172;196;98;48;2;155;173;89m▄[38;2;162;176;100;48;2;228;227;166m▄[38;2;203;203;147;48;2;250;247;179m▄[38;2;250;247;175;48;2;232;229;163m▄[38;2;249;246;179;48;2;252;248;182m▄[38;2;165;174;108;48;2;186;190;133m▄[38;2;169;194;92;48;2;174;198;99m▄[38;2;173;197;99;48;2;173;196;102m▄[38;2;186;189;132;48;2;200;199;147m▄[38;2;250;248;175;48;2;250;247;176m▄[38;2;187;188;132;48;2;232;231;176m▄[38;2;55;57;44;48;2;117;116;92m▄[0m [38;2;9;9;9m       [0m
 [38;2;0;0;0m   [0m [7m[38;2;115;129;68m▄[0m[38;2;92;100;60;48;2;172;194;99m▄[38;2;165;187;92;48;2;151;171;85m▄[38;2;173;195;98;48;2;135;152;74m▄[38;2;151;170;86;48;2;168;188;95m▄[38;2;171;193;94;48;2;173;195;97m▄[38;2;171;193;95;48;2;172;194;96m▄[48;2;160;180;88m▄[38;2;172;194;96;48;2;146;160;86m▄[38;2;172;195;98;48;2;147;162;89m▄[38;2;170;194;96;48;2;167;189;94m▄[38;2;170;193;95;48;2;171;194;96m▄[38;2;169;192;95;48;2;169;193;95m▄[38;2;171;194;95;48;2;154;175;87m▄[38;2;174;197;99;48;2;147;162;90m▄[38;2;145;164;81;48;2;152;173;90m▄[38;2;78;87;51;48;2;141;159;80m▄[0m [38;2;0;0;0m       [0m
 [38;2;0;0;0m     [0m [7m[38;2;76;82;53m▄[0m[38;2;86;93;57;48;2;170;192;100m▄[38;2;170;193;96;48;2;172;194;99m▄[38;2;170;193;95;48;2;170;193;96m▄[38;2;171;193;96m▄[48;2;170;193;95m▄[48;2;171;194;96m▄[48;2;171;194;97m [38;2;170;194;97;48;2;171;194;98m▄[38;2;171;194;97;48;2;137;155;78m▄[38;2;172;195;98;48;2;172;194;101m▄[38;2;174;196;99;48;2;139;158;78m▄[38;2;172;196;98;48;2;169;195;93m▄[0m[7m[38;2;99;110;61m▄[0m [38;2;0;0;0m        [0m
 [38;2;0;0;0m       [0m [7m[38;2;127;142;75m▄[0m[38;2;169;190;93;48;2;170;192;93m▄[48;2;171;194;96m [38;2;172;194;98;48;2;171;194;97m▄[38;2;172;195;98m▄[38;2;170;194;97m▄[48;2;170;193;96m [48;2;170;193;95m [38;2;170;194;95m▄[38;2;170;194;94m▄[38;2;149;170;83;48;2;154;175;89m▄[0m [38;2;16;16;16m         [0m
 [38;2;0;0;0m        [0m [38;2;126;141;83;48;2;148;166;88m▄[38;2;173;196;97;48;2;173;196;98m▄[38;2;172;195;96;48;2;171;194;96m▄[38;2;171;194;97;48;2;171;194;98m▄[38;2;167;190;94;48;2;171;194;97m▄[38;2;152;172;88;48;2;156;175;86m▄[38;2;142;161;81;48;2;171;194;94m▄[38;2;138;156;74;48;2;169;193;93m▄[38;2;138;152;88;48;2;170;194;93m▄[38;2;118;131;74;48;2;167;192;91m▄[0m [38;2;26;27;19m         [0m
 [38;2;0;0;0m       [0m [38;2;74;18;28m▄[38;2;89;69;38;48;2;109;114;69m▄[38;2;169;194;92;48;2;171;195;94m▄[38;2;170;195;96;48;2;172;195;96m▄[38;2;172;196;97;48;2;171;195;96m▄[38;2;172;197;97;48;2;171;194;97m▄[38;2;172;197;98;48;2;172;196;98m▄[38;2;100;111;69;48;2;164;184;97m▄[0m[7m[38;2;80;86;52m▄[0m [38;2;0;0;0m         [0m [38;2;38;39;39m▄[0m
 [38;2;0;0;0m       [0m [38;2;89;21;34;48;2;86;15;29m▄[38;2;93;0;17;48;2;82;27;23m▄[38;2;97;1;18;48;2;129;137;67m▄[38;2;93;24;23;48;2;174;196;101m▄[38;2;107;88;47;48;2;172;196;97m▄[38;2;166;193;91;48;2;170;195;95m▄[38;2;103;90;45;48;2;160;184;86m▄[38;2;76;6;16;48;2;58;21;19m▄[0m [38;2;18;16;16m        [0m [38;2;45;47;47m▄[38;2;55;60;60;48;2;34;35;35m▄[38;2;54;60;60;48;2;37;40;40m▄[0m
[?25h