[?25l[0m [38;2;0;0;0m         [0m [38;2;2;2;2m  [0m [7m[38;2;122;147;134m▄[38;2;141;171;154m▄[38;2;146;176;159m▄[38;2;154;187;169m▄[38;2;154;189;169m▄[38;2;138;171;153m▄[38;2;143;175;158m▄[38;2;119;146;132m▄[0m [38;2;0;0;0m [0m [38;2;0;0;0m [0m  [0m
 [38;2;0;0;0m                          [0m [0m
 [38;2;0;0;0m                  [0m  [38;2;157;137;88m▄[38;2;244;208;121m▄[38;2;248;210;121;48;2;109;97;67m▄[38;2;248;210;120;48;2;137;119;77m▄[38;2;247;209;119;48;2;159;139;88m▄[48;2;194;169;107m▄[38;2;248;210;122;48;2;218;191;121m▄[0m
 [38;2;0;0;0m                 [0m [7m[38;2;75;76;75m▄[0m[38;2;172;147;89;48;2;88;81;65m▄[38;2;247;211;121;48;2;247;212;124m▄[38;2;248;211;126;48;2;248;211;123m▄[38;2;218;181;107;48;2;248;210;122m▄[38;2;204;148;86;48;2;247;210;125m▄[38;2;235;162;94;48;2;218;186;108m▄[38;2;243;164;94;48;2;202;164;92m▄[38;2;242;162;92;48;2;198;150;84m▄[0m
 [38;2;0;0;0m                  [38;2;189;167;108;48;2;141;125;86m▄[38;2;249;213;127;48;2;249;213;130m▄[38;2;250;214;128;48;2;250;214;129m▄[38;2;250;213;128;48;2;249;215;132m▄[38;2;221;189;107;48;2;204;163;93m▄[38;2;230;154;87;48;2;243;164;95m▄[38;2;242;163;95;48;2;242;163;94m▄[38;2;242;164;96m▄[38;2;243;165;97;48;2;242;164;96m▄[0m
 [38;2;0;0;0m                  [38;2;154;135;86;48;2;186;162;102m▄[48;2;248;211;123m [38;2;249;212;124;48;2;249;212;126m▄[38;2;248;211;123;48;2;249;212;125m▄[38;2;221;188;108;48;2;222;188;107m▄[38;2;226;158;93;48;2;230;158;93m▄[38;2;243;168;99;48;2;243;167;98m▄[38;2;244;169;100;48;2;243;166;98m▄[38;2;244;168;100;48;2;243;165;97m▄[0m
 [38;2;0;0;0m                  [7m[38;2;101;89;56m▄[0m[38;2;244;205;114;48;2;249;212;126m▄[38;2;249;211;121;48;2;249;212;125m▄[38;2;249;212;126m▄[38;2;247;214;131;48;2;247;212;127m▄[38;2;211;149;88;48;2;205;146;84m▄[38;2;244;165;96;48;2;244;167;97m▄[38;2;243;162;90;48;2;241;167;97m▄[38;2;93;70;48;48;2;142;109;77m▄[0m
 [38;2;0;0;0m                  [0m [38;2;124;98;69;48;2;201;171;102m▄[38;2;205;143;84;48;2;233;196;109m▄[38;2;194;135;76;48;2;241;203;114m▄[38;2;171;127;70;48;2;229;194;110m▄[38;2;242;161;89;48;2;227;155;87m▄[48;2;243;165;96m [38;2;244;167;98;48;2;244;165;95m▄[38;2;243;166;98;48;2;231;160;95m▄[0m
 [38;2;0;0;0m                  [0m [38;2;218;148;83;48;2;194;132;78m▄[38;2;183;126;71;48;2;151;103;57m▄[38;2;233;160;92;48;2;200;138;79m▄[38;2;244;166;96;48;2;234;156;87m▄[38;2;243;164;94;48;2;243;161;91m▄[38;2;242;162;93;48;2;243;164;94m▄[38;2;242;163;94;48;2;243;165;95m▄[38;2;243;163;94;48;2;243;164;95m▄[0m
 [38;2;0;0;0m                  [0m [7m[38;2;176;122;75m▄[0m[38;2;142;103;64;48;2;206;140;76m▄[38;2;191;131;74;48;2;235;156;85m▄[38;2;224;151;83;48;2;243;164;94m▄[38;2;243;165;95;48;2;244;165;96m▄[38;2;243;166;97;48;2;243;164;95m▄[38;2;243;167;99;48;2;243;164;96m▄[38;2;243;168;100;48;2;243;165;96m▄[0m
 [38;2;0;0;0m                     [38;2;243;167;99;48;2;243;164;92m▄[48;2;242;162;91m▄[38;2;243;166;98;48;2;242;164;95m▄[38;2;243;165;96m▄[38;2;196;132;75;48;2;239;164;97m▄[38;2;217;148;83;48;2;203;142;85m▄[0m
 [38;2;0;0;0m                    [0m [38;2;242;164;96;48;2;242;166;98m▄[38;2;241;164;95;48;2;242;168;100m▄[48;2;242;166;98m▄[48;2;242;166;97m▄[38;2;243;167;99;48;2;204;141;82m▄[38;2;241;168;100;48;2;217;148;84m▄[0m
 [38;2;0;0;0m                   [0m [38;2;84;56;46m▄[38;2;242;166;96;48;2;242;166;97m▄[38;2;242;165;96;48;2;242;164;95m▄[38;2;242;164;96;48;2;241;163;94m▄[38;2;241;164;94;48;2;241;164;95m▄[38;2;241;163;94;48;2;242;164;96m▄[48;2;242;164;95m▄[0m
 [38;2;0;0;0m                   [38;2;89;36;45;48;2;60;16;24m▄[38;2;122;6;24;48;2;85;25;20m▄[38;2;125;41;31;48;2;238;159;90m▄[38;2;185;121;70;48;2;242;164;95m▄[38;2;241;164;95m▄[38;2;242;163;94m▄[48;2;242;164;94m [38;2;241;164;95;48;2;242;164;95m▄[0m
 [38;2;0;0;0m  [0m [38;2;64;53;33m▄[38;2;120;97;47m▄[38;2;139;113;57m▄[38;2;121;97;47m▄[38;2;84;68;36m▄[0m    [38;2;64;56;37m▄[38;2;97;81;44m▄[38;2;118;96;45m▄[38;2;152;123;53m▄[38;2;148;113;35m▄[38;2;148;110;27m▄[38;2;142;106;26m▄[38;2;121;75;20;48;2;71;23;31m▄[38;2;110;9;20;48;2;118;7;24m▄[38;2;117;6;24;48;2;120;7;24m▄[38;2;113;6;24;48;2;110;8;23m▄[38;2;114;7;24;48;2;113;34;29m▄[38;2;119;7;26;48;2;163;91;55m▄[38;2;114;8;25;48;2;211;141;78m▄[38;2;105;19;24;48;2;239;163;92m▄[0m
 [38;2;0;0;0m [0m [38;2;95;67;10;48;2;75;60;35m▄[38;2;115;81;8;48;2;121;85;11m▄[38;2;121;85;7;48;2;142;102;15m▄[38;2;105;72;7;48;2;178;129;28m▄[38;2;154;110;23;48;2;188;136;32m▄[38;2;192;140;31;48;2;191;139;33m▄[38;2;198;145;30;48;2;198;145;31m▄[38;2;199;144;31;48;2;157;121;41m▄[38;2;175;127;26;48;2;136;99;23m▄[38;2;170;122;23;48;2;182;132;28m▄[38;2;203;149;30;48;2;199;147;32m▄[38;2;196;144;32;48;2;197;145;35m▄[38;2;184;135;31;48;2;192;143;36m▄[38;2;167;121;29;48;2;197;148;37m▄[38;2;150;100;25;48;2;200;150;36m▄[38;2;134;81;22;48;2;193;145;34m▄[38;2;130;64;24;48;2;187;140;32m▄[38;2;128;54;24;48;2;195;144;32m▄[38;2;107;31;20;48;2;140;83;22m▄[38;2;88;4;15;48;2;120;5;25m▄[38;2;113;4;22;48;2;116;6;24m▄[38;2;123;5;25;48;2;117;6;25m▄[38;2;121;6;25;48;2;119;6;25m▄[48;2;118;6;25m [38;2;118;6;25;48;2;118;7;25m▄[0m
 [38;2;0;0;0m [0m [38;2;105;75;9;48;2;115;82;8m▄[38;2;101;58;9;48;2;120;85;8m▄[38;2;109;12;20;48;2;113;79;6m▄[38;2;123;8;26;48;2;101;50;10m▄[38;2;114;8;25;48;2;80;23;14m▄[38;2;102;9;21;48;2;134;87;21m▄[38;2;144;97;21;48;2;191;139;29m▄[38;2;192;138;30;48;2;192;139;31m▄[38;2;193;141;31;48;2;189;138;30m▄[38;2;195;144;30;48;2;160;116;23m▄[38;2;110;34;19;48;2;116;57;19m▄[38;2;117;6;24;48;2;102;29;20m▄[38;2;118;6;25;48;2;98;12;20m▄[38;2;120;7;25;48;2;111;8;24m▄[38;2;119;7;26;48;2;117;8;26m▄[38;2;119;7;25;48;2;119;8;26m▄[48;2;118;7;25m [38;2;117;6;25;48;2;116;7;25m▄[38;2;117;7;26;48;2;113;7;26m▄[38;2;118;7;26;48;2;116;6;25m▄[38;2;118;6;25;48;2;103;5;20m▄[48;2;94;4;17m▄[38;2;117;6;24;48;2;99;4;18m▄[38;2;99;5;19;48;2;112;5;21m▄[38;2;93;5;18;48;2;121;5;25m▄[0m
 [38;2;0;0;0m [0m [38;2;116;9;26;48;2;76;44;33m▄[38;2;119;7;26;48;2;112;8;25m▄[38;2;116;7;26;48;2;118;7;26m▄[48;2;117;7;25m▄[38;2;117;7;26m▄[38;2;119;7;25m▄[48;2;102;14;20m▄[38;2;107;42;18;48;2;170;123;25m▄[38;2;192;141;30;48;2;194;142;30m▄[38;2;191;141;31;48;2;190;140;31m▄[38;2;164;123;27;48;2;128;82;20m▄[38;2;105;5;20;48;2;118;5;24m▄[38;2;118;5;24;48;2;121;6;25m▄[38;2;119;6;25;48;2;120;7;26m▄[38;2;119;7;26;48;2;119;7;25m▄[48;2;118;7;25m▄[48;2;118;7;26m▄▄[38;2;118;7;26;48;2;118;7;25m▄▄[38;2;117;7;26m▄[48;2;117;6;25m▄[48;2;117;7;25m▄[48;2;117;6;25m▄[48;2;118;7;26m [0m
 [38;2;64;25;31m▄[38;2;119;6;25;48;2;101;17;31m▄[38;2;120;5;25;48;2;119;6;25m▄[38;2;118;6;25m▄[38;2;119;6;25;48;2;118;6;25m▄[38;2;119;7;26;48;2;118;7;26m▄[38;2;120;7;26;48;2;118;7;25m▄[48;2;120;8;26m [38;2;119;8;26;48;2;119;8;25m▄[38;2;112;7;26;48;2;109;7;23m▄[38;2;93;31;16;48;2;136;93;20m▄[38;2;192;142;30;48;2;191;141;31m▄[38;2;196;146;32;48;2;193;145;30m▄[38;2;107;33;18;48;2;99;15;17m▄[38;2;117;5;24;48;2;118;6;24m▄[38;2;119;7;26;48;2;119;6;25m▄[38;2;121;7;26;48;2;120;7;26m▄[38;2;120;7;26;48;2;119;7;26m▄▄[38;2;119;7;25m▄[38;2;119;7;26;48;2;118;7;26m▄ [38;2;118;6;25m▄[38;2;118;7;26;48;2;117;7;26m▄▄▄[48;2;118;7;26m [0m
 [7m[38;2;123;37;50m▄[38;2;126;7;25m▄[0m[38;2;95;36;44;48;2;125;5;24m▄[38;2;109;29;41;48;2;121;6;25m▄[38;2;129;26;41;48;2;119;7;26m▄[38;2;122;9;26;48;2;120;8;26m▄[38;2;121;9;27m▄[38;2;118;8;27;48;2;119;8;27m▄[38;2;119;7;26;48;2;119;8;26m▄[38;2;123;7;25;48;2;118;7;25m▄[38;2;131;5;25;48;2;109;6;23m▄[38;2;130;70;18;48;2;166;121;24m▄[38;2;190;141;29;48;2;196;146;31m▄[38;2;109;38;18;48;2;106;42;18m▄[38;2;118;5;23;48;2;115;5;24m▄[38;2;121;7;26;48;2;120;7;26m▄[38;2;124;8;27;48;2;123;7;26m▄[38;2;123;8;27;48;2;122;8;27m▄[38;2;122;7;27;48;2;120;7;26m▄[38;2;121;7;26m▄[38;2;120;7;26;48;2;119;7;26m▄[48;2;119;6;26m▄[48;2;118;6;25m▄[38;2;119;7;26;48;2;117;6;26m▄[48;2;119;6;26m [48;2;119;7;26m [38;2;120;7;26m▄[0m
 [38;2;0;0;0m    [0m   [7m[38;2;76;27;34m▄[38;2;106;41;51m▄[38;2;117;34;45m▄[38;2;135;30;46m▄[38;2;103;38;29m▄[38;2;185;145;43m▄[38;2;105;51;43m▄[38;2;134;36;51m▄[38;2;123;22;36m▄[38;2;129;26;42m▄[38;2;125;17;34m▄[38;2;122;11;29m▄[38;2;122;7;27m▄[38;2;121;7;26m▄[38;2;122;8;27m▄[38;2;125;8;27m▄[38;2;123;8;28m▄[38;2;116;7;27m▄[0m[38;2;91;61;65;48;2;113;7;25m▄[38;2;111;80;86;48;2;116;7;26m▄[0m
 [38;2;0;0;0m               [0m  [38;2;55;57;65m▄[0m  [38;2;85;92;120m▄[38;2;112;119;174m▄[38;2;111;118;178;48;2;54;56;66m▄[38;2;105;113;173;48;2;49;50;58m▄[0m[38;2;81;88;132m▄[38;2;106;115;172;48;2;82;89;122m▄[38;2;110;117;176;48;2;104;113;169m▄[0m
[?25h