[?25l[0m [38;2;0;0;0m [0m            [38;2;0;0;0m [0m       [38;2;0;0;0m [0m
 [38;2;0;0;0m                      [0m
 [38;2;0;0;0m  [0m  [38;2;111;155;66m▄[38;2;119;167;71m▄[38;2;120;168;72m▄[38;2;121;167;73m▄[38;2;120;166;72m▄▄[38;2;56;79;34m▄[0m  [38;2;6;9;4m         [0m
 [38;2;0;0;0m [38;2;69;96;42m▄[38;2;119;163;70;48;2;59;81;34m▄[38;2;122;166;73;48;2;125;171;75m▄[38;2;126;169;76;48;2;123;168;74m▄[38;2;125;169;75;48;2;123;169;74m▄[38;2;124;168;75;48;2;122;167;73m▄[38;2;121;166;74;48;2;119;164;72m▄[38;2;120;164;72;48;2;119;164;71m▄[38;2;121;167;73;48;2;120;165;72m▄[38;2;122;166;73;48;2;118;161;71m▄[38;2;124;168;74;48;2;114;157;68m▄[38;2;125;170;75;48;2;72;98;43m▄[0m[38;2;93;127;57m▄[0m [38;2;21;29;13m       [0m
 [38;2;73;100;45m▄[38;2;123;166;74;48;2;100;138;60m▄[38;2;124;169;74;48;2;122;166;72m▄[38;2;124;169;73;48;2;123;168;73m▄[38;2;123;168;73;48;2;123;167;74m▄[38;2;122;167;74;48;2;124;168;74m▄[38;2;122;167;72;48;2;123;168;75m▄[38;2;120;166;72;48;2;122;167;73m▄[38;2;119;164;70;48;2;119;165;72m▄[38;2;119;165;71;48;2;120;166;71m▄[38;2;120;165;72;48;2;121;166;72m▄[48;2;122;167;73m▄[38;2;121;167;72m▄[38;2;119;166;71;48;2;121;165;74m▄[38;2;123;169;74;48;2;113;156;68m▄[0m[38;2;125;172;77m▄[0m [38;2;17;24;10m     [0m
 [38;2;73;99;47;48;2;72;98;46m▄[38;2;126;171;77;48;2;125;169;76m▄[38;2;125;169;74;48;2;125;170;75m▄[48;2;125;171;75m [38;2;125;171;75;48;2;126;172;77m▄[38;2;123;168;72;48;2;124;169;74m▄[38;2;122;169;73;48;2;124;170;75m▄[48;2;124;169;74m▄[38;2;121;168;73;48;2;121;166;72m▄[48;2;121;166;73m▄[38;2;121;169;71;48;2;120;166;71m▄[38;2;120;168;71;48;2;121;167;72m▄[38;2;121;169;72;48;2;121;168;72m▄[38;2;121;167;71;48;2;122;169;73m▄[38;2;122;169;73;48;2;124;172;74m▄[38;2;122;169;74;48;2;124;170;76m▄[38;2;123;168;75;48;2;98;133;60m▄[0m[38;2;76;102;48m▄[0m [38;2;1;1;1m   [0m
 [38;2;70;94;45;48;2;66;90;41m▄[38;2;122;166;75;48;2;124;170;75m▄[38;2;121;165;72;48;2;122;168;73m▄[38;2;120;165;71;48;2;123;169;72m▄[38;2;120;165;70;48;2;122;169;72m▄[38;2;120;166;70;48;2;121;169;70m▄[38;2;119;165;70;48;2;120;167;70m▄[38;2;119;164;70m▄[38;2;118;165;69;48;2;119;166;70m▄[38;2;117;165;69;48;2;118;167;70m▄[38;2;117;165;68;48;2;117;167;68m▄[48;2;118;167;68m▄[38;2;120;168;70;48;2;120;169;70m▄[38;2;119;167;70;48;2;119;168;70m▄[38;2;120;167;71;48;2;122;170;72m▄[38;2;119;166;70;48;2;124;171;74m▄[38;2;119;165;70;48;2;124;170;74m▄[38;2;117;161;72;48;2;123;169;78m▄[0m[38;2;70;98;43m▄   [0m
 [7m[38;2;73;98;47m▄[0m[38;2;119;159;73;48;2;124;168;76m▄[38;2;121;166;73;48;2;122;167;73m▄[48;2;121;166;73m [38;2;122;167;72;48;2;122;168;73m▄[38;2;118;163;70;48;2;121;169;72m▄[38;2;114;158;64;48;2;119;166;71m▄[38;2;114;159;66;48;2;118;165;68m▄[38;2;114;157;65;48;2;117;164;68m▄[38;2;119;162;70;48;2;118;165;69m▄[38;2;124;169;75;48;2;120;168;71m▄[38;2;124;169;74;48;2;121;169;73m▄[38;2;124;170;73;48;2;121;170;72m▄[38;2;123;169;73;48;2;120;168;71m▄[38;2;122;169;73;48;2;120;167;71m▄[48;2;120;166;72m▄[38;2;123;170;75;48;2;119;166;71m▄[38;2;124;170;75;48;2;119;165;72m▄[38;2;125;173;78;48;2;95;134;59m▄[0m[38;2;92;126;57m▄  [0m
 [38;2;0;0;0m [38;2;102;139;62;48;2;94;129;57m▄[38;2;121;165;72;48;2;120;165;71m▄[38;2;120;165;72;48;2;122;168;73m▄[38;2;120;165;71m▄[38;2;121;165;72;48;2;120;165;71m▄[38;2;124;168;73;48;2;121;167;71m▄[38;2;119;159;71;48;2;123;168;72m▄[38;2;112;149;67;48;2;122;166;71m▄[38;2;115;150;69;48;2;126;170;75m▄[38;2;122;160;75;48;2;127;172;76m▄[38;2;123;166;74;48;2;122;169;73m▄[38;2;123;169;72;48;2;121;168;72m▄[38;2;122;170;71;48;2;119;166;71m▄[48;2;121;169;72m▄[38;2;121;168;72;48;2;121;169;71m▄[38;2;119;165;73;48;2;122;169;74m▄[38;2;81;106;46;48;2;123;169;75m▄[38;2;162;151;70;48;2;64;86;40m▄[0m[38;2;201;189;99m▄[38;2;141;133;68m▄[0m [0m
 [38;2;0;0;0m [0m [38;2;111;154;66;48;2;113;155;70m▄[38;2;121;166;70;48;2;122;166;73m▄[38;2;122;168;71;48;2;122;167;72m▄[38;2;118;166;69;48;2;120;166;71m▄[38;2;72;102;41;48;2;104;142;61m▄[38;2;176;163;76;48;2;82;82;36m▄[38;2;221;203;97;48;2;94;87;41m▄[38;2;222;204;101;48;2;98;90;42m▄[38;2;213;194;91;48;2;71;67;29m▄[38;2;116;108;49;48;2;69;91;40m▄[38;2;59;77;32;48;2;124;169;74m▄[38;2;117;161;70;48;2;124;172;74m▄[38;2;117;163;71;48;2;122;170;72m▄[38;2;115;160;69;48;2;122;170;73m▄[38;2;54;76;31;48;2;71;99;41m▄[38;2;185;173;80;48;2;134;126;57m▄[38;2;221;204;96;48;2;222;202;89m▄[38;2;67;60;25;48;2;226;208;98m▄[38;2;223;206;102;48;2;226;209;100m▄[0m [0m
 [38;2;0;0;0m  [7m[38;2;72;101;43m▄[0m[38;2;120;163;74;48;2;119;163;73m▄[38;2;124;169;75;48;2;122;168;75m▄[38;2;124;170;74;48;2;120;167;72m▄[38;2;129;177;79;48;2;76;106;45m▄[38;2;46;56;22;48;2;164;153;75m▄[38;2;193;178;84;48;2;221;204;101m▄[38;2;216;198;87;48;2;218;201;98m▄[38;2;220;201;92;48;2;102;94;44m▄[38;2;222;205;97;48;2;223;204;92m▄[38;2;197;182;85;48;2;157;146;62m▄[38;2;72;97;43;48;2;78;106;46m▄[38;2;125;171;76;48;2;120;164;72m▄[38;2;123;171;76;48;2;120;168;71m▄[38;2;60;85;33;48;2;59;85;32m▄[38;2;191;178;86;48;2;192;180;87m▄[38;2;225;209;100;48;2;226;209;103m▄[38;2;215;198;92;48;2;225;210;101m▄[0m[7m[38;2;209;192;89m▄[0m [0m
 [38;2;67;89;39m▄[38;2;125;162;73;48;2;64;85;38m▄[0m[38;2;91;117;57m▄[38;2;77;102;46;48;2;65;87;42m▄[38;2;81;110;47;48;2;122;166;73m▄[38;2;121;168;71;48;2;120;167;72m▄[38;2;119;166;70;48;2;124;171;74m▄[38;2;115;162;70;48;2;111;151;67m▄[38;2;90;126;53;48;2;76;81;36m▄[38;2;78;91;39;48;2;164;153;69m▄[38;2;67;63;28;48;2;221;205;98m▄[38;2;64;59;27;48;2;223;206;101m▄[38;2;78;104;43;48;2;124;119;54m▄[38;2;117;164;69;48;2;94;131;58m▄[38;2;120;167;74;48;2;125;171;77m▄[38;2;121;167;74;48;2;123;170;76m▄[38;2;123;171;74;48;2;93;128;57m▄[38;2;84;114;52;48;2;104;104;50m▄[38;2;69;91;41;48;2;109;101;52m▄[0m  [38;2;44;57;27m [0m
 [38;2;0;0;0m [7m[38;2;93;123;53m▄[0m[38;2;65;86;41;48;2;60;82;34m▄[38;2;111;148;67;48;2;48;65;27m▄[38;2;68;95;38;48;2;102;140;62m▄[38;2;125;171;73;48;2;115;159;68m▄[38;2;123;169;74;48;2;120;166;71m▄[38;2;120;168;72;48;2;117;164;71m▄[38;2;122;169;71;48;2;117;164;69m▄[38;2;121;169;71;48;2;111;157;65m▄[38;2;119;166;71;48;2;100;140;61m▄[38;2;121;167;72;48;2;98;137;59m▄[38;2;120;167;72;48;2;115;160;68m▄[38;2;117;162;70;48;2;121;168;71m▄[38;2;60;85;34;48;2;118;164;71m▄[38;2;124;170;74;48;2;121;167;74m▄[38;2;65;89;38;48;2;116;162;70m▄[38;2;117;157;72;48;2;123;166;74m▄[38;2;72;99;44;48;2;96;132;58m▄[38;2;56;77;30;48;2;69;92;40m▄[0m [38;2;0;0;0m [0m
 [38;2;0;0;0m  [0m  [7m[38;2;110;152;59m▄[0m[38;2;108;147;63;48;2;124;169;74m▄[38;2;122;169;72;48;2;119;166;72m▄[38;2;121;168;71;48;2;120;166;70m▄[38;2;120;167;71;48;2;121;168;72m▄[38;2;119;166;71;48;2;120;167;71m▄[38;2;120;166;71;48;2;120;167;72m▄[48;2;120;167;71m [38;2;121;169;70;48;2;121;169;72m▄[38;2;120;168;70;48;2;119;168;71m▄[48;2;100;141;60m▄[38;2;118;165;72;48;2;120;166;73m▄[38;2;114;161;69;48;2;101;140;61m▄[38;2;77;109;46;48;2;100;139;61m▄[0m  [38;2;0;0;0m  [0m
 [38;2;0;0;0m     [0m [38;2;94;128;55;48;2;118;160;68m▄[38;2;120;165;70;48;2;118;164;69m▄[38;2;121;166;71;48;2;118;163;69m▄[38;2;122;169;72;48;2;119;165;70m▄[38;2;124;171;73;48;2;120;166;71m▄[38;2;91;125;54;48;2;119;167;69m▄[38;2;119;165;70;48;2;121;169;72m▄[38;2;121;166;72;48;2;118;165;71m▄[38;2;121;167;72;48;2;117;165;71m▄[38;2;118;165;71;48;2;118;166;69m▄[38;2;115;162;70;48;2;117;166;69m▄[38;2;101;143;61;48;2;79;113;48m▄[0m [38;2;32;45;18m   [0m
 [38;2;0;0;0m      [0m [38;2;106;147;65;48;2;113;157;68m▄[38;2;119;165;71;48;2;120;165;72m▄[38;2;120;166;70;48;2;121;166;72m▄[38;2;119;166;70;48;2;121;167;71m▄[38;2;117;161;69;48;2;51;70;28m▄[38;2;115;159;67;48;2;79;107;48m▄[38;2;118;162;71;48;2;54;75;31m▄[38;2;113;154;71;48;2;53;75;32m▄[38;2;113;153;71;48;2;57;80;34m▄[0m[7m[38;2;108;149;64m▄[38;2;112;157;67m▄[0m [38;2;0;0;0m   [0m
 [38;2;0;0;0m     [0m  [38;2;107;148;67;48;2;108;151;65m▄[48;2;121;168;72m [48;2;120;166;72m [38;2;118;163;71;48;2;120;166;71m▄[38;2;118;165;70;48;2;120;167;71m▄[38;2;120;168;70;48;2;119;166;70m▄[38;2;121;167;72;48;2;120;166;72m▄[0m[7m[38;2;107;149;65m▄[0m [38;2;0;0;0m      [0m
 [38;2;0;0;0m     [0m [38;2;77;3;12;48;2;41;2;7m▄[0m[38;2;44;2;8m▄[38;2;40;14;11;48;2;110;149;67m▄[38;2;56;73;33;48;2;124;169;75m▄[38;2;54;73;32;48;2;121;166;73m▄[38;2;112;154;66;48;2;121;169;72m▄[38;2;121;171;72;48;2;119;167;72m▄[38;2;57;79;35;48;2;115;158;71m▄[0m  [38;2;5;0;1m      [0m
       [38;2;43;2;7;48;2;69;3;11m▄[38;2;81;5;15;48;2;74;3;12m▄[38;2;81;4;15;48;2;76;3;13m▄[38;2;77;5;15;48;2;66;3;12m▄[38;2;73;3;14;48;2;60;2;11m▄[38;2;39;47;22;48;2;53;71;32m▄[38;2;59;83;39;48;2;74;105;48m▄[38;2;68;3;10;48;2;43;10;10m▄[0m[7m[38;2;67;1;12m▄[0m    [38;2;1;0;0m   [0m
 [38;2;77;46;0;48;2;132;90;1m▄[38;2;73;51;1;48;2;164;113;0m▄[38;2;176;121;0;48;2;175;121;0m▄[38;2;172;117;0;48;2;170;119;0m▄[0m[38;2;106;72;0m▄[38;2;45;3;8;48;2;67;5;13m▄[38;2;84;5;14;48;2;51;5;10m▄[38;2;74;4;12;48;2;47;4;8m▄[38;2;39;3;7;48;2;49;3;8m▄[38;2;32;2;5;48;2;62;4;11m▄[0m[7m[38;2;76;5;16m▄[38;2;50;25;17m▄[38;2;55;51;26m▄[0m[38;2;35;1;6;48;2;77;5;13m▄[38;2;53;2;10;48;2;36;2;7m▄[38;2;46;3;7;48;2;120;79;2m▄[0m[7m[38;2;159;112;1m▄[0m[38;2;104;73;0;48;2;173;120;1m▄[0m [38;2;78;56;0m   [0m
                  [38;2;0;0;0m     [0m
 [38;2;0;0;0m      [38;2;50;80;22;48;2;43;72;20m▄[0m[38;2;45;69;20m▄[7m[38;2;48;71;23m▄[0m [38;2;44;68;22;48;2;65;98;32m▄[0m [38;2;53;86;26;48;2;62;100;30m▄[0m[7m[38;2;52;83;22m▄[0m [38;2;0;0;0m       [0m
[?25h