[?25l[0m [38;2;0;0;0m              [0m   [38;2;1;1;1m      [0m
 [38;2;0;0;0m   [0m [38;2;62;36;65m▄[38;2;83;26;88m▄[38;2;85;26;90;48;2;45;29;46m▄[0m[38;2;84;27;90m▄[38;2;84;29;89m▄[38;2;62;38;65m▄[0m  [38;2;82;29;87m▄[38;2;84;26;90;48;2;60;35;63m▄[38;2;84;27;90;48;2;81;40;86m▄[38;2;81;27;87;48;2;76;45;79m▄[0m[38;2;82;27;87m▄[38;2;79;38;83m▄[0m  [38;2;1;1;1m   [0m
 [38;2;0;0;0m   [0m [38;2;82;29;88;48;2;67;35;70m▄[38;2;85;26;91;48;2;84;26;90m▄[48;2;85;26;90m [48;2;85;27;90m [38;2;79;25;83m▄[38;2;9;3;10;48;2;82;26;87m▄[38;2;66;20;71;48;2;75;52;77m▄[38;2;84;26;89;48;2;82;27;87m▄[38;2;85;27;91;48;2;84;26;89m▄[38;2;85;27;90;48;2;84;26;90m▄[38;2;84;26;90;48;2;84;27;90m▄ [38;2;85;27;91m▄[48;2;83;27;88m▄[38;2;76;31;81;48;2;66;40;67m▄[0m [38;2;8;7;8m   [0m
 [38;2;0;0;0m  [0m [38;2;79;33;84;48;2;62;34;65m▄[38;2;84;26;90;48;2;84;26;91m▄[38;2;85;26;90;48;2;85;27;91m▄[38;2;85;27;91;48;2;85;27;90m▄[38;2;76;23;81;48;2;85;27;89m▄[38;2;81;25;87;48;2;64;31;67m▄[38;2;84;26;91;48;2;61;19;66m▄[38;2;84;26;90;48;2;82;25;89m▄[38;2;81;26;85;48;2;85;27;91m▄[38;2;93;35;92;48;2;81;26;84m▄[38;2;202;139;106;48;2;119;65;91m▄[38;2;200;136;105;48;2;83;27;87m▄[38;2;91;35;87;48;2;84;26;90m▄[38;2;86;27;92;48;2;85;27;91m▄[38;2;86;28;92m▄[38;2;84;27;91;48;2;85;27;92m▄[0m [38;2;18;12;19m   [0m
 [38;2;0;0;0m  [0m [38;2;83;26;89;48;2;81;25;87m▄[48;2;84;26;90m [48;2;85;27;91m [38;2;85;28;92;48;2;85;27;92m▄[38;2;75;23;81;48;2;75;22;82m▄[38;2;83;26;89;48;2;83;26;90m▄[38;2;85;27;91;48;2;84;27;90m▄[38;2;85;27;92;48;2;84;26;91m▄[38;2;85;27;91;48;2;84;26;89m▄[38;2;182;122;102;48;2;178;121;98m▄[38;2;237;166;118;48;2;215;149;108m▄[38;2;109;85;67;48;2;227;162;116m▄[0m[7m[38;2;176;123;105m▄[0m[38;2;70;36;75;48;2;84;27;91m▄[38;2;86;27;92;48;2;86;28;93m▄[38;2;83;33;88;48;2;82;27;88m▄[0m [38;2;8;8;8m   [0m
 [38;2;0;0;0m  [0m [38;2;81;31;88;48;2;83;26;89m▄[38;2;85;27;92;48;2;85;27;91m▄[48;2;85;28;92m [38;2;85;28;92;48;2;85;28;91m▄[38;2;89;30;95;48;2;80;26;86m▄[38;2;61;50;63;48;2;81;31;86m▄[38;2;73;31;76;48;2;86;28;93m▄[38;2;148;100;86;48;2;84;27;90m▄[38;2;114;59;92;48;2;85;27;91m▄[38;2;181;120;102;48;2;188;127;104m▄[38;2;222;157;111;48;2;168;127;97m▄[0m   [38;2;74;59;63;48;2;85;32;90m▄[38;2;78;36;81;48;2;84;36;89m▄[0m [38;2;26;23;26m   [0m
 [38;2;0;0;0m  [0m [38;2;67;35;71;48;2;80;38;85m▄[48;2;85;27;91m [38;2;85;27;91;48;2;85;28;91m▄ [38;2;86;29;92m▄[0m  [7m[38;2;206;151;108m▄[0m[38;2;191;138;99;48;2;229;162;113m▄[38;2;245;172;120;48;2;203;138;100m▄[38;2;245;171;121;48;2;245;172;120m▄[38;2;245;172;121;48;2;244;172;123m▄[38;2;244;171;120;48;2;225;160;114m▄[38;2;217;158;110;48;2;221;159;112m▄[38;2;112;87;68;48;2;141;107;81m▄[0m   [38;2;2;2;2m  [0m
 [38;2;0;0;0m   [38;2;45;26;48;48;2;57;32;60m▄[38;2;84;27;90;48;2;85;27;90m▄[48;2;85;27;91m [38;2;86;28;91;48;2;85;28;91m▄ [0m [38;2;30;22;31m [0m [38;2;190;139;102;48;2;157;113;81m▄[38;2;244;171;119;48;2;245;171;119m▄[38;2;244;171;120;48;2;243;169;120m▄[38;2;229;141;120;48;2;225;127;113m▄[38;2;182;92;111;48;2;225;120;119m▄[0m[7m[38;2;230;128;118m▄[38;2;188;105;111m▄[0m [38;2;0;0;0m    [0m
 [38;2;0;0;0m   [38;2;72;38;76;48;2;52;30;55m▄[38;2;84;27;90;48;2;84;27;89m▄[38;2;85;27;90;48;2;85;28;91m▄▄[38;2;62;39;64;48;2;80;31;85m▄[0m  [38;2;107;82;65m▄[38;2;244;170;118;48;2;231;162;114m▄[38;2;244;171;119;48;2;245;172;120m▄[48;2;244;172;120m [38;2;205;150;111;48;2;215;154;111m▄[0m [38;2;49;49;49m       [0m
 [38;2;0;0;0m [0m [38;2;59;39;61m▄[38;2;63;35;65;48;2;80;27;85m▄[0m[7m[38;2;84;27;89m▄[38;2;78;25;81m▄[38;2;68;36;71m▄[0m[38;2;212;153;110;48;2;120;114;110m▄[38;2;244;169;117;48;2;179;133;100m▄[38;2;245;172;121;48;2;226;161;114m▄[0m[38;2;126;94;72m▄[7m[38;2;210;149;106m▄[0m[38;2;241;169;119;48;2;244;171;119m▄[48;2;244;171;120m [38;2;244;171;120;48;2;239;169;120m▄[38;2;119;91;70;48;2;75;65;58m▄[38;2;197;140;100;48;2;140;105;80m▄[0m[38;2;154;116;89m▄[0m [38;2;6;6;6m    [0m
 [38;2;0;0;0m     [0m [38;2;196;142;105;48;2;116;88;69m▄[38;2;244;172;121;48;2;243;170;119m▄[48;2;244;171;119m▄[38;2;241;170;120m▄[38;2;170;126;95;48;2;171;124;92m▄[0m [7m[38;2;125;93;71m▄[0m[38;2;117;90;70;48;2;244;170;119m▄[38;2;196;144;105;48;2;244;172;121m▄[38;2;101;78;61;48;2;157;118;90m▄[0m [38;2;157;116;87;48;2;228;161;112m▄[0m [38;2;90;69;54m    [0m
 [38;2;0;0;0m     [0m [7m[38;2;135;103;79m▄[38;2;146;108;79m▄[38;2;146;109;82m▄[38;2;121;93;72m▄[0m [38;2;0;0;0m   [0m  [38;2;0;0;0m [0m  [38;2;0;0;0m    [0m
[?25h