[?25l[0m [38;2;0;0;0m     [0m    [38;2;33;32;33m     [0m [38;2;53;33;56m▄[0m    [38;2;2;2;2m   [0m
 [38;2;0;0;0m   [0m [38;2;88;48;92m▄[38;2;92;31;100;48;2;79;42;83m▄[38;2;97;32;104;48;2;96;35;102m▄[38;2;97;33;104;48;2;97;34;104m▄[48;2;96;38;102m▄[38;2;95;32;102;48;2;56;33;59m▄[0m[38;2;60;40;62m▄[0m [38;2;78;36;84m▄[38;2;95;31;102;48;2;78;46;82m▄[38;2;95;32;103;48;2;95;35;102m▄[38;2;96;32;103;48;2;87;40;93m▄[38;2;95;32;103;48;2;97;66;101m▄[38;2;96;33;104;48;2;70;33;76m▄[38;2;88;47;92;48;2;96;65;99m▄[0m [38;2;39;36;40m   [0m
 [38;2;0;0;0m   [0m [38;2;95;38;102;48;2;88;67;91m▄[38;2;98;34;105;48;2;97;33;104m▄[48;2;98;33;104m [48;2;97;33;104m [38;2;97;33;103;48;2;97;32;103m▄[38;2;51;21;53;48;2;93;31;98m▄[38;2;27;11;28;48;2;47;23;49m▄[38;2;89;30;98;48;2;64;35;68m▄[38;2;96;33;103;48;2;95;32;103m▄[38;2;96;32;102;48;2;96;32;103m▄  [48;2;96;33;104m [38;2;97;33;104;48;2;97;34;105m▄[38;2;98;34;105;48;2;97;34;104m▄[0m[38;2;84;40;90m▄[0m [38;2;4;4;4m  [0m
 [38;2;0;0;0m   [38;2;64;33;68m▄[48;2;97;33;104m  [38;2;98;34;104;48;2;98;33;104m▄[38;2;99;36;105;48;2;98;34;105m▄[38;2;69;46;72;48;2;84;40;89m▄[38;2;94;31;101;48;2;82;43;87m▄[38;2;96;32;103;48;2;93;31;101m▄[38;2;96;33;103;48;2;97;32;105m▄[38;2;122;71;96;48;2;95;33;101m▄[38;2;148;97;98;48;2;155;105;108m▄[38;2;250;187;132;48;2;161;105;105m▄[38;2;207;152;114;48;2;100;39;101m▄[38;2;101;41;98;48;2;96;32;103m▄[38;2;98;33;105;48;2;98;34;105m▄[38;2;99;34;106m▄[38;2;84;38;89;48;2;88;37;94m▄[0m [38;2;0;0;0m  [0m
 [38;2;0;0;0m   [38;2;67;33;71;48;2;80;43;85m▄[38;2;97;33;104;48;2;97;32;103m▄[38;2;99;34;105;48;2;98;33;104m▄[38;2;99;35;106;48;2;98;34;105m▄[38;2;99;36;104;48;2;100;36;105m▄[0m[7m[38;2;62;48;64m▄[0m[38;2;92;37;98;48;2;93;31;101m▄[38;2;97;33;105;48;2;96;32;103m▄[38;2;97;34;105;48;2;98;33;105m▄[38;2;133;78;101;48;2;128;72;103m▄[38;2;249;188;134;48;2;241;179;124m▄[38;2;98;79;61;48;2;229;176;124m▄[0m[7m[38;2;207;162;116m▄[38;2;153;114;98m▄[0m[38;2;79;41;84;48;2;96;32;104m▄[38;2;99;34;107;48;2;98;34;105m▄[38;2;57;29;60;48;2;73;38;77m▄[0m [38;2;3;3;3m  [0m
 [38;2;0;0;0m  [0m [38;2;54;35;57;48;2;62;32;65m▄[48;2;98;34;105m [38;2;99;35;105;48;2;99;35;106m▄[38;2;100;35;106;48;2;100;36;106m▄[38;2;101;36;107;48;2;99;36;106m▄[0m  [38;2;143;123;107;48;2;92;36;97m▄[38;2;204;158;115;48;2;98;39;100m▄[38;2;124;74;86;48;2;140;83;106m▄[38;2;244;183;128;48;2;234;173;118m▄[0m[38;2;175;136;101m▄[0m  [38;2;111;88;68m▄[38;2;96;82;72;48;2;86;37;91m▄[38;2;61;41;62;48;2;70;37;72m▄[0m [38;2;38;38;38m  [0m
 [38;2;0;0;0m   [0m [38;2;99;35;105;48;2;98;33;104m▄[48;2;99;34;105m [48;2;99;35;105m [48;2;99;36;106m [38;2;45;20;47;48;2;55;32;56m▄[0m[38;2;45;20;47m [0m [7m[38;2;191;145;102m▄[0m[38;2;242;180;125;48;2;243;181;125m▄[38;2;249;184;128;48;2;246;183;127m▄[38;2;250;185;129;48;2;249;186;130m▄[38;2;249;184;128;48;2;249;186;132m▄[38;2;237;176;119;48;2;248;187;132m▄[38;2;229;172;118;48;2;232;180;129m▄[38;2;103;82;63;48;2;153;140;128m▄[0m [38;2;0;0;0m   [0m
 [38;2;0;0;0m   [0m [38;2;98;34;104;48;2;99;35;105m▄ [38;2;99;34;105m▄[38;2;96;35;101;48;2;99;36;105m▄[0m[7m[38;2;57;40;59m▄[0m[38;2;44;41;45m  [0m [38;2;247;184;127;48;2;240;179;124m▄[38;2;249;186;129;48;2;249;185;128m▄[38;2;249;185;132;48;2;243;168;128m▄[38;2;202;129;120;48;2;227;116;137m▄[0m[7m[38;2;227;123;138m▄[38;2;216;128;136m▄[0m   [38;2;0;0;0m  [0m
 [38;2;0;0;0m [0m [38;2;70;36;72m▄[38;2;95;32;101;48;2;78;38;83m▄[38;2;97;33;102;48;2;98;34;105m▄[38;2;90;35;93;48;2;99;34;104m▄[38;2;69;36;72;48;2;97;33;103m▄[0m[7m[38;2;68;36;71m▄[0m [38;2;124;101;78m▄[38;2;186;143;104m▄[7m[38;2;137;108;82m▄[0m[38;2;245;184;129;48;2;248;185;128m▄[38;2;249;185;129;48;2;249;185;130m▄[48;2;249;186;131m [38;2;219;168;122;48;2;165;131;100m▄[0m[38;2;83;75;66m▄[0m  [38;2;0;0;0m    [0m
 [38;2;0;0;0m [0m  [7m[38;2;56;38;58m▄[0m   [38;2;100;80;63m▄[38;2;248;185;129;48;2;174;135;101m▄[38;2;249;186;130;48;2;248;184;127m▄[38;2;249;185;130;48;2;249;186;130m▄[0m[38;2;119;95;72m▄[7m[38;2;158;121;88m▄[0m[38;2;238;179;125;48;2;249;186;130m▄[38;2;249;186;131m▄[48;2;249;187;132m▄[38;2;134;106;81;48;2;114;96;77m▄[38;2;178;138;101;48;2;231;177;124m▄[0m[38;2;192;155;118m▄[0m [38;2;29;29;29m   [0m
 [38;2;0;0;0m      [0m [38;2;205;163;125;48;2;208;160;116m▄[38;2;240;184;134;48;2;249;186;131m▄[38;2;250;188;134;48;2;249;186;130m▄[38;2;245;183;128m▄[0m[7m[38;2;123;97;72m▄[0m[38;2;83;67;53m [0m [7m[38;2;246;185;129m▄[0m[38;2;112;92;70;48;2;240;181;128m▄[0m[7m[38;2;134;106;80m▄[0m [7m[38;2;193;151;111m▄[0m [38;2;26;26;26m   [0m
 [38;2;0;0;0m       [0m     [38;2;0;0;0m   [0m [38;2;0;0;0m   [0m [38;2;0;0;0m   [0m
[?25h