[?25l[0m [38;2;0;0;0m [0m [38;2;0;0;0m                           [0m
 [38;2;0;0;0m     [0m [38;2;41;32;43m▄[38;2;73;41;81m▄[38;2;83;39;92m▄[38;2;83;39;93;48;2;52;35;55m▄[48;2;51;31;55m▄[38;2;84;40;94;48;2;78;56;82m▄[38;2;84;41;94;48;2;55;36;58m▄[38;2;85;42;95;48;2;42;32;44m▄[0m[38;2;81;44;89m▄[38;2;56;40;60m▄[0m [38;2;11;11;11m       [0m  [38;2;37;25;39m▄[0m [38;2;23;21;24m [0m
 [38;2;0;0;0m   [0m [38;2;57;34;62m▄[38;2;81;37;91;48;2;61;42;67m▄[38;2;82;38;93;48;2;82;39;91m▄[38;2;83;39;94;48;2;83;39;93m▄[38;2;83;39;93;48;2;83;39;94m▄ [38;2;83;40;94;48;2;84;40;94m▄ [48;2;85;41;95m [38;2;85;40;95;48;2;85;41;96m▄[38;2;85;41;95m▄[38;2;85;41;96;48;2;84;40;96m▄[38;2;86;42;97;48;2;67;40;73m▄[0m[38;2;66;41;71m▄[0m [38;2;4;4;4m  [0m [38;2;68;43;73m▄[38;2;83;40;93;48;2;47;40;49m▄[38;2;83;40;94;48;2;70;44;76m▄[38;2;85;41;94;48;2;85;42;94m▄[38;2;63;40;70;48;2;74;44;80m▄[0m[38;2;80;53;87m▄[38;2;71;36;79m▄[0m
 [38;2;0;0;0m  [0m [38;2;68;35;75;48;2;47;37;51m▄[38;2;65;37;71;48;2;85;39;96m▄[38;2;67;33;75;48;2;83;38;93m▄[38;2;84;39;94;48;2;83;39;93m▄▄[48;2;84;39;94m [38;2;84;40;94m▄▄[48;2;84;40;94m [38;2;84;41;94;48;2;84;40;95m▄[38;2;84;40;94;48;2;85;40;95m▄ [38;2;85;41;95m▄[38;2;85;41;94;48;2;84;40;94m▄[38;2;84;41;93;48;2;82;41;92m▄[38;2;66;38;70;48;2;44;33;47m▄[0m [38;2;73;39;82m▄[38;2;84;40;95;48;2;74;43;83m▄[48;2;84;40;95m [48;2;85;41;95m▄[48;2;84;40;95m [48;2;84;40;94m▄[38;2;84;40;94;48;2;83;40;94m▄[38;2;84;41;95m▄[38;2;85;41;95;48;2;84;41;94m▄[0m
 [38;2;0;0;0m  [7m[38;2;39;36;40m▄[0m [38;2;72;40;80;48;2;51;39;54m▄[38;2;82;38;93;48;2;82;39;93m▄[38;2;83;39;94;48;2;83;39;93m▄[38;2;84;39;94m▄[38;2;84;39;93;48;2;84;39;94m▄[48;2;84;40;94m▄ [38;2;85;41;94m▄[38;2;86;42;96;48;2;85;41;95m▄[38;2;85;42;96;48;2;84;40;94m▄[38;2;84;42;94m▄[38;2;64;32;72;48;2;86;41;97m▄[38;2;12;11;13;48;2;57;29;64m▄[38;2;13;13;13;48;2;19;14;20m▄[38;2;39;22;44;48;2;12;11;12m▄[38;2;84;40;96;48;2;69;38;77m▄[38;2;83;40;94;48;2;84;40;94m▄▄ [38;2;84;39;94m▄[38;2;83;39;94;48;2;83;40;94m▄[38;2;83;40;94;48;2;84;40;94m▄ [38;2;84;40;94;48;2;84;40;95m▄▄[0m
 [38;2;0;0;0m   [38;2;64;41;69;48;2;45;35;46m▄[38;2;83;39;93;48;2;82;38;92m▄[48;2;83;38;93m [38;2;83;38;93;48;2;83;39;93m▄[38;2;83;39;93;48;2;84;39;93m▄[48;2;83;39;93m [38;2;84;40;94;48;2;84;39;94m▄[38;2;85;41;95;48;2;84;40;94m▄[48;2;84;41;94m [38;2;57;24;63;48;2;82;39;91m▄[38;2;28;23;29;48;2;53;24;58m▄[0m[7m[38;2;49;36;52m▄[0m[38;2;30;29;32;48;2;28;23;30m▄[38;2;39;20;45;48;2;15;14;14m▄[38;2;66;30;75;48;2;13;10;12m▄[38;2;80;37;91;48;2;70;34;80m▄[38;2;82;39;94;48;2;82;39;93m▄[38;2;84;39;95;48;2;83;39;93m▄[38;2;85;40;95;48;2;83;40;93m▄[48;2;84;39;94m  [48;2;83;39;93m [48;2;83;39;94m [38;2;83;39;94;48;2;83;40;94m▄[48;2;84;40;94m  [0m
 [38;2;0;0;0m  [0m [38;2;74;34;83;48;2;70;38;78m▄[38;2;82;38;93;48;2;83;39;93m▄[48;2;83;38;93m  [48;2;83;39;93m [38;2;84;40;94m▄[38;2;85;40;95;48;2;84;40;94m▄[38;2;85;41;95;48;2;85;41;96m▄[38;2;87;43;97;48;2;84;41;94m▄[38;2;54;34;59;48;2;68;39;73m▄[0m [38;2;65;34;72m▄[38;2;81;37;93;48;2;75;41;84m▄[38;2;81;38;92;48;2;80;38;92m▄[38;2;82;38;93;48;2;79;36;90m▄[38;2;83;38;93;48;2;80;37;91m▄[38;2;83;39;93;48;2;82;39;92m▄[48;2;84;40;94m [38;2;76;37;81;48;2;80;43;78m▄[38;2;212;153;105;48;2;113;70;80m▄[38;2;224;162;116;48;2;79;38;80m▄[38;2;131;91;86;48;2;84;39;93m▄[38;2;77;37;85;48;2;83;39;93m▄ [38;2;84;39;94;48;2;84;40;95m▄[48;2;84;40;94m▄[0m
 [38;2;0;0;0m  [0m [38;2;80;37;89;48;2;79;37;88m▄[48;2;82;38;92m [48;2;83;39;93m  [38;2;84;40;94;48;2;84;39;94m▄[48;2;84;40;94m [48;2;85;41;95m [38;2;85;41;95;48;2;85;42;96m▄[38;2;83;42;92;48;2;88;43;97m▄[0m[7m[38;2;40;28;43m▄[0m[38;2;63;42;69;48;2;44;35;47m▄[38;2;81;38;92;48;2;78;35;89m▄[38;2;82;38;93;48;2;81;37;92m▄[38;2;83;38;93;48;2;82;38;93m▄[38;2;83;39;93;48;2;83;39;94m▄[38;2;83;39;94;48;2;84;39;94m▄[38;2;81;40;91;48;2;76;35;84m▄[38;2;159;116;91;48;2;80;41;84m▄[38;2;100;60;81;48;2;85;42;93m▄[38;2;153;111;89;48;2;170;125;99m▄[38;2;247;179;128;48;2;247;182;130m▄[38;2;249;183;130;48;2;248;180;126m▄[38;2;248;184;132;48;2;174;125;96m▄[38;2;176;131;102;48;2;79;40;83m▄[38;2;78;37;85;48;2;84;40;93m▄[38;2;83;39;93;48;2;84;39;94m▄[0m
 [38;2;0;0;0m  [0m [38;2;69;32;77;48;2;77;36;87m▄[48;2;82;38;92m [48;2;83;39;93m [38;2;84;39;94;48;2;84;39;93m▄[48;2;84;40;94m [38;2;85;40;94m▄[48;2;85;41;95m  [38;2;85;42;94;48;2;82;40;91m▄[0m[38;2;42;33;45m▄[38;2;58;36;65;48;2;68;40;75m▄[38;2;82;38;93;48;2;84;40;95m▄[48;2;83;39;94m [38;2;83;39;94;48;2;83;39;93m▄[38;2;83;40;94m▄[48;2;83;40;94m [38;2;84;41;94;48;2;82;40;92m▄[38;2;122;80;87;48;2;147;101;90m▄[38;2;247;180;128;48;2;228;166;121m▄[38;2;248;179;126;48;2;200;146;106m▄[38;2;248;183;133;48;2;247;179;127m▄[38;2;178;133;94;48;2;201;149;105m▄[38;2;183;137;100;48;2;246;181;130m▄[38;2;133;106;80;48;2;211;157;111m▄[38;2;163;126;86;48;2;121;89;82m▄[38;2;69;35;68;48;2;84;39;93m▄[0m
 [38;2;0;0;0m  [0m [38;2;67;41;74;48;2;70;38;78m▄[38;2;82;38;93;48;2;83;38;93m▄[48;2;83;39;93m [38;2;83;39;94;48;2;84;39;94m▄ [38;2;84;40;94;48;2;85;40;94m▄[48;2;85;41;95m [38;2;86;41;96;48;2;86;42;96m▄[38;2;86;42;95;48;2;88;43;97m▄[38;2;48;31;52;48;2;49;36;52m▄[0m [38;2;69;40;77;48;2;78;35;88m▄[38;2;86;40;97;48;2;82;39;93m▄[38;2;84;39;95;48;2;83;39;94m▄[48;2;84;40;95m [38;2;84;40;95;48;2;84;41;96m▄[38;2;82;40;93;48;2;85;42;96m▄[38;2;97;62;76;48;2;104;67;82m▄[38;2;247;177;125;48;2;247;176;124m▄[38;2;237;174;124;48;2;248;176;121m▄[0m[7m[38;2;182;137;104m▄[0m  [38;2;0;0;0m [0m [7m[38;2;40;33;43m▄[0m
 [38;2;0;0;0m   [38;2;53;38;57;48;2;66;45;71m▄[48;2;82;38;93m [48;2;83;38;93m [48;2;84;39;94m [48;2;84;40;94m   [48;2;85;41;95m [38;2;85;41;95;48;2;84;41;94m▄[38;2;78;49;85;48;2;65;42;70m▄[0m[38;2;78;49;85m [0m [7m[38;2;82;40;91m▄[0m[38;2;73;36;78;48;2;84;39;95m▄[38;2;94;60;69;48;2;75;35;85m▄[38;2;84;49;70;48;2;77;36;87m▄[38;2;87;43;96;48;2;80;39;90m▄[38;2;102;65;82;48;2;96;62;75m▄[38;2;247;182;132;48;2;247;182;130m▄[38;2;247;178;124;48;2;224;169;122m▄[0m[38;2;95;76;61m▄[0m [38;2;1;1;1m  [0m [7m[38;2;46;46;46m▄[0m
 [38;2;0;0;0m   [7m[38;2;41;34;44m▄[0m[38;2;29;27;30;48;2;82;38;93m [38;2;83;39;93;48;2;83;38;93m▄[48;2;84;39;94m [38;2;85;40;94;48;2;84;40;95m▄[48;2;85;40;95m  [48;2;85;41;95m [38;2;86;42;96;48;2;85;42;95m▄[38;2;75;38;85;48;2;78;43;86m▄[0m [38;2;6;6;6m  [38;2;94;73;57;48;2;75;60;51m▄[38;2;202;149;107;48;2;204;147;95m▄[38;2;233;180;130;48;2;179;131;90m▄[38;2;214;154;112;48;2;94;51;88m▄[38;2;93;60;64;48;2;93;54;80m▄[38;2;228;164;114;48;2;245;174;119m▄[38;2;246;176;124;48;2;246;173;119m▄[38;2;246;177;125;48;2;233;166;115m▄[38;2;246;178;126;48;2;119;93;73m▄[0m[38;2;230;167;119m▄[38;2;196;151;113m▄[38;2;135;100;71m▄[38;2;169;128;93m▄[0m
 [38;2;0;0;0m   [0m [38;2;69;34;79;48;2;74;34;85m▄[38;2;84;40;94;48;2;84;39;94m▄ [38;2;85;40;94;48;2;84;40;94m▄[48;2;85;40;95m  [38;2;85;40;95;48;2;86;41;96m▄[38;2;85;41;95;48;2;85;41;96m▄[38;2;80;40;89;48;2;78;40;88m▄[0m [38;2;20;19;20m  [0m [7m[38;2;221;164;118m▄[0m[38;2;108;82;59;48;2;231;167;113m▄[38;2;217;158;109;48;2;245;174;117m▄[38;2;247;176;123;48;2;244;173;119m▄[38;2;247;177;125;48;2;245;175;122m▄[38;2;246;177;125;48;2;247;177;124m▄[38;2;247;177;125;48;2;246;177;124m▄[38;2;246;178;126;48;2;246;178;125m▄[38;2;246;177;126;48;2;246;178;126m▄[38;2;246;177;125;48;2;245;178;126m▄[38;2;248;179;128;48;2;245;176;123m▄[38;2;247;183;132;48;2;243;178;125m▄[0m
 [38;2;0;0;0m   [0m [38;2;66;33;74;48;2;67;34;76m▄[48;2;83;39;93m [38;2;84;39;93;48;2;84;39;94m▄ [38;2;84;39;94;48;2;84;40;94m▄[48;2;85;40;94m▄ [48;2;85;41;95m [38;2;74;39;84;48;2;78;39;87m▄[0m [38;2;9;9;9m    [0m [38;2;202;147;104;48;2;210;152;109m▄[48;2;247;177;124m [48;2;247;177;125m [38;2;247;178;126m▄[38;2;247;179;127;48;2;247;178;126m▄[38;2;247;178;127;48;2;246;178;126m▄[38;2;247;175;125m▄[38;2;247;179;131;48;2;247;179;129m▄[38;2;249;183;134;48;2;216;165;118m▄[38;2;223;161;114;48;2;227;168;120m▄[0m
 [38;2;0;0;0m   [0m [38;2;81;38;91;48;2;71;34;80m▄[48;2;83;39;93m [38;2;84;39;94;48;2;84;39;93m▄  [38;2;85;40;95;48;2;84;40;94m▄[38;2;85;41;96;48;2;85;40;95m▄[48;2;86;41;96m [38;2;47;29;51;48;2;67;38;75m▄[0m[38;2;47;29;51m     [0m [38;2;215;155;110;48;2;204;149;107m▄[38;2;247;177;124;48;2;247;178;125m▄[38;2;247;178;125;48;2;247;178;126m▄[38;2;247;177;125m▄[38;2;247;177;126;48;2;247;178;127m▄[38;2;229;146;118;48;2;211;134;108m▄[38;2;211;101;116;48;2;210;102;110m▄[38;2;205;95;111;48;2;212;101;116m▄[38;2;202;84;105;48;2;213;101;110m▄[38;2;204;87;106;48;2;222;124;108m▄[0m
 [38;2;0;0;0m  [0m [38;2;74;40;82;48;2;56;40;59m▄[48;2;82;39;93m [38;2;84;40;94;48;2;83;39;93m▄[38;2;85;40;94;48;2;84;39;93m▄[48;2;84;40;94m▄[38;2;85;41;95;48;2;85;40;94m▄[48;2;85;41;95m [38;2;86;43;96;48;2;86;42;97m▄[38;2;56;37;60;48;2;81;41;90m▄[0m [38;2;1;2;1m     [38;2;73;57;45m▄[38;2;247;179;126;48;2;241;175;125m▄[48;2;247;178;125m [38;2;247;178;126m▄[48;2;247;178;126m  [38;2;247;177;126;48;2;245;175;124m▄[38;2;246;178;128;48;2;223;131;113m▄[38;2;82;68;57;48;2;206;106;115m▄[0m[7m[38;2;208;109;126m▄[38;2;116;64;72m▄[0m
  [38;2;61;39;68m▄[38;2;81;39;92;48;2;67;44;74m▄[38;2;82;39;93;48;2;84;40;94m▄▄[48;2;85;40;95m [38;2;80;38;90m▄[38;2;67;33;76;48;2;83;40;93m▄[38;2;89;46;100;48;2;86;42;95m▄[38;2;64;42;69;48;2;84;40;94m▄[0m[7m[38;2;62;37;69m▄[0m [38;2;0;0;0m    [0m  [38;2;235;171;121;48;2;156;117;88m▄[38;2;247;177;124;48;2;247;176;124m▄[48;2;247;178;124m▄[48;2;247;178;125m [38;2;248;179;127;48;2;247;179;126m▄[38;2;247;179;127;48;2;247;178;126m▄[38;2;247;178;127;48;2;246;177;126m▄[38;2;221;160;113;48;2;238;171;122m▄[0m [38;2;16;17;17m  [0m
 [7m[38;2;70;48;75m▄[38;2;82;41;91m▄[38;2;87;42;98m▄[38;2;85;41;95m▄[38;2;74;36;82m▄[38;2;60;37;66m▄[38;2;41;31;44m▄[38;2;61;44;65m▄[0m  [38;2;0;0;0m  [0m [38;2;88;71;58m▄[38;2;183;137;100m▄[38;2;199;148;106m▄[0m [7m[38;2;112;85;64m▄[0m[38;2;196;142;102;48;2;245;177;123m▄[48;2;247;177;124m  [48;2;247;178;125m [48;2;247;178;126m [48;2;247;178;127m [38;2;246;178;127;48;2;247;178;126m▄[38;2;239;173;124;48;2;213;155;112m▄[38;2;111;88;69;48;2;46;47;47m▄[0m[38;2;60;54;51m▄[38;2;95;75;58m▄[0m
[?25h