[?25l[0m [38;2;0;0;0m                     [0m   [38;2;0;0;0m           [0m
 [38;2;0;0;0m        [0m [38;2;53;28;65m▄[38;2;71;35;85m▄[38;2;73;37;87m▄[38;2;57;30;69m▄[0m  [38;2;2;2;2m  [0m [38;2;51;27;61m▄[38;2;88;39;108m▄[38;2;90;40;110;48;2;59;31;71m▄[38;2;88;38;107;48;2;80;39;97m▄[38;2;64;35;76;48;2;70;34;85m▄[0m[38;2;74;37;89m▄[38;2;75;37;90m▄[38;2;62;33;74m▄[0m  [38;2;0;0;0m       [0m
 [38;2;0;0;0m      [0m [38;2;88;38;108;48;2;44;25;52m▄[38;2;89;38;109;48;2;86;38;106m▄[38;2;89;39;109;48;2;89;38;109m▄[48;2;89;39;110m▄[48;2;90;40;110m▄[48;2;89;39;110m▄[48;2;88;38;109m▄[48;2;66;33;80m▄[0m[38;2;74;35;89m▄[38;2;41;25;48m▄[38;2;87;37;108;48;2;55;27;67m▄[38;2;89;39;110;48;2;89;38;109m▄[48;2;90;39;110m▄[38;2;90;39;110;48;2;90;40;111m▄[48;2;91;40;111m▄[48;2;90;39;110m [38;2;90;40;110;48;2;89;39;110m▄[48;2;90;39;110m [38;2;89;39;109;48;2;86;39;104m▄[38;2;56;29;67;48;2;50;27;60m▄[0m [38;2;1;1;1m       [0m
 [38;2;0;0;0m     [0m [38;2;66;35;79;48;2;78;35;95m▄[38;2;83;35;103;48;2;85;37;104m▄[38;2;89;38;109;48;2;89;39;109m▄ [38;2;90;39;110m▄[38;2;89;39;109;48;2;88;38;109m▄[38;2;88;38;108;48;2;89;38;109m▄[38;2;86;37;105;48;2;89;39;109m▄[38;2;26;25;27;48;2;64;31;76m▄[38;2;48;28;55;48;2;30;24;32m▄[38;2;88;38;108;48;2;77;33;95m▄[48;2;88;38;109m [48;2;89;39;109m [38;2;89;39;109;48;2;89;39;110m▄[38;2;89;39;110;48;2;89;39;109m▄[48;2;90;39;110m▄[48;2;89;39;110m  [38;2;90;39;110;48;2;90;40;110m▄[48;2;89;39;110m▄▄[0m[38;2;62;32;74m▄       [0m
 [38;2;0;0;0m     [0m [38;2;63;29;76;48;2;40;21;48m▄[48;2;88;38;108m [38;2;89;39;109m▄▄[48;2;89;39;109m  [38;2;37;22;43;48;2;82;38;100m▄[38;2;81;37;99;48;2;55;34;63m▄[38;2;88;38;108;48;2;75;33;92m▄[38;2;89;38;109;48;2;88;37;108m▄[48;2;88;38;109m [38;2;86;38;104m▄[38;2;88;39;108;48;2;95;49;100m▄[38;2;213;147;110;48;2;167;109;107m▄[38;2;244;170;120;48;2;116;65;103m▄[38;2;172;113;105;48;2;88;39;109m▄[38;2;88;38;106;48;2;88;38;108m▄[48;2;89;39;109m [38;2;90;39;110;48;2;90;40;110m▄▄[38;2;89;39;109;48;2;89;39;110m▄[38;2;81;39;97;48;2;78;38;94m▄[0m [38;2;2;2;2m      [0m
 [38;2;0;0;0m     [0m [38;2;78;34;96;48;2;77;36;93m▄[38;2;89;39;109;48;2;88;38;108m▄[48;2;89;39;110m▄[48;2;89;39;109m  [38;2;82;39;100;48;2;85;38;104m▄[38;2;50;27;60;48;2;41;23;48m▄[48;2;88;37;108m [38;2;89;39;109;48;2;88;38;108m▄[48;2;88;38;109m▄[38;2;89;39;110;48;2;88;39;109m▄[38;2;89;39;109;48;2;97;49;102m▄[38;2;199;135;108;48;2;167;110;103m▄[38;2;245;171;120;48;2;206;142;109m▄[38;2;245;171;121;48;2;245;171;120m▄[38;2;231;163;114m▄[38;2;238;167;117;48;2;172;113;105m▄[38;2;122;72;98;48;2;88;38;108m▄[38;2;88;38;108;48;2;89;39;110m▄[48;2;89;39;109m  [38;2;68;33;82;48;2;78;38;94m▄[0m[38;2;68;33;82m       [0m
 [38;2;0;0;0m     [0m [38;2;73;34;89;48;2;78;35;96m▄[48;2;89;39;110m [48;2;89;39;109m [38;2;89;39;109;48;2;89;39;110m▄[48;2;89;39;109m [48;2;88;39;107m▄[0m[7m[38;2;44;25;52m▄[0m[38;2;82;36;101;48;2;88;38;108m▄[48;2;89;38;109m [38;2;89;38;109;48;2;89;39;109m▄ [38;2;89;39;109;48;2;88;38;109m▄[38;2;191;128;106;48;2;183;123;104m▄[38;2;232;162;114;48;2;245;171;120m▄[0m[7m[38;2;214;151;107m▄[38;2;100;72;52m▄[0m  [7m[38;2;82;36;100m▄[0m[38;2;88;39;108;48;2;89;39;109m▄ [38;2;55;28;66;48;2;57;29;69m▄[0m[38;2;55;28;66m       [0m
 [38;2;0;0;0m      [7m[38;2;56;27;67m▄[0m[38;2;88;38;109;48;2;88;38;108m▄[38;2;89;39;110;48;2;89;39;109m▄[38;2;90;40;110m▄  [38;2;76;36;91;48;2;47;24;56m▄[0m [7m[38;2;87;38;106m▄[0m[38;2;105;61;91;48;2;88;38;108m▄[38;2;174;115;102;48;2;88;39;108m▄[38;2;91;41;105;48;2;89;39;110m▄[38;2;178;118;105;48;2;197;133;108m▄[38;2;245;171;120;48;2;229;160;113m▄[0m[38;2;194;137;97m▄[0m    [38;2;165;120;87;48;2;51;27;59m▄[0m[7m[38;2;89;39;109m▄[0m[38;2;60;31;71;48;2;73;35;88m▄[0m [38;2;28;19;31m      [0m
 [38;2;0;0;0m      [0m [38;2;67;32;81;48;2;86;37;106m▄[38;2;89;39;109;48;2;90;40;110m▄▄[38;2;90;39;109m▄[38;2;89;39;109m▄[38;2;90;39;110;48;2;89;39;109m▄[0m[38;2;51;27;61m▄ [7m[38;2;145;103;74m▄[0m[38;2;173;124;88;48;2;204;144;101m▄[38;2;228;160;112;48;2;202;138;110m▄[38;2;244;171;120;48;2;160;105;102m▄[38;2;245;172;122;48;2;245;172;121m▄▄▄[48;2;245;171;120m▄[38;2;240;169;119;48;2;244;171;120m▄[38;2;225;158;110;48;2;235;164;115m▄[38;2;171;121;87;48;2;174;123;88m▄[0m[38;2;171;121;87m         [0m
 [38;2;0;0;0m       [7m[38;2;39;20;46m▄[0m[38;2;88;38;108;48;2;89;38;109m▄[38;2;90;39;110;48;2;89;39;109m▄[38;2;90;40;110m▄[48;2;90;39;109m [38;2;89;39;109m▄[38;2;87;38;107;48;2;77;39;93m▄[0m [38;2;8;7;8m  [38;2;169;120;85;48;2;188;134;95m▄[38;2;245;172;121;48;2;245;171;120m▄[48;2;245;172;121m [38;2;226;125;114;48;2;236;157;117m▄[38;2;217;84;113;48;2;235;152;118m▄[38;2;218;85;113;48;2;234;144;117m▄[38;2;217;92;112;48;2;232;162;114m▄[38;2;172;71;92;48;2;234;156;115m▄[0m[7m[38;2;213;135;107m▄[0m [38;2;0;0;0m        [0m
 [38;2;0;0;0m       [0m [38;2;64;31;77;48;2;79;37;96m▄[48;2;89;39;109m   [38;2;89;39;110;48;2;90;40;110m▄[38;2;90;39;109m▄[0m [38;2;13;10;15m [0m [38;2;232;163;115;48;2;192;137;98m▄[38;2;245;172;122;48;2;245;172;121m▄[48;2;245;172;122m [38;2;245;172;121m▄[48;2;233;140;116m▄[0m[7m[38;2;168;80;90m▄[0m [38;2;0;0;0m           [0m
 [38;2;0;0;0m        [38;2;64;30;77;48;2;59;29;72m▄[38;2;90;40;110;48;2;90;39;110m▄[38;2;89;38;109;48;2;89;39;109m▄[38;2;89;39;110m▄[38;2;91;42;107m▄[38;2;144;92;99;48;2;87;39;105m▄[0m[38;2;201;143;103m▄[38;2;143;102;74m▄[7m[38;2;122;89;65m▄[0m[38;2;237;167;117;48;2;245;173;121m▄[38;2;245;172;121;48;2;245;172;122m▄[48;2;245;172;121m [38;2;245;172;122m▄[38;2;245;173;122m▄[0m[38;2;218;154;108m▄[0m [38;2;134;95;69m▄[0m [38;2;46;34;25m         [0m
 [38;2;0;0;0m       [0m [38;2;90;39;110;48;2;82;38;100m▄[48;2;89;39;109m▄[38;2;88;39;108m▄[38;2;161;103;105;48;2;91;42;105m▄[38;2;245;172;121;48;2;202;137;109m▄[38;2;245;171;121;48;2;245;171;120m▄[48;2;245;172;121m [38;2;245;172;121;48;2;241;169;119m▄[0m[38;2;104;75;54m▄[7m[38;2;128;92;66m▄[0m[38;2;216;152;108;48;2;245;172;121m▄[48;2;245;172;122m [48;2;245;173;122m  [38;2;245;172;122;48;2;245;172;121m▄[0m[38;2;146;105;75m▄[7m[38;2;179;126;90m▄[0m[38;2;242;170;120;48;2;243;171;120m▄[38;2;239;168;118;48;2;108;78;57m▄[0m [38;2;30;23;18m       [0m
 [38;2;0;0;0m     [0m [38;2;73;37;87m▄[38;2;77;39;92;48;2;84;37;103m▄[38;2;56;30;66;48;2;90;39;110m▄[0m[7m[38;2;85;37;104m▄[38;2;81;39;96m▄[0m[38;2;246;172;120;48;2;229;159;114m▄[48;2;246;172;121m [48;2;245;172;121m [38;2;246;172;121m▄[38;2;246;173;122m▄[38;2;146;104;75;48;2;145;103;74m▄[0m[38;2;146;104;75m [0m [38;2;143;102;73;48;2;244;171;120m▄[48;2;245;172;121m [48;2;245;172;122m [38;2;236;166;117m▄[38;2;177;126;90;48;2;182;129;92m▄[0m[38;2;177;126;90m [7m[38;2;144;102;74m▄[0m[38;2;210;149;106;48;2;246;172;121m▄[38;2;168;119;85;48;2;111;80;58m▄[0m[38;2;168;119;85m       [0m
 [38;2;0;0;0m          [38;2;165;118;85;48;2;117;84;61m▄[38;2;246;173;121;48;2;245;172;120m▄[38;2;245;172;122;48;2;245;172;121m▄[48;2;245;172;122m [38;2;238;168;119;48;2;246;173;122m▄[38;2;236;166;116;48;2;246;172;121m▄[0m[7m[38;2;116;82;59m▄[0m[38;2;53;39;29m  [0m [7m[38;2;123;89;64m▄[38;2;224;158;112m▄[38;2;210;148;104m▄[0m [38;2;0;0;0m  [0m [38;2;183;129;91;48;2;212;149;105m▄[0m [38;2;22;17;14m      [0m
 [38;2;0;0;0m         [0m [38;2;235;165;116;48;2;205;146;105m▄[48;2;245;172;122m [48;2;245;173;122m [38;2;245;172;122m▄[38;2;182;129;92;48;2;223;157;111m▄[0m[7m[38;2;192;137;97m▄[0m [38;2;0;0;0m         [0m [38;2;189;134;96;48;2;149;105;75m▄[0m[38;2;114;81;59m▄      [0m
 [38;2;0;0;0m         [0m [7m[38;2;189;135;97m▄[38;2;242;171;122m▄[38;2;245;173;123m▄[0m[38;2;146;105;76;48;2;246;173;122m▄[0m[7m[38;2;114;85;65m▄[0m [38;2;13;13;13m         [0m  [7m[38;2;242;171;121m▄[38;2;119;86;63m▄[0m[38;2;0;0;0m      [0m
 [38;2;0;0;0m               [0m [38;2;0;0;0m                   [0m
[?25h