[?25l[0m [38;2;0;0;0m      [0m [38;2;83;45;42m▄[38;2;169;81;73m▄[38;2;199;82;72m▄[38;2;215;89;79m▄[38;2;206;84;74m▄[38;2;177;75;65m▄[38;2;121;62;56m▄[0m [38;2;35;26;25m              [0m
 [38;2;0;0;0m    [0m [38;2;176;78;69m▄[38;2;221;88;77;48;2;168;79;71m▄[38;2;220;89;78;48;2;220;90;79m▄[38;2;220;89;79;48;2;219;89;79m▄[38;2;219;89;78m▄[38;2;219;88;78;48;2;219;88;79m▄[38;2;220;89;79;48;2;219;88;78m▄[48;2;220;89;79m [38;2;221;89;79;48;2;220;90;80m▄[38;2;220;89;79;48;2;206;87;77m▄[38;2;218;88;78;48;2;90;53;49m▄[0m[38;2;102;55;50m▄[0m [38;2;3;3;3m           [0m
 [38;2;0;0;0m   [0m [38;2;198;84;75;48;2;117;59;56m▄[38;2;220;89;79;48;2;220;86;78m▄[38;2;221;90;80;48;2;221;89;79m▄[38;2;222;90;80m▄[38;2;221;90;79;48;2;220;89;79m▄▄▄[48;2;221;89;79m▄▄[38;2;222;90;80m▄▄[48;2;222;90;80m [38;2;222;91;81;48;2;218;90;80m▄[38;2;194;86;76;48;2;74;44;41m▄[0m [38;2;22;18;18m          [0m
 [38;2;0;0;0m   [0m [38;2;221;89;81;48;2;220;90;81m▄[38;2;221;89;79;48;2;220;89;79m▄[38;2;222;89;79;48;2;221;89;79m▄[38;2;222;90;80;48;2;221;90;80m▄[48;2;222;91;80m [38;2;222;91;80;48;2;221;91;80m▄[48;2;222;90;80m▄[38;2;222;91;81;48;2;222;91;80m▄[48;2;222;90;80m▄[38;2;223;91;81;48;2;222;91;80m▄[48;2;222;90;80m  [38;2;222;90;80;48;2;221;89;80m▄[38;2;222;91;81;48;2;220;87;76m▄[38;2;166;76;65;48;2;103;54;49m▄[0m[38;2;75;51;48m▄         [0m
 [38;2;0;0;0m   [0m [38;2;209;80;71;48;2;221;89;80m▄[38;2;221;87;77;48;2;222;88;78m▄[48;2;222;89;79m [48;2;222;90;80m [38;2;223;91;81;48;2;222;91;80m▄[38;2;212;88;77m▄[38;2;158;127;124;48;2;223;91;80m▄[38;2;152;179;181;48;2;221;92;81m▄[38;2;156;183;184;48;2;222;92;82m▄[38;2;165;136;133;48;2;222;90;80m▄[38;2;199;80;71;48;2;221;89;79m▄[38;2;221;85;77;48;2;222;90;80m▄[38;2;220;89;79;48;2;223;92;81m▄[38;2;165;120;116;48;2;224;89;79m▄[38;2;162;202;205;48;2;205;86;76m▄[38;2;175;220;222;48;2;172;73;63m▄[0m[38;2;121;147;148m▄[0m [38;2;8;9;9m       [0m
 [38;2;0;0;0m   [0m [38;2;92;49;47;48;2;170;77;71m▄[38;2;222;89;79;48;2;221;87;77m▄[38;2;222;88;78;48;2;221;88;79m▄[48;2;222;89;79m [38;2;195;82;72;48;2;222;92;81m▄[38;2;176;216;219;48;2;159;138;135m▄[38;2;195;238;242;48;2;194;237;240m▄[38;2;195;234;238;48;2;192;236;240m▄[38;2;194;234;237;48;2;191;236;239m▄[38;2;191;236;239;48;2;196;238;241m▄[38;2;179;225;227;48;2;158;148;147m▄[38;2;192;83;77;48;2;218;83;76m▄[38;2;162;131;130;48;2;172;88;83m▄[38;2;190;236;239;48;2;191;231;234m▄[38;2;194;237;240;48;2;190;235;238m▄[38;2;142;176;179;48;2;187;234;238m▄[38;2;186;235;238;48;2;185;235;237m▄[38;2;148;183;184;48;2;94;115;117m▄[0m[38;2;148;183;184m       [0m
 [38;2;0;0;0m    [0m [38;2;138;66;61;48;2;205;85;75m▄[38;2;220;84;74;48;2;221;88;78m▄[38;2;223;89;79;48;2;222;88;78m▄[38;2;210;90;79;48;2;176;76;69m▄[38;2;171;200;201;48;2;190;236;239m▄[38;2;195;238;241;48;2;191;238;241m▄[38;2;190;237;240;48;2;130;164;166m▄[48;2;137;165;167m▄[38;2;193;237;240;48;2;194;237;239m▄[38;2;177;211;213;48;2;193;237;239m▄[38;2;199;78;71;48;2;183;94;88m▄[38;2;195;78;69;48;2;168;123;119m▄[38;2;165;190;191;48;2;188;236;239m▄[38;2;193;237;240;48;2;190;237;240m▄[38;2;194;237;240;48;2;142;173;174m▄[38;2;196;237;240;48;2;202;239;241m▄[38;2;83;98;99;48;2;155;183;184m▄[0m[38;2;83;98;99m       [0m
 [38;2;0;0;0m     [0m [38;2;197;82;74;48;2;221;91;81m▄[38;2;222;90;79;48;2;224;91;81m▄[38;2;223;91;80;48;2;223;92;80m▄[38;2;222;92;80;48;2;168;110;104m▄[38;2;174;95;87;48;2;187;228;231m▄[38;2;162;136;134;48;2;195;237;240m▄[38;2;157;136;134;48;2;189;235;239m▄[38;2;169;98;92;48;2;188;232;235m▄[38;2;218;88;79;48;2;160;114;110m▄[38;2;220;89;79;48;2;218;83;75m▄[38;2;221;90;80;48;2;219;86;76m▄[38;2;221;90;79;48;2;182;83;74m▄[38;2;192;80;70;48;2;144;166;167m▄[38;2;179;74;63;48;2;166;194;195m▄[38;2;150;65;56;48;2;136;130;128m▄[0m [38;2;5;5;5m       [0m
 [38;2;0;0;0m     [0m [38;2;140;69;62;48;2;167;79;72m▄[38;2;220;88;78;48;2;221;88;77m▄[38;2;220;87;77;48;2;222;90;79m▄[48;2;220;89;78m [38;2;221;90;79;48;2;174;70;59m▄[38;2;207;85;73;48;2;189;71;61m▄[38;2;220;91;79;48;2;179;71;63m▄[38;2;221;90;79;48;2;194;81;69m▄[38;2;221;89;78;48;2;220;88;78m▄[38;2;222;90;79;48;2;221;89;79m▄[48;2;221;90;79m▄[38;2;222;91;80;48;2;220;90;79m▄[48;2;220;88;78m▄[38;2;220;89;78;48;2;203;83;72m▄[38;2;168;72;65;48;2;82;50;46m▄[0m [38;2;10;10;10m       [0m
 [38;2;0;0;0m      [38;2;136;72;67;48;2;138;73;67m▄[38;2;220;89;79;48;2;220;88;77m▄[38;2;220;89;78;48;2;220;88;78m▄[38;2;220;89;79;48;2;220;89;78m▄[48;2;221;90;80m [38;2;207;88;76;48;2;222;92;81m▄[38;2;205;86;75m▄[38;2;222;89;79;48;2;221;89;79m▄[38;2;221;87;77;48;2;221;89;78m▄[38;2;204;79;68m▄[38;2;223;92;80;48;2;222;90;78m▄[38;2;194;82;70;48;2;223;92;81m▄[38;2;222;92;81;48;2;223;93;82m▄[38;2;177;70;60;48;2;212;88;76m▄[38;2;219;87;77;48;2;217;87;76m▄[0m[38;2;84;45;42m▄       [0m
 [38;2;0;0;0m     [0m [38;2;134;65;60;48;2;134;69;64m▄[38;2;219;88;78;48;2;220;88;78m▄[38;2;220;88;79;48;2;220;89;79m▄ [38;2;220;90;80;48;2;221;90;80m▄[38;2;220;89;79;48;2;221;91;80m▄[38;2;211;83;73;48;2;178;72;62m▄[38;2;186;76;65;48;2;214;85;75m▄[38;2;224;94;83;48;2;224;92;82m▄[38;2;185;78;67;48;2;179;74;63m▄[38;2;221;93;82;48;2;225;96;84m▄[38;2;213;87;74;48;2;188;77;66m▄[38;2;176;68;59;48;2;205;81;70m▄[38;2;216;85;73;48;2;184;74;63m▄[38;2;171;67;58;48;2;204;79;68m▄[38;2;219;92;80;48;2;145;65;59m▄[0m[38;2;97;57;53m▄      [0m
 [38;2;0;0;0m    [38;2;90;92;83m▄[38;2;213;219;192;48;2;136;139;125m▄[38;2;158;68;61;48;2;162;86;76m▄[48;2;219;88;78m [48;2;220;89;79m [48;2;221;90;80m  [38;2;222;91;81;48;2;220;90;81m▄[38;2;193;79;70;48;2;212;87;77m▄[38;2;213;84;74;48;2;193;80;70m▄[38;2;222;87;77;48;2;224;91;82m▄[38;2;165;64;56;48;2;178;72;63m▄[38;2;220;87;77;48;2;219;89;78m▄[38;2;222;97;85;48;2;220;90;77m▄[38;2;186;76;66;48;2;178;73;63m▄[38;2;223;89;78;48;2;225;96;84m▄[38;2;107;55;51;48;2;180;74;65m▄[38;2;128;66;60;48;2;223;87;76m▄[0m[7m[38;2;148;73;68m▄[0m[38;2;39;29;28m      [0m
 [38;2;0;0;0m [0m [38;2;75;77;69m▄[38;2;192;199;168m▄[38;2;223;231;194;48;2;178;184;157m▄[38;2;228;237;201;48;2;225;233;197m▄[38;2;129;155;139;48;2;124;70;61m▄[38;2;135;106;95;48;2;222;90;80m▄[38;2;206;84;76m▄[38;2;222;89;80;48;2;221;90;80m▄[38;2;220;88;79;48;2;221;89;80m▄[38;2;221;89;79;48;2;222;90;80m▄[38;2;223;92;83;48;2;202;82;72m▄[38;2;181;78;68;48;2;201;78;69m▄[38;2;172;68;60;48;2;214;81;71m▄[38;2;218;83;74;48;2;130;50;43m▄[38;2;174;72;64;48;2;218;90;79m▄[38;2;144;63;56;48;2;172;72;61m▄[38;2;166;166;147;48;2;134;74;64m▄[0m[7m[38;2;144;71;64m▄[0m [38;2;0;0;0m       [0m [0m
 [38;2;152;156;136m▄[38;2;230;238;202;48;2;126;129;116m▄[38;2;230;238;203;48;2;228;235;202m▄[38;2;230;238;202;48;2;229;237;200m▄[38;2;230;238;201;48;2;229;237;201m▄[48;2;231;238;204m▄[38;2;226;234;198;48;2;172;183;159m▄[38;2;122;157;142;48;2;124;183;166m▄[38;2;128;188;171;48;2;114;153;138m▄[38;2;132;191;175;48;2;139;104;93m▄[38;2;130;187;170;48;2;177;78;69m▄[38;2;113;164;146;48;2;212;83;75m▄[38;2;112;142;129;48;2;224;90;80m▄[38;2;112;140;125;48;2;225;92;82m▄[38;2;95;121;110;48;2;222;91;81m▄[38;2;126;177;161;48;2;200;81;71m▄[38;2;130;187;171;48;2;151;95;84m▄[38;2;113;149;135;48;2;111;135;123m▄[38;2;225;234;194;48;2;194;202;172m▄[38;2;227;237;197;48;2;124;127;111m▄[0m[38;2;181;187;162m▄[0m [38;2;30;30;29m      [38;2;57;56;32;48;2;43;43;30m▄[0m
[38;2;229;237;200;48;2;124;127;113m▄[38;2;230;238;203;48;2;174;179;152m▄[38;2;175;180;154;48;2;219;226;188m▄[38;2;232;239;203;48;2;229;238;200m▄[38;2;230;238;201;48;2;230;238;202m▄[38;2;231;239;202m▄ [38;2;230;238;202;48;2;230;239;203m▄[38;2;231;239;203;48;2;186;196;169m▄[38;2;146;160;139;48;2;104;145;134m▄[38;2;103;146;134;48;2;131;191;174m▄[38;2;107;152;138;48;2;130;190;173m▄[38;2;108;153;139;48;2;131;191;173m▄[38;2;115;162;147;48;2;132;192;174m▄[38;2;117;164;150;48;2;135;194;176m▄[38;2;84;122;111;48;2;111;157;143m▄[38;2;103;148;135;48;2;131;188;170m▄[38;2;87;123;112;48;2;126;183;168m▄[38;2;207;215;180;48;2;150;170;148m▄[38;2;229;237;199;48;2;230;238;202m▄[38;2;229;237;200;48;2;230;238;201m▄[48;2;230;238;202m [38;2;193;198;170;48;2;135;138;121m▄[0m[38;2;171;174;152m▄[0m [38;2;21;21;21m    [0m [0m
[38;2;230;238;202;48;2;231;239;203m▄[48;2;230;238;202m [38;2;231;239;205;48;2;211;218;186m▄[38;2;180;185;157;48;2;203;208;177m▄[38;2;230;238;201;48;2;231;238;201m▄[38;2;231;238;202;48;2;230;238;201m▄[48;2;230;238;202m   [38;2;230;238;201;48;2;228;236;200m▄[38;2;227;235;201;48;2;136;161;142m▄[38;2;137;161;144;48;2;138;194;178m▄[38;2;127;186;169;48;2;136;193;177m▄[38;2;130;189;172;48;2;126;184;168m▄[38;2;130;189;171;48;2;123;180;164m▄[48;2;127;186;169m [38;2;136;161;142;48;2;132;186;171m▄[38;2;230;238;204;48;2;163;180;156m▄[38;2;229;237;200;48;2;229;238;200m▄[48;2;230;238;201m▄ [48;2;230;238;202m [38;2;229;237;202;48;2;223;230;195m▄[38;2;178;184;156;48;2;186;192;162m▄[38;2;225;233;198;48;2;135;140;121m▄[0m [38;2;53;54;50m    [0m
[38;2;123;127;109;48;2;232;239;205m▄[38;2;175;180;156;48;2;231;239;204m▄[38;2;196;201;173;48;2;231;239;203m▄[38;2;199;205;175;48;2;188;194;165m▄[38;2;219;224;192;48;2;231;238;202m▄[48;2;230;238;202m  [38;2;231;239;203m▄[38;2;232;238;204m▄[38;2;231;238;203m▄[38;2;230;238;201m▄[38;2;230;238;202;48;2;227;236;200m▄[38;2;231;239;205;48;2;146;165;143m▄[38;2;175;183;158;48;2;123;173;157m▄[38;2;146;164;142;48;2;135;190;175m▄[38;2;231;237;206;48;2;131;157;138m▄[38;2;230;238;202;48;2;223;232;194m▄[38;2;229;237;198;48;2;229;237;201m▄[38;2;231;238;203;48;2;230;238;202m▄[38;2;231;238;205;48;2;229;237;200m▄[38;2;198;204;173;48;2;230;238;201m▄[38;2;191;198;169;48;2;230;238;202m▄[38;2;174;179;155m▄[38;2;110;112;99;48;2;175;181;153m▄[0m[7m[38;2;229;238;198m▄[38;2;140;143;125m▄[0m[38;2;36;37;33m    [0m
[?25h