[?25l[0m  [38;2;140;7;4;48;2;117;29;28m▄[38;2;98;3;2;48;2;136;3;1m▄[38;2;0;0;0;48;2;2;0;0m▄[48;2;0;0;0m [38;2;10;15;15;48;2;9;13;13m▄[38;2;3;1;1;48;2;0;0;0m▄[38;2;1;1;0m▄[38;2;11;10;6;48;2;1;1;0m▄[38;2;224;205;141;48;2;106;97;68m▄[38;2;250;227;155;48;2;248;227;155m▄[48;2;249;227;156m [38;2;249;226;151;48;2;249;226;155m▄[38;2;249;225;154;48;2;249;226;153m▄[38;2;250;228;158m▄[38;2;250;228;157;48;2;249;226;154m▄[38;2;249;228;159;48;2;249;227;156m▄[38;2;249;227;158;48;2;249;229;160m▄[38;2;245;223;150;48;2;167;153;107m▄[38;2;32;32;23;48;2;7;7;7m▄[38;2;1;1;1;48;2;11;11;11m▄[0m [38;2;20;20;20m    [0m [38;2;118;62;7;48;2;63;25;30m▄[38;2;88;22;8;48;2;93;4;15m▄[0m
  [7m[38;2;108;27;25m▄[38;2;65;23;22m▄[38;2;25;25;25m▄[38;2;26;26;26m▄[38;2;29;30;30m▄[38;2;26;25;26m▄[38;2;29;29;29m▄[38;2;58;55;49m▄[38;2;164;153;118m▄[38;2;164;152;114m▄[38;2;162;150;111m▄[38;2;147;136;100m▄[38;2;108;103;77m▄[38;2;136;129;99m▄[38;2;150;140;108m▄[38;2;164;153;121m▄[38;2;163;151;113m▄[38;2;164;151;113m▄[38;2;65;63;53m▄[38;2;34;34;34m▄[0m [38;2;0;0;0m    [0m [7m[38;2;123;86;39m▄[38;2;115;79;35m▄[0m
 [38;2;0;0;0m        [0m    [38;2;4;4;4m                 [0m
 [38;2;0;0;0m    [0m [38;2;46;49;57m▄[38;2;94;101;131m▄[38;2;101;107;143;48;2;58;60;72m▄[38;2;102;109;144;48;2;100;107;130m▄[38;2;101;108;141;48;2;119;127;156m▄[38;2;102;108;141;48;2;114;122;149m▄[38;2;104;111;144;48;2;95;100;123m▄[38;2;110;117;150;48;2;60;62;75m▄[0m[38;2;97;104;133m▄[38;2;55;57;67m▄[0m [38;2;8;8;8m             [0m
 [38;2;0;0;0m   [38;2;50;52;61m▄[38;2;107;115;149;48;2;69;72;85m▄[38;2;106;113;148;48;2;97;104;138m▄[48;2;101;108;143m [38;2;100;107;141;48;2;101;108;142m▄[48;2;100;107;141m  [38;2;101;107;141m▄[38;2;102;108;141;48;2;102;109;142m▄[38;2;102;109;141;48;2;104;111;144m▄[38;2;102;110;143;48;2;110;117;150m▄[38;2;103;110;143;48;2;95;102;136m▄[38;2;108;115;149;48;2;62;65;80m▄[0m[38;2;66;69;82m▄[0m [38;2;2;2;2m           [0m
 [38;2;0;0;0m  [38;2;60;62;75m▄[38;2;103;111;147;48;2;93;100;132m▄[38;2;107;115;149;48;2;122;130;164m▄[38;2;100;107;142;48;2;103;110;146m▄[38;2;101;107;143;48;2;101;107;142m▄[38;2;103;109;144m▄[48;2;102;108;142m▄[38;2;103;109;143;48;2;101;107;142m▄[38;2;100;107;140;48;2;100;107;141m▄[38;2;103;110;144;48;2;102;109;142m▄[38;2;104;111;145;48;2;103;111;143m▄[38;2;102;110;144;48;2;107;115;148m▄[38;2;104;112;145;48;2;111;119;150m▄[38;2;109;117;146;48;2;121;128;156m▄[38;2;105;113;144;48;2;113;122;151m▄[0m[38;2;82;85;104m▄           [0m
 [38;2;0;0;0m [0m [38;2;102;109;143;48;2;89;94;121m▄[38;2;102;109;144;48;2;104;111;148m▄[38;2;100;107;142;48;2;100;107;143m▄[38;2;102;108;143;48;2;100;107;142m▄[38;2;104;111;146;48;2;102;109;143m▄[38;2;98;104;134;48;2;105;111;146m▄[38;2;92;98;130;48;2;86;92;118m▄[38;2;102;108;143;48;2;81;87;114m▄[38;2;106;113;147;48;2;89;95;124m▄[38;2;114;123;159;48;2;91;98;124m▄[38;2;83;90;116;48;2;100;107;138m▄[38;2;96;105;133;48;2;104;112;145m▄[38;2;96;104;130;48;2;105;113;147m▄[38;2;67;73;93;48;2;103;112;143m▄[38;2;83;90;115;48;2;102;111;141m▄[38;2;103;113;146;48;2;100;110;138m▄[0m[38;2;64;66;76m▄[38;2;91;98;120m▄[38;2;69;72;87m▄[0m [38;2;12;12;12m       [0m
 [38;2;0;0;0m [38;2;57;59;68m▄[48;2;102;108;144m [38;2;102;108;143;48;2;101;108;143m▄[38;2;103;108;144;48;2;101;107;142m▄[38;2;102;109;144;48;2;102;108;143m▄[38;2;101;107;143;48;2;103;110;145m▄[38;2;80;87;115;48;2;82;88;117m▄[38;2;103;110;145;48;2;99;106;141m▄[38;2;115;123;155;48;2;105;112;146m▄[38;2;108;115;148;48;2;114;122;156m▄[38;2;109;116;149;48;2;106;113;147m▄[38;2;99;109;136;48;2;87;96;122m▄[38;2;152;176;207;48;2;148;173;203m▄[38;2;152;176;206;48;2;150;176;206m▄[38;2;155;178;207;48;2;132;153;179m▄[38;2;135;153;178;48;2;94;107;127m▄[38;2;112;130;155;48;2;100;112;135m▄[38;2;82;92;118;48;2;80;88;113m▄[38;2;105;115;149;48;2;110;120;152m▄[38;2;104;112;144;48;2;109;118;152m▄[38;2;86;90;111;48;2;67;71;85m▄[0m [38;2;6;6;6m      [0m
 [38;2;0;0;0m [7m[38;2;49;51;61m▄[0m[38;2;103;109;145;48;2;104;109;145m▄[38;2;103;109;144m▄[48;2;104;110;144m▄[38;2;103;110;143;48;2;102;108;143m▄[38;2;104;111;146;48;2;101;107;142m▄[38;2;78;85;112;48;2;84;91;119m▄[38;2;117;124;155;48;2;93;100;128m▄[38;2;86;96;120;48;2;114;122;155m▄[38;2;114;131;155;48;2;105;112;146m▄[38;2;137;159;189;48;2;91;99;126m▄[38;2;150;175;207;48;2;133;153;180m▄[38;2;152;177;207;48;2;153;177;208m▄[48;2;152;177;207m [48;2;152;177;206m [38;2;152;176;207;48;2;153;178;206m▄[38;2;150;174;204;48;2;119;139;165m▄[38;2;153;178;208;48;2;116;137;164m▄[38;2;146;167;192;48;2;98;108;137m▄[38;2;77;88;108;48;2;114;124;155m▄[38;2;103;115;147;48;2;86;91;110m▄[0m[38;2;55;59;70m▄      [0m
 [38;2;0;0;0m [0m [38;2;77;79;98;48;2;94;99;129m▄[48;2;102;108;142m [38;2;106;111;146;48;2;103;110;144m▄[48;2;105;112;146m [38;2;108;114;148;48;2;109;116;150m▄[38;2;101;108;137;48;2;80;86;113m▄[38;2;93;108;130;48;2;100;109;146m▄[38;2;136;160;190;48;2;91;103;128m▄[38;2;149;174;205;48;2;154;177;207m▄[38;2;153;177;206;48;2;151;176;205m▄[38;2;153;177;207;48;2;151;176;206m▄[38;2;151;176;207;48;2;152;177;207m▄[38;2;152;176;207;48;2;152;176;206m▄[38;2;153;177;207m▄[38;2;154;178;207;48;2;152;177;207m▄▄[38;2;153;178;207;48;2;154;178;207m▄[38;2;153;178;208;48;2;153;178;207m▄[38;2;128;149;170;48;2;107;124;146m▄[0m[7m[38;2;80;89;122m▄[38;2;41;43;52m▄[0m[38;2;1;1;1m      [0m
 [38;2;0;0;0m  [0m [38;2;77;80;100;48;2;102;108;143m▄[38;2;110;115;148;48;2;106;112;146m▄[38;2;108;115;147;48;2;105;112;146m▄[38;2;107;114;148;48;2;106;113;147m▄[38;2;102;108;140;48;2;103;109;141m▄[38;2;127;145;168;48;2;123;141;166m▄[38;2;154;178;207;48;2;151;176;206m▄[38;2;151;176;206;48;2;150;175;206m▄[38;2;134;158;187;48;2;151;176;207m▄[38;2;129;151;175;48;2;153;177;208m▄[38;2;150;164;172;48;2;154;178;209m▄[38;2;131;148;164;48;2;153;177;208m▄[38;2;148;169;195;48;2;153;177;207m▄[38;2;153;178;208;48;2;154;178;207m▄[38;2;152;177;207;48;2;155;179;208m▄[38;2;154;178;207;48;2;154;179;208m▄[38;2;157;181;209;48;2;152;177;208m▄[38;2;160;184;212;48;2;130;152;177m▄[0m[38;2;150;175;201m▄[0m [38;2;26;27;29m      [0m
  [38;2;131;141;150m▄[38;2;66;71;77m▄[38;2;73;80;88m▄[38;2;76;88;102;48;2;97;102;131m▄[38;2;79;96;115;48;2;109;116;149m▄[38;2;94;117;137;48;2;111;120;150m▄[38;2;113;136;161;48;2;81;88;111m▄[38;2;66;76;106;48;2;66;75;106m▄[38;2;102;120;147;48;2;135;156;182m▄[38;2;150;176;206;48;2;153;178;207m▄[38;2;157;181;209;48;2;138;162;189m▄[38;2;188;190;166;48;2;141;147;138m▄[38;2;252;248;193;48;2;251;248;192m▄[38;2;252;248;191;48;2;249;245;199m▄[38;2;251;247;194;48;2;219;218;181m▄[38;2;251;247;195;48;2;172;176;158m▄[38;2;196;194;156;48;2;122;135;144m▄[38;2;247;244;193;48;2;136;147;150m▄[38;2;251;247;187;48;2;174;179;161m▄[38;2;252;248;189;48;2;192;194;172m▄[38;2;250;246;185;48;2;176;177;150m▄[0m[38;2;101;104;93m▄[38;2;69;75;85m▄[38;2;72;81;93m▄[38;2;52;56;62m▄   [0m
 [38;2;0;0;0m [0m  [38;2;0;0;0m [0m [38;2;97;103;130;48;2;97;104;134m▄[38;2;107;114;146;48;2;93;100;127m▄[38;2;101;107;140;48;2;69;78;101m▄[38;2;71;79;103;48;2;62;73;103m▄[38;2;151;176;205;48;2;118;138;163m▄[38;2;152;176;205;48;2;152;176;206m▄[38;2;152;177;206;48;2;156;180;208m▄[38;2;136;149;152;48;2;186;190;171m▄[38;2;245;243;192;48;2;252;249;199m▄[38;2;251;247;184;48;2;251;247;187m▄[38;2;246;243;181;48;2;103;102;75m▄[38;2;249;247;189;48;2;246;243;183m▄[38;2;154;156;132;48;2;204;202;158m▄[38;2;244;242;198;48;2;248;246;196m▄[38;2;251;249;192;48;2;250;247;191m▄[38;2;235;233;178;48;2;125;123;91m▄[38;2;242;240;197;48;2;244;242;186m▄[0m[7m[38;2;113;112;92m▄[0m[38;2;53;52;47m [0m  [38;2;0;0;0m   [0m
 [38;2;0;0;0m [0m [38;2;81;86;105m▄[38;2;86;91;117;48;2;54;57;61m▄[0m [38;2;86;93;120;48;2;85;91;114m▄[38;2;102;109;144;48;2;103;110;144m▄[38;2;104;111;145;48;2;101;109;143m▄[38;2;101;110;141;48;2;92;100;131m▄[38;2;123;143;170;48;2;140;164;192m▄[38;2;150;175;205;48;2;153;178;206m▄[38;2;151;176;206;48;2;152;177;205m▄[38;2;152;176;205;48;2;139;164;191m▄[38;2;152;177;205;48;2;131;145;147m▄[38;2;157;181;208;48;2;178;181;153m▄[38;2;157;181;210;48;2;182;184;154m▄[38;2;151;177;208;48;2;152;161;152m▄[38;2;151;178;208;48;2;142;167;194m▄[38;2;153;179;208;48;2;148;160;164m▄[38;2;144;166;190;48;2;182;183;150m▄[0m[7m[38;2;188;186;147m▄[38;2;89;88;75m▄[0m [38;2;0;0;0m      [0m
 [38;2;0;0;0m [38;2;52;55;63m▄[38;2;99;106;140;48;2;101;107;141m▄[38;2;93;100;131;48;2;95;101;134m▄[38;2;99;107;139;48;2;74;79;99m▄[38;2;106;113;147;48;2;98;105;139m▄[38;2;105;113;147;48;2;103;111;146m▄[38;2;102;110;142;48;2;106;114;147m▄[38;2;99;109;138;48;2;107;115;141m▄[38;2;121;116;136;48;2;128;142;167m▄[38;2;155;179;207;48;2;152;177;206m▄[38;2;152;177;206;48;2;151;176;206m▄[38;2;151;176;206;48;2;152;177;206m▄[38;2;150;176;206;48;2;153;178;206m▄[38;2;151;176;206;48;2;154;179;208m▄[38;2;143;147;168;48;2;153;179;208m▄[38;2;153;111;127;48;2;152;178;209m▄[38;2;145;143;163;48;2;155;180;209m▄[38;2;134;127;148;48;2;150;177;207m▄[38;2;103;89;104;48;2;114;132;153m▄[0m [38;2;4;5;5m        [0m
 [38;2;0;0;0m [0m [38;2;95;100;129;48;2;106;113;147m▄[38;2;105;112;146;48;2;105;112;145m▄[38;2;104;111;146;48;2;104;112;146m▄[38;2;105;113;147;48;2;106;113;147m▄[38;2;100;107;139;48;2;105;112;147m▄[38;2;94;102;135;48;2;92;99;131m▄[38;2;90;101;129;48;2;91;101;133m▄[38;2;147;173;203;48;2;125;145;170m▄[38;2;151;176;206;48;2;154;178;206m▄[38;2;152;177;206;48;2;154;177;206m▄[38;2;137;132;153;48;2;150;176;205m▄[38;2;128;63;51;48;2;140;124;148m▄[38;2;219;216;171;48;2;140;46;52m▄[38;2;214;212;171;48;2;157;32;30m▄[38;2;198;195;151;48;2;171;22;25m▄[38;2;154;152;126;48;2;190;21;24m▄[0m[7m[38;2;188;21;25m▄[38;2;174;29;33m▄[0m [38;2;0;0;0m        [0m
 [38;2;0;0;0m  [0m [7m[38;2;92;99;129m▄[0m[38;2;48;51;59;48;2;102;109;143m▄[38;2;49;51;60;48;2;105;112;146m▄[38;2;61;63;74;48;2;88;93;121m▄[38;2;66;36;76;48;2;90;96;129m▄[38;2;78;68;97;48;2;86;94;116m▄[38;2;150;175;206;48;2;149;175;206m▄[38;2;151;177;208;48;2;151;177;207m▄[38;2;151;177;207;48;2;152;178;207m▄[38;2;151;176;203;48;2;135;120;140m▄[38;2;146;80;93;48;2;150;95;71m▄[38;2;153;19;23;48;2;195;194;143m▄[38;2;169;30;27;48;2;232;231;186m▄[38;2;156;33;30;48;2;204;199;154m▄[38;2;148;25;27;48;2;125;122;100m▄[0m [38;2;13;12;13m          [0m
 [38;2;0;0;0m [0m  [38;2;95;50;96m▄[38;2;109;44;111m▄[38;2;119;48;122m▄[38;2;123;48;124;48;2;65;40;64m▄[38;2;97;38;98;48;2;80;29;86m▄[38;2;87;32;92;48;2;94;37;100m▄[38;2;94;33;98;48;2;101;89;124m▄[38;2;84;57;98;48;2;151;175;203m▄[38;2;133;156;183;48;2;150;176;207m▄[38;2;149;175;206;48;2;151;176;206m▄[38;2;151;177;205;48;2;150;176;206m▄[38;2;150;176;205;48;2;138;162;189m▄[38;2;148;176;205;48;2;144;122;142m▄[38;2;148;176;204;48;2;144;109;126m▄[38;2;83;48;91;48;2;76;53;62m▄[0m[38;2;89;46;90m▄[38;2;56;37;56m▄[0m [38;2;11;11;12m        [0m
 [38;2;79;34;81m▄[38;2;93;32;96;48;2;88;47;88m▄[38;2;100;37;100;48;2;122;46;122m▄[38;2;128;49;130;48;2;126;49;127m▄[38;2;126;50;127;48;2;127;49;127m▄[38;2;126;49;126;48;2;124;49;124m▄[48;2;124;48;124m▄[48;2;127;49;126m▄[48;2;104;40;105m▄[38;2;110;43;110;48;2;82;27;84m▄[38;2;82;29;83;48;2;89;29;91m▄[38;2;93;32;95;48;2;80;38;88m▄[38;2;90;31;92;48;2;116;125;152m▄[38;2;95;84;119;48;2;152;178;207m▄[38;2;150;174;201;48;2;151;177;206m▄[38;2;150;178;207;48;2;149;176;206m▄[38;2;104;103;138;48;2;144;169;195m▄[38;2;89;35;92;48;2;94;42;99m▄[38;2;123;49;122;48;2;108;43;108m▄[38;2;125;50;124;48;2;121;49;120m▄[38;2;127;51;126;48;2;106;48;104m▄[38;2;130;53;128;48;2;55;38;55m▄[0m[38;2;63;39;63m▄    [0m [38;2;87;48;39m▄[0m
[?25h