[?25l[0m [38;2;0;0;0m    [0m    [38;2;0;0;0m               [0m
 [38;2;0;0;0m   [38;2;95;100;111m▄[38;2;170;183;210m▄[38;2;171;184;211;48;2;123;131;147m▄[38;2;172;184;211;48;2;139;149;168m▄[38;2;172;185;210;48;2;130;139;155m▄[48;2;89;94;104m▄[0m[38;2;166;178;203m▄[38;2;111;118;130m▄[0m  [38;2;146;156;176m▄[38;2;172;185;210m▄[38;2;173;186;211m▄[38;2;171;184;210m▄[38;2;167;181;207m▄[38;2;89;94;104m▄    [0m
 [38;2;0;0;0m  [38;2;83;88;99m▄[38;2;171;185;211;48;2;167;180;206m▄[38;2;172;185;211;48;2;171;184;210m▄[48;2;172;185;211m [38;2;173;185;211m▄[48;2;173;185;211m   [48;2;172;185;211m▄[48;2;162;173;197m▄[38;2;173;185;210;48;2;172;185;211m▄[48;2;173;185;211m [48;2;173;186;211m   [48;2;173;186;212m [38;2;172;185;211;48;2;169;182;207m▄[0m [38;2;58;62;69m   [0m
 [38;2;0;0;0m  [38;2;79;84;93;48;2;89;95;107m▄[38;2;172;184;210;48;2;172;185;210m▄ [38;2;173;185;211;48;2;172;185;211m▄[48;2;173;185;211m [38;2;174;186;211m▄▄[38;2;174;186;212;48;2;173;186;211m▄[38;2;174;187;212m▄[38;2;174;186;212m▄[38;2;174;186;211;48;2;173;185;211m▄▄[38;2;173;186;212;48;2;173;186;211m▄[38;2;174;186;212m▄[38;2;174;186;211m▄[38;2;173;186;211;48;2;173;186;212m▄[38;2;165;177;202m▄[0m [38;2;23;24;25m   [0m
 [38;2;0;0;0m  [0m [38;2;94;98;108;48;2;165;177;201m▄[38;2;174;186;211;48;2;173;185;211m▄[38;2;175;187;212;48;2;174;186;211m▄ [38;2;174;187;212;48;2;174;186;212m▄▄[38;2;205;200;183;48;2;174;185;206m▄[38;2;243;220;167;48;2;208;201;182m▄[48;2;217;206;175m▄[38;2;240;218;166;48;2;183;188;197m▄[38;2;219;206;173;48;2;173;185;211m▄[38;2;242;220;168;48;2;190;190;188m▄[38;2;196;184;154;48;2;171;178;190m▄[38;2;175;188;213;48;2;173;186;212m▄[38;2;122;130;145;48;2;174;187;212m▄[0m[7m[38;2;95;100;112m▄[0m[38;2;11;11;11m    [0m
 [38;2;0;0;0m   [0m [7m[38;2;103;108;118m▄[38;2;169;180;205m▄[0m[38;2;117;124;138;48;2;175;187;212m▄[38;2;167;179;205;48;2;174;186;212m▄[38;2;171;185;211;48;2;173;186;212m▄[38;2;183;180;168;48;2;205;196;172m▄[38;2;96;91;75;48;2;227;208;161m▄[38;2;85;81;66;48;2;231;209;157m▄[38;2;173;158;123;48;2;243;221;168m▄[38;2;236;213;160;48;2;243;220;167m▄[38;2;221;202;157;48;2;243;220;168m▄[38;2;138;129;102;48;2;219;201;158m▄[38;2;88;88;86;48;2;124;130;140m▄[0m [38;2;28;28;28m     [0m
 [38;2;0;0;0m      [0m [38;2;117;114;101m▄[38;2;181;168;131;48;2;160;158;147m▄[38;2;204;190;149;48;2;201;194;172m▄[38;2;243;219;164;48;2;161;147;116m▄[0m[38;2;242;218;162m▄[38;2;242;218;164m▄[38;2;243;220;167;48;2;231;209;157m▄[38;2;242;221;170;48;2;101;94;78m▄[0m[38;2;146;135;110m▄[0m  [38;2;0;0;0m     [0m
 [38;2;0;0;0m     [0m  [38;2;31;30;31m [0m [38;2;101;96;87;48;2;124;133;116m▄[38;2;243;220;167;48;2;242;218;162m▄[38;2;224;203;153;48;2;243;220;167m▄[38;2;211;138;121;48;2;244;220;167m▄[38;2;207;88;108;48;2;243;218;165m▄[38;2;177;98;109;48;2;243;220;166m▄[0m[38;2;118;64;74m▄       [0m
 [38;2;0;0;0m     [38;2;69;55;73;48;2;63;49;67m▄[38;2;75;50;79;48;2;75;51;81m▄[38;2;80;53;82;48;2;61;52;65m▄[38;2;41;33;69;48;2;50;45;67m▄[38;2;45;38;69;48;2;76;66;78m▄[38;2;221;201;155;48;2;243;219;164m▄[38;2;243;220;166;48;2;244;220;167m▄[38;2;123;110;103;48;2;190;165;135m▄[38;2;43;35;70;48;2;87;53;72m▄[38;2;76;52;82;48;2;71;56;73m▄[0m  [38;2;0;0;0m      [0m
 [38;2;0;0;0m    [0m [38;2;93;54;80;48;2;55;43;53m▄[38;2;98;51;82;48;2;92;52;81m▄[38;2;81;47;75;48;2;81;52;81m▄[38;2;67;46;78;48;2;55;40;74m▄[38;2;41;33;70;48;2;41;35;72m▄[38;2;41;33;67;48;2;118;105;100m▄[38;2;183;165;133;48;2;242;219;164m▄[38;2;174;156;125;48;2;166;150;125m▄[38;2;40;32;69;48;2;41;33;71m▄[38;2;63;46;78;48;2;65;45;76m▄[0m[38;2;47;37;45m▄       [0m
 [38;2;0;0;0m   [0m [38;2;88;53;76;48;2;60;42;53m▄[38;2;99;50;80;48;2;100;51;82m▄[38;2;102;52;82;48;2;99;51;81m▄[38;2;63;36;61;48;2;87;48;75m▄[38;2;44;32;62;48;2;65;43;73m▄[38;2;35;29;62;48;2;38;30;64m▄[38;2;40;33;66;48;2;42;34;71m▄[38;2;40;33;67;48;2;53;45;73m▄[38;2;34;28;60;48;2;80;70;76m▄[38;2;36;29;62;48;2;40;33;68m▄[38;2;52;31;59;48;2;57;38;65m▄[38;2;96;51;78;48;2;86;54;74m▄[0m  [38;2;2;2;2m     [0m
 [38;2;0;0;0m   [0m            [7m[38;2;88;78;83m▄[0m [38;2;0;0;0m      [0m
[?25h