[?25l[0m [38;2;0;0;0m        [0m [38;2;33;29;28m▄[38;2;48;38;35m▄[38;2;43;28;25m▄[38;2;42;22;18m▄[38;2;45;26;21m▄[38;2;44;25;20m▄[38;2;39;22;17m▄[38;2;53;39;35m▄[38;2;42;34;32m▄[0m [38;2;25;24;24m          [0m
 [38;2;0;0;0m     [0m [38;2;44;36;34m▄[38;2;44;24;19;48;2;38;35;34m▄[38;2;47;25;20;48;2;45;29;25m▄[38;2;46;25;20;48;2;49;27;22m▄[38;2;47;25;20;48;2;47;26;20m▄[38;2;46;25;20;48;2;47;25;20m▄[38;2;46;25;19;48;2;46;25;20m▄▄▄[48;2;47;26;20m [38;2;46;25;20m▄▄[38;2;45;25;19;48;2;43;26;22m▄[38;2;44;25;20;48;2;44;40;39m▄[0m[38;2;42;33;31m▄[0m   [38;2;22;22;22m     [0m
 [38;2;0;0;0m   [0m [38;2;42;35;34m▄[38;2;46;24;19;48;2;36;25;21m▄[38;2;46;25;19;48;2;46;24;19m▄[48;2;46;25;19m [48;2;46;25;20m ▄  ▄[38;2;45;24;19;48;2;46;25;19m▄[38;2;46;24;19;48;2;45;25;19m▄ [38;2;45;25;19;48;2;46;25;20m▄[38;2;46;25;19m▄ [48;2;47;25;20m▄[38;2;45;24;19;48;2;47;26;21m▄[38;2;44;24;19;48;2;32;20;16m▄[38;2;45;25;19;48;2;33;19;15m▄[38;2;47;26;20;48;2;37;22;17m▄[38;2;49;28;22;48;2;60;45;42m▄[38;2;48;27;21;48;2;42;36;34m▄[0m[38;2;50;42;40m▄[0m [38;2;7;7;7m [0m
 [38;2;0;0;0m   [38;2;46;36;33m▄[38;2;47;25;19;48;2;42;23;19m▄[38;2;46;24;19;48;2;46;25;19m▄[38;2;45;24;19m▄▄[38;2;46;25;19;48;2;46;25;20m▄▄▄[38;2;46;25;20;48;2;46;25;19m▄[48;2;45;24;19m   [38;2;45;25;19m▄[38;2;46;24;19;48;2;46;25;19m▄[38;2;46;25;19;48;2;45;24;19m▄ [38;2;45;25;19m▄▄[38;2;46;25;19;48;2;45;25;19m▄[38;2;45;25;19;48;2;46;25;20m▄[48;2;46;25;19m▄[48;2;45;25;19m [48;2;44;24;19m▄[38;2;47;26;20;48;2;43;24;18m▄[38;2;49;33;29;48;2;43;37;36m▄[0m [0m
 [38;2;0;0;0m  [0m [38;2;46;24;20;48;2;44;26;22m▄[38;2;47;25;20;48;2;46;24;19m▄[38;2;47;25;19;48;2;45;24;19m▄[38;2;46;25;19m▄[48;2;46;25;19m  [38;2;46;24;19m▄ [38;2;46;25;20m▄  [38;2;46;25;19;48;2;45;24;19m▄[48;2;46;25;19m [48;2;45;25;19m▄▄[48;2;46;25;19m [38;2;45;25;19m▄[38;2;45;24;19m▄[48;2;45;25;19m▄▄[38;2;46;25;19m▄▄[38;2;45;25;19;48;2;46;25;19m▄[48;2;47;26;20m▄[38;2;47;26;21;48;2;42;24;18m▄[0m [0m
 [38;2;0;0;0m  [38;2;45;40;40;48;2;36;32;31m▄[38;2;44;23;19;48;2;46;24;19m▄[38;2;46;25;19;48;2;47;24;19m▄[48;2;47;25;20m [48;2;46;25;19m [38;2;47;25;20m▄[38;2;46;25;19;48;2;46;24;19m▄[48;2;46;25;19m  [48;2;47;26;20m [38;2;40;22;17;48;2;46;25;20m▄[38;2;44;24;18;48;2;46;24;19m▄[38;2;48;26;20;48;2;46;25;19m▄[38;2;47;26;20m▄[38;2;45;25;19;48;2;47;25;19m▄[48;2;46;25;19m ▄[48;2;45;24;19m [38;2;43;23;18m▄[38;2;43;23;17;48;2;46;24;19m▄[38;2;47;26;20;48;2;46;25;19m▄[38;2;44;24;19m▄[48;2;45;25;19m▄[38;2;42;23;18m▄[38;2;38;21;16;48;2;46;25;20m▄[38;2;39;22;17;48;2;49;28;22m▄[0m [0m
 [38;2;0;0;0m  [0m [38;2;45;25;20;48;2;48;26;21m▄[48;2;47;25;20m [48;2;47;26;20m [38;2;47;25;19;48;2;47;25;20m▄[48;2;46;25;19m  [38;2;46;25;20m▄[48;2;47;25;20m▄[38;2;48;26;20;48;2;46;25;19m▄[38;2;71;48;35;48;2;76;54;39m▄[38;2;238;175;128;48;2;167;124;88m▄[38;2;241;178;134;48;2;102;73;54m▄[38;2;228;167;122;48;2;47;27;21m▄[38;2;194;141;102;48;2;43;23;17m▄[38;2;175;127;92;48;2;46;26;20m▄[38;2;126;95;69;48;2;46;25;19m▄[38;2;214;160;118;48;2;47;28;21m▄[38;2;238;177;131;48;2;160;118;86m▄[38;2;237;175;128;48;2;142;104;76m▄[38;2;236;173;125;48;2;59;36;26m▄[38;2;235;175;128;48;2;51;30;22m▄[38;2;237;178;132;48;2;90;64;47m▄[38;2;166;123;90;48;2;115;86;62m▄[38;2;48;25;19;48;2;52;28;22m▄[38;2;44;37;35;48;2;48;33;29m▄[0m [0m
 [38;2;0;0;0m  [0m [38;2;39;32;31;48;2;50;35;32m▄[38;2;48;26;21;48;2;46;24;19m▄[38;2;47;26;20;48;2;47;25;20m▄ [48;2;46;25;19m [38;2;46;24;19m▄[48;2;45;25;19m [48;2;46;25;19m▄[38;2;46;25;19;48;2;45;24;19m▄[38;2;130;94;69;48;2;93;64;47m▄[38;2;236;175;127;48;2;240;181;135m▄[38;2;191;142;105;48;2;241;178;132m▄[38;2;143;108;99;48;2;240;176;129m▄[38;2;164;125;135;48;2;238;175;128m▄[38;2;176;131;106;48;2;237;174;126m▄[38;2;233;171;122;48;2;239;175;127m▄[38;2;214;157;113;48;2;191;142;105m▄[38;2;216;157;112;48;2;237;178;133m▄[38;2;238;177;128;48;2;238;176;128m▄[38;2;234;177;131;48;2;238;176;129m▄[38;2;239;183;137;48;2;238;178;132m▄[38;2;198;152;117;48;2;237;177;130m▄[38;2;169;133;106;48;2;226;168;121m▄[38;2;42;41;40;48;2;42;27;23m▄[0m [38;2;4;4;4m [0m
 [38;2;0;0;0m  [0m [38;2;54;43;40m▄[38;2;44;24;19;48;2;39;21;17m▄[38;2;46;25;20;48;2;46;25;19m▄ [38;2;46;24;19m▄▄▄[38;2;46;25;19;48;2;44;24;18m▄[38;2;78;54;40;48;2;38;21;16m▄[38;2;237;173;124;48;2;190;139;101m▄[38;2;239;177;127;48;2;208;158;116m▄[38;2;186;170;158;48;2;121;99;95m▄[38;2;249;249;249;48;2;127;109;143m▄[38;2;197;197;197;48;2;131;107;155m▄[38;2;179;179;179;48;2;121;91;143m▄[38;2;178;170;183;48;2;151;111;153m▄[38;2;146;121;111;48;2;164;126;101m▄[38;2;238;171;121;48;2;237;172;122m▄[38;2;231;168;118;48;2;237;175;125m▄[38;2;134;108;108;48;2;159;118;94m▄[38;2;174;161;183;48;2;152;111;151m▄[38;2;99;97;100;48;2;153;122;184m▄[38;2;222;222;223;48;2;114;98;134m▄[38;2;112;112;112;48;2;52;50;54m▄[0m [38;2;1;1;1m [0m
 [38;2;34;32;33m  [38;2;35;30;29m▄[38;2;47;26;21;48;2;46;26;21m▄[38;2;46;25;19;48;2;48;26;20m▄[38;2;46;24;19;48;2;47;25;20m▄[48;2;46;25;19m [38;2;46;25;19;48;2;46;24;19m▄[38;2;46;24;19;48;2;44;23;18m▄[38;2;45;24;18;48;2;44;24;18m▄[38;2;52;31;24;48;2;43;24;18m▄[38;2;234;176;130;48;2;200;148;107m▄[38;2;238;176;128;48;2;237;173;124m▄[48;2;237;173;123m▄[38;2;240;179;134;48;2;201;155;119m▄[38;2;212;161;122;48;2;219;217;216m▄[38;2;189;161;139;48;2;248;248;248m▄[38;2;195;172;154;48;2;250;250;250m▄[38;2;189;159;133;48;2;249;249;249m▄[38;2;229;170;123;48;2;179;154;135m▄[38;2;237;173;125;48;2;237;170;120m▄[38;2;238;177;129;48;2;234;172;124m▄[38;2;171;133;102;48;2;176;162;152m▄[38;2;187;169;150;48;2;251;250;251m▄[38;2;192;170;150;48;2;234;235;235m▄[38;2;201;154;117;48;2;221;221;222m▄[0m[38;2;108;87;71m▄  [0m
 [38;2;0;0;0m  [38;2;45;34;31;48;2;42;32;30m▄[38;2;45;24;19;48;2;46;25;20m▄[38;2;47;25;19;48;2;46;24;19m▄[48;2;45;24;19m▄[38;2;46;24;18m▄[38;2;44;24;18;48;2;46;25;19m▄[38;2;124;89;65;48;2;49;28;21m▄[38;2;185;137;96;48;2;106;75;54m▄[38;2;208;153;109;48;2;93;67;48m▄[38;2;236;172;125;48;2;237;172;123m▄[38;2;239;177;129;48;2;239;176;127m▄[38;2;240;178;129;48;2;239;177;129m▄[48;2;240;178;130m [38;2;239;177;129;48;2;239;176;128m▄[38;2;239;176;128;48;2;219;160;114m▄[38;2;238;174;124;48;2;201;150;109m▄[38;2;238;174;125;48;2;211;154;109m▄[38;2;238;176;128;48;2;238;175;127m▄[38;2;239;178;130;48;2;238;177;129m▄[38;2;239;178;129;48;2;239;178;131m▄[38;2;234;174;124;48;2;218;162;117m▄[38;2;190;139;98;48;2;154;113;80m▄[38;2;239;176;127;48;2;234;175;128m▄[38;2;239;179;131;48;2;238;181;137m▄[38;2;153;124;99;48;2;156;127;104m▄[0m[38;2;153;124;99m  [0m
 [38;2;0;0;0m  [38;2;53;40;36;48;2;45;32;29m▄[38;2;47;26;20;48;2;46;24;19m▄  [38;2;47;25;19;48;2;46;25;19m▄[38;2;48;25;19;48;2;47;25;20m▄[38;2;152;113;82;48;2;173;130;94m▄[38;2;206;156;113;48;2;189;144;104m▄[38;2;239;178;131;48;2;213;164;121m▄[38;2;240;177;129;48;2;240;179;132m▄[38;2;239;176;128;48;2;240;177;129m▄[48;2;239;176;128m  [48;2;239;177;129m▄[38;2;239;177;130;48;2;238;176;129m▄[38;2;239;178;130;48;2;238;177;129m▄[38;2;239;177;130m▄[38;2;238;175;126;48;2;238;177;128m▄[38;2;205;151;107;48;2;239;177;128m▄[38;2;229;172;124;48;2;239;178;130m▄[38;2;241;185;139;48;2;241;183;136m▄[38;2;185;141;104;48;2;187;143;104m▄[38;2;241;177;127;48;2;241;179;131m▄[38;2;233;171;120;48;2;238;174;121m▄[38;2;145;120;66;48;2;129;102;64m▄[0m[38;2;99;81;41m▄ [0m
 [38;2;0;0;0m  [7m[38;2;46;39;37m▄[0m[38;2;40;21;18;48;2;45;24;19m▄[38;2;44;24;19;48;2;46;25;19m▄[38;2;46;24;19m▄[38;2;48;26;20;48;2;48;25;19m▄[38;2;97;74;27;48;2;48;26;19m▄[38;2;150;123;32;48;2;117;87;33m▄[38;2;48;26;16;48;2;222;167;114m▄[38;2;152;118;32;48;2;176;137;68m▄[38;2;189;142;74;48;2;223;167;120m▄[38;2;240;176;126;48;2;239;176;127m▄[38;2;240;176;128m▄[38;2;240;176;129;48;2;239;176;128m▄[38;2;240;177;129;48;2;239;176;129m▄[38;2;239;176;129;48;2;240;177;130m▄[38;2;239;177;129m▄[38;2;240;178;130;48;2;240;177;129m▄[38;2;239;178;130;48;2;239;175;126m▄[38;2;238;176;128;48;2;229;168;120m▄[38;2;237;175;127;48;2;194;144;102m▄[38;2;239;176;128;48;2;181;137;99m▄[38;2;239;178;131;48;2;220;167;124m▄[38;2;240;179;133;48;2;241;183;137m▄[38;2;232;176;129;48;2;206;158;118m▄[38;2;162;129;60;48;2;174;165;142m▄[38;2;87;73;41;48;2;146;121;58m▄[0m[38;2;87;73;41m [0m
 [38;2;0;0;0m  [0m [7m[38;2;45;33;30m▄[0m[38;2;49;31;27;48;2;49;27;21m▄[38;2;47;26;20;48;2;48;26;20m▄[38;2;43;23;18;48;2;46;25;19m▄[38;2;88;66;19;48;2;127;98;23m▄[38;2;195;156;30;48;2;100;75;20m▄[38;2;99;74;19;48;2;38;18;12m▄[38;2;206;155;35;48;2;150;113;41m▄[38;2;187;139;71;48;2;189;146;57m▄[38;2;240;176;128;48;2;241;179;132m▄[48;2;240;178;130m  [38;2;241;179;132;48;2;240;177;130m▄[38;2;211;158;117;48;2;239;177;129m▄[38;2;218;163;117;48;2;237;175;126m▄[38;2;227;159;117;48;2;239;176;128m▄[38;2;181;98;86;48;2;239;178;130m▄[38;2;169;59;70;48;2;238;178;133m▄[38;2;174;54;68;48;2;225;162;122m▄[38;2;171;65;70;48;2;237;172;126m▄[38;2;179;91;83;48;2;238;174;126m▄[38;2;166;55;67;48;2;230;167;124m▄[38;2;170;52;66;48;2;231;170;128m▄[38;2;141;61;62;48;2;150;117;89m▄[0m [38;2;23;22;23m [0m
 [38;2;0;0;0m    [0m [7m[38;2;46;31;28m▄[0m[38;2;47;39;37;48;2;41;22;18m▄[38;2;47;26;21;48;2;40;22;16m▄[38;2;47;26;20;48;2;125;98;25m▄[38;2;37;21;15;48;2;191;151;29m▄[38;2;200;146;103;48;2;180;136;55m▄[38;2;239;177;128;48;2;228;169;120m▄[38;2;240;176;128;48;2;240;176;126m▄[38;2;240;177;128;48;2;240;176;127m▄[38;2;239;176;128;48;2;240;176;128m▄[38;2;206;152;110;48;2;238;178;131m▄[38;2;237;176;128;48;2;171;131;97m▄[38;2;240;177;129;48;2;190;145;107m▄[38;2;237;174;130;48;2;152;83;74m▄[38;2;190;97;91;48;2;148;48;60m▄[38;2;172;53;69;48;2;146;48;59m▄[38;2;176;56;72;48;2;155;49;61m▄[38;2;183;58;74;48;2;161;52;64m▄[38;2;97;47;54;48;2;151;55;67m▄[0m[7m[38;2;137;62;72m▄[38;2;105;47;55m▄[0m [38;2;0;0;0m  [0m
 [38;2;0;0;0m      [7m[38;2;50;44;44m▄[0m[38;2;40;18;28;48;2;46;26;20m▄[38;2;59;20;61;48;2;46;25;20m▄[38;2;112;73;81;48;2;46;26;27m▄[38;2;238;178;131;48;2;230;168;121m▄[38;2;239;175;127;48;2;238;174;126m▄[48;2;239;176;128m▄[38;2;239;175;128m▄[38;2;240;176;129;48;2;239;176;129m▄[48;2;239;175;127m▄[48;2;239;174;127m▄[48;2;239;176;129m [38;2;240;177;130;48;2;239;177;130m▄[38;2;239;177;131;48;2;238;176;130m▄[38;2;191;143;107;48;2;218;155;118m▄[0m[7m[38;2;98;57;55m▄[0m  [38;2;0;0;0m     [0m
 [38;2;0;0;0m   [0m [38;2;56;28;63m▄[38;2;74;24;84;48;2;44;33;46m▄[38;2;74;24;85;48;2;66;29;73m▄[38;2;71;23;82;48;2;72;24;83m▄[38;2;69;22;79;48;2;73;23;82m▄[38;2;72;36;63;48;2;135;92;84m▄[38;2;231;168;119;48;2;238;176;129m▄[38;2;240;176;127;48;2;239;177;129m▄[38;2;240;177;128;48;2;239;176;128m▄[38;2;240;176;128m▄[38;2;240;176;129;48;2;239;176;129m▄[48;2;240;176;129m [48;2;239;176;129m [38;2;240;177;129;48;2;240;176;130m▄[38;2;240;178;130;48;2;240;177;129m▄[38;2;226;172;127;48;2;240;176;128m▄[38;2;108;75;73;48;2;115;76;76m▄[38;2;60;20;68;48;2;34;27;36m▄[0m[38;2;60;35;66m▄[0m [38;2;18;17;19m     [0m
 [38;2;0;0;0m [0m [38;2;63;29;70m▄[38;2;76;26;86;48;2;72;34;80m▄[38;2;75;26;85;48;2;75;25;86m▄[38;2;74;25;85;48;2;73;24;84m▄[48;2;74;24;85m▄[38;2;74;26;85m▄[38;2;74;25;84;48;2;73;24;83m▄[38;2;59;20;67;48;2;68;24;75m▄[38;2;67;27;76;48;2;131;92;83m▄[38;2;144;102;91;48;2;241;180;132m▄[38;2;237;176;129;48;2;240;178;130m▄[38;2;239;175;130;48;2;240;177;130m▄[38;2;240;178;131;48;2;240;176;129m▄[38;2;240;177;131;48;2;239;176;129m▄[38;2;240;176;129m▄[48;2;240;177;130m [38;2;240;177;129m▄[38;2;238;174;126;48;2;238;178;131m▄[38;2;176;129;97;48;2;199;151;117m▄[38;2;72;24;80;48;2;70;24;80m▄[38;2;77;27;87;48;2;74;26;85m▄[38;2;79;26;89;48;2;71;31;79m▄[0m[38;2;72;29;79m▄[0m [38;2;28;25;29m   [0m
  [38;2;71;27;80;48;2;51;35;55m▄[38;2;76;25;85;48;2;76;26;85m▄[38;2;76;25;87;48;2;76;26;86m▄[38;2;76;26;86;48;2;75;26;86m▄[38;2;77;26;86m▄[48;2;75;26;85m▄[38;2;76;26;86m▄[38;2;76;26;85m▄[38;2;76;27;85;48;2;76;26;86m▄[38;2;75;26;84;48;2;57;19;65m▄[38;2;55;18;61;48;2;65;24;74m▄[38;2;66;21;72;48;2;90;53;68m▄[38;2;75;24;81;48;2;183;134;103m▄[38;2;78;40;65;48;2;240;180;134m▄[38;2;115;78;78;48;2;240;179;132m▄[38;2;138;98;90;48;2;239;176;129m▄[38;2;146;101;96;48;2;239;176;127m▄[38;2;112;75;81;48;2;240;180;133m▄[38;2;76;27;81;48;2;214;163;122m▄[38;2;69;22;77;48;2;85;47;73m▄[38;2;59;19;69;48;2;53;17;60m▄[38;2;74;25;84;48;2;75;25;85m▄[48;2;76;25;86m [38;2;76;25;86;48;2;73;24;81m▄[38;2;77;26;86;48;2;62;35;68m▄[0m [38;2;33;28;35m  [0m
[?25h