[?25l[0m [38;2;0;0;0m   [0m [38;2;50;22;22m▄[38;2;139;29;27m▄[38;2;150;28;26;48;2;125;29;28m▄[48;2;151;28;26m▄[38;2;151;28;26;48;2;150;29;26m▄[48;2;149;29;26m▄[48;2;150;28;26m [38;2;116;20;18;48;2;117;20;18m▄[38;2;150;27;25;48;2;148;26;25m▄[38;2;149;27;25;48;2;151;27;25m▄[38;2;152;29;26;48;2;151;28;25m▄[38;2;153;29;26;48;2;150;27;25m▄[38;2;154;30;26;48;2;152;28;26m▄[38;2;133;31;28;48;2;73;30;29m▄[0m [7m[38;2;113;90;68m▄[38;2;181;136;99m▄[38;2;211;153;106m▄[38;2;235;173;121m▄[38;2;226;165;114m▄[38;2;188;139;98m▄[38;2;105;86;70m▄[38;2;74;36;36m▄[0m[38;2;145;26;26;48;2;152;28;26m▄[38;2;149;27;26;48;2;152;28;25m▄[0m
 [38;2;0;0;0m  [0m [38;2;138;29;29;48;2;65;39;38m▄[38;2;150;27;26;48;2;141;26;26m▄[48;2;149;27;25m [38;2;149;27;25;48;2;149;28;26m▄[38;2;150;27;25;48;2;150;28;26m▄[48;2;150;27;26m▄[38;2;151;28;26;48;2;152;28;26m▄[38;2;152;28;26;48;2;154;29;26m▄[38;2;124;21;19;48;2;120;21;18m▄[38;2;146;26;24;48;2;148;27;25m▄[38;2;154;28;26;48;2;149;27;25m▄[38;2;143;26;23;48;2;151;28;26m▄[38;2;111;19;17;48;2;154;29;27m▄[38;2;108;20;18;48;2;152;27;25m▄[38;2;122;20;18;48;2;143;25;23m▄[38;2;136;30;27;48;2;70;28;28m▄[0m [38;2;23;20;21m      [0m [38;2;128;25;24;48;2;146;27;26m▄[38;2;116;21;19;48;2;130;24;22m▄[0m
 [38;2;0;0;0m [38;2;51;29;28m▄[38;2;153;30;27;48;2;110;34;33m▄[38;2;150;28;26;48;2;150;27;26m▄[38;2;149;27;25m▄[48;2;150;27;25m [38;2;151;27;26m▄[48;2;151;27;26m [38;2;151;27;25;48;2;150;27;25m▄[38;2;151;28;26m▄[48;2;150;28;26m▄[38;2;150;28;26;48;2;141;26;23m▄[38;2;100;16;14;48;2;126;22;20m▄[38;2;123;21;19;48;2;138;24;22m▄[38;2;151;27;26;48;2;123;21;18m▄[38;2;148;27;26;48;2;149;27;25m▄[38;2;150;27;25;48;2;147;27;25m▄[38;2;150;28;25;48;2;136;24;22m▄[38;2;150;28;26;48;2;131;23;20m▄[38;2;103;35;32;48;2;61;30;30m▄[0m[38;2;103;35;32m      [0m [38;2;113;35;35;48;2;92;25;25m▄[38;2;149;26;24;48;2;151;26;24m▄[0m
  [38;2;90;40;39;48;2;107;41;41m▄[38;2;158;50;48;48;2;149;29;27m▄[38;2;152;28;26;48;2;152;29;27m▄[38;2;150;27;26;48;2;151;28;26m▄[38;2;151;29;27;48;2;151;27;26m▄[38;2;152;29;27;48;2;151;28;26m▄[38;2;152;28;27m▄[38;2;152;28;26m▄[38;2;152;29;26m▄[38;2;152;28;26m▄[48;2;150;28;26m▄[38;2;150;28;26;48;2;148;26;25m▄[38;2;151;28;26;48;2;153;28;26m▄[38;2;152;28;26;48;2;150;28;26m▄[38;2;151;28;26;48;2;149;27;26m▄[38;2;151;28;25;48;2;149;28;26m▄[38;2;149;27;26m▄[38;2;147;27;25;48;2;150;28;26m▄[38;2;126;25;22;48;2;122;34;32m▄[0m [38;2;22;23;23m      [38;2;91;33;33;48;2;106;37;37m▄[38;2;150;27;27;48;2;146;26;26m▄[0m
 [38;2;0;0;0m  [0m  [7m[38;2;107;40;39m▄[38;2;149;46;43m▄[38;2;157;33;31m▄[38;2;153;28;26m▄[0m[38;2;113;46;44;48;2;152;28;26m▄[38;2;129;44;41;48;2;153;29;27m▄[38;2;162;53;51m▄[38;2;153;30;27;48;2;152;28;26m▄[38;2;153;28;26;48;2;150;27;26m▄[38;2;153;28;27;48;2;150;28;26m▄[38;2;153;29;27;48;2;151;29;27m▄[38;2;152;29;26;48;2;151;28;26m▄[38;2;151;28;26;48;2;150;27;26m▄[38;2;153;28;26;48;2;150;28;26m▄[38;2;151;28;25;48;2;151;28;26m▄[38;2;140;25;23;48;2;138;27;23m▄[0m [38;2;42;39;39m      [38;2;99;52;51;48;2;98;42;42m▄[38;2;146;28;28;48;2;155;29;27m▄[0m
   [38;2;10;10;10m        [0m     [7m[38;2;91;38;37m▄[38;2;90;30;29m▄[38;2;89;25;24m▄[38;2;117;51;51m▄[38;2;125;60;59m▄[0m [38;2;0;0;0m      [0m  [0m
 [38;2;160;94;10;48;2;128;81;27m▄[0m[38;2;92;65;28m▄                         [0m  [0m
 [38;2;195;115;6;48;2;194;113;5m▄[38;2;185;110;5;48;2;157;99;18m▄[0m[38;2;56;41;23m▄                        [0m [38;2;178;108;7;48;2;112;77;30m▄[0m
 [38;2;172;101;8;48;2;186;109;6m▄[38;2;186;108;6;48;2;185;108;6m▄[38;2;186;108;7;48;2;156;95;19m▄[0m[38;2;147;84;9m▄[38;2;121;46;4;48;2;60;43;39m▄[38;2;96;26;3;48;2;47;33;28m▄[38;2;100;23;6;48;2;52;26;19m▄[38;2;132;32;8;48;2;50;31;26m▄[38;2;139;36;11;48;2;54;37;33m▄[38;2;145;39;12;48;2;61;46;42m▄[0m[38;2;143;38;12m▄[38;2;141;38;12m▄[38;2;139;38;12m▄[38;2;133;36;11m▄[38;2;129;33;11m▄[38;2;125;32;10m▄[38;2;121;33;12m▄[38;2;120;41;21m▄[38;2;123;50;32m▄[38;2;124;56;39m▄[38;2;108;44;31m▄[38;2;91;33;20m▄[38;2;92;42;29m▄[38;2;77;38;28m▄[0m [38;2;18;15;14m [0m [38;2;181;106;9;48;2;129;86;27m▄[38;2;197;118;7;48;2;201;122;5m▄[0m
 [38;2;99;68;29;48;2;145;90;21m▄[38;2;195;114;5;48;2;185;107;7m▄[38;2;192;111;6;48;2;190;109;6m▄[38;2;190;110;6;48;2;192;111;6m▄[38;2;187;109;6;48;2;193;114;6m▄[38;2;182;107;5;48;2;181;107;4m▄[38;2;119;52;4;48;2;93;28;4m▄[38;2;123;26;8;48;2;89;19;6m▄[38;2;100;21;6;48;2;122;29;8m▄[38;2;127;31;9;48;2;140;36;11m▄[38;2;138;33;10;48;2;139;35;11m▄[38;2;139;34;10;48;2;139;35;10m▄[38;2;141;35;10;48;2;140;36;11m▄[38;2;140;35;11m▄[38;2;139;35;11;48;2;139;36;11m▄[48;2;138;36;11m▄[38;2;138;36;12;48;2;138;37;12m▄▄[38;2;139;36;12m▄[48;2;137;36;12m▄[38;2;139;36;11;48;2;137;35;11m▄[38;2;140;36;11;48;2;139;35;11m▄[38;2;140;35;11;48;2;139;36;12m▄[38;2;138;34;11;48;2;137;35;12m▄[38;2;137;34;11;48;2;120;41;24m▄[38;2;115;39;7;48;2;120;82;32m▄[38;2;183;108;5;48;2;164;100;11m▄[38;2;193;114;6;48;2;188;111;8m▄[38;2;194;115;6;48;2;184;109;7m▄[0m
  [7m[38;2;155;95;15m▄[0m[38;2;125;80;25;48;2;191;110;5m▄[38;2;180;105;5;48;2;188;110;5m▄[38;2;189;111;3;48;2;187;109;5m▄[38;2;193;114;2;48;2;183;108;4m▄[38;2;108;40;4;48;2;121;57;3m▄[38;2;114;24;9;48;2;117;25;8m▄[38;2;116;24;8m▄[38;2;115;24;6;48;2;98;22;5m▄[38;2;119;26;7;48;2;144;34;9m▄[38;2;144;35;10;48;2;142;34;10m▄[38;2;141;35;10;48;2;140;34;10m▄[38;2;137;33;10;48;2;140;35;11m▄[38;2;138;34;10;48;2;139;35;11m▄[38;2;140;35;10;48;2;138;34;11m▄[38;2;141;35;10;48;2;139;34;11m▄[38;2;141;36;11;48;2;139;35;11m▄[38;2;140;35;11;48;2;139;35;12m▄[38;2;139;35;11m▄[48;2;139;36;12m▄[48;2;139;35;11m [38;2;139;36;12m▄[38;2;139;36;11;48;2;140;36;11m▄▄[38;2;141;37;11;48;2;137;34;9m▄[38;2;119;39;8;48;2;130;64;5m▄[38;2;177;108;9;48;2;188;110;7m▄[0m[7m[38;2;167;102;15m▄[0m
 [38;2;0;0;0m  [0m  [7m[38;2;73;48;22m▄[0m[38;2;99;24;14;48;2;112;45;4m▄[38;2;114;23;8;48;2;115;25;7m▄[38;2;116;24;8;48;2;116;25;8m▄[38;2;122;26;8;48;2;119;25;8m▄[38;2;88;17;4;48;2;121;25;7m▄[38;2;98;21;4;48;2;89;18;3m▄[38;2;122;82;51;48;2;99;23;5m▄[38;2;139;101;63;48;2;94;22;5m▄[38;2;64;24;11;48;2;95;22;5m▄[38;2;136;96;65;48;2;97;23;6m▄[38;2;124;83;54;48;2;105;25;6m▄[38;2;82;19;4;48;2;113;27;5m▄[38;2;105;24;6;48;2;115;28;6m▄[38;2;102;23;6;48;2;110;25;6m▄[38;2;96;45;26;48;2;102;23;6m▄[38;2;132;87;57;48;2;103;24;6m▄[38;2;84;32;16;48;2;109;26;6m▄[38;2;118;72;43;48;2;112;27;7m▄[38;2;106;57;33;48;2;106;25;6m▄[38;2;89;25;13;48;2;99;24;7m▄[38;2;68;31;25;48;2;97;24;7m▄[0m[7m[38;2;94;26;11m▄[0m [38;2;0;0;0m [0m
 [38;2;0;0;0m     [7m[38;2;81;38;31m▄[0m[38;2;108;21;6;48;2;122;25;7m▄[38;2;114;23;7;48;2;118;25;7m▄[38;2;115;24;7;48;2;116;24;8m▄[38;2;106;22;6;48;2;87;17;5m▄[38;2;109;24;7;48;2;112;27;8m▄[38;2;165;135;91;48;2;218;215;143m▄[38;2;249;246;182;48;2;246;243;172m▄[38;2;114;112;79;48;2;34;33;22m▄[38;2;248;246;176;48;2;235;234;177m▄[38;2;166;148;102;48;2;221;219;157m▄[38;2;78;16;5;48;2;59;15;6m▄[38;2;96;21;6;48;2;115;28;8m▄[38;2;140;35;10;48;2;141;36;10m▄[38;2;124;32;11;48;2;135;76;45m▄[38;2;215;212;158;48;2;246;246;189m▄[38;2;122;120;85;48;2;56;55;39m▄[38;2;245;244;185;48;2;224;223;161m▄[38;2;149;144;110;48;2;201;198;143m▄[0m[7m[38;2;55;31;30m▄[0m[38;2;19;18;18m    [0m
 [38;2;0;0;0m     [0m [38;2;64;30;21;48;2;81;33;26m▄[38;2;78;22;7;48;2;84;19;2m▄[38;2;102;26;2;48;2;102;21;4m▄[38;2;107;21;6;48;2;121;24;6m▄[38;2;99;19;4;48;2;105;22;5m▄[38;2;143;33;9;48;2;134;33;11m▄[38;2;136;32;11;48;2;151;106;69m▄[38;2;133;32;12;48;2;173;156;108m▄[38;2;134;32;11;48;2;147;111;72m▄[38;2;140;34;10;48;2;120;34;14m▄[38;2;98;21;5;48;2;91;17;4m▄[38;2;93;18;4;48;2;98;20;5m▄[38;2;135;32;10;48;2;147;36;11m▄[38;2;136;33;10;48;2;142;36;11m▄[38;2;97;21;5;48;2;121;87;58m▄[38;2;132;30;9;48;2;173;156;108m▄[38;2;138;31;9;48;2;149;113;76m▄[0m[7m[38;2;85;44;35m▄[0m [38;2;0;0;0m    [0m
 [38;2;0;0;0m   [0m [38;2;57;32;26m▄[38;2;80;24;6;48;2;57;27;18m▄[38;2;102;30;8;48;2;99;30;9m▄[38;2;96;28;7;48;2;97;29;9m▄[38;2;94;23;3;48;2;107;28;3m▄[38;2;93;19;5;48;2;93;19;6m▄[38;2;104;22;6;48;2;100;20;6m▄[38;2;101;21;6;48;2;113;25;7m▄[38;2;140;33;10;48;2;135;32;11m▄[38;2;138;33;10;48;2;136;32;11m▄[38;2;137;32;10;48;2;135;32;11m▄[38;2;136;32;10;48;2;138;32;10m▄[38;2;132;30;10;48;2;88;19;4m▄[38;2;98;21;5;48;2;72;14;2m▄[38;2;114;25;5;48;2;135;32;8m▄[38;2;109;25;6;48;2;138;33;9m▄[38;2;127;29;8;48;2;110;24;6m▄[38;2;128;28;8;48;2;135;30;7m▄[38;2;75;39;33;48;2;110;32;18m▄[0m [38;2;0;0;0m     [0m
 [38;2;0;0;0m   [38;2;53;36;32m▄[38;2;96;31;8;48;2;82;27;9m▄[38;2;93;29;7;48;2;85;27;7m▄[38;2;107;69;58;48;2;62;18;5m▄[38;2;247;247;247;48;2;121;103;99m▄[38;2;130;87;80;48;2;80;20;10m▄[38;2;117;24;6;48;2;109;22;6m▄[38;2;73;15;3;48;2;93;18;4m▄[38;2;29;6;2;48;2;92;18;5m▄[38;2;111;46;25;48;2;139;32;9m▄[38;2;124;58;34;48;2;137;32;10m▄[38;2;119;50;29m▄[38;2;135;60;36m▄[38;2;122;50;28;48;2;133;31;10m▄[38;2;125;57;33;48;2;133;31;9m▄[38;2;126;52;27;48;2;140;33;9m▄[38;2;126;51;27;48;2;137;32;9m▄[38;2;115;44;24;48;2;135;31;9m▄[38;2;92;41;31;48;2;129;30;9m▄[0m [38;2;8;8;8m      [0m
 [38;2;0;0;0m  [0m [38;2;87;35;19;48;2;73;35;25m▄[38;2;99;30;7;48;2;73;20;5m▄[38;2;96;28;7;48;2;70;21;6m▄[38;2;196;193;193;48;2;157;146;145m▄[38;2;238;238;238;48;2;240;240;240m▄[38;2;232;233;232;48;2;184;175;174m▄[38;2;104;50;40;48;2;109;22;7m▄[38;2;96;21;4;48;2;105;24;5m▄[38;2;43;7;1;48;2;9;3;1m▄[38;2;8;8;5;48;2;110;109;85m▄[38;2;22;21;15;48;2;183;181;141m▄[38;2;1;1;1;48;2;74;74;57m▄[38;2;25;24;18;48;2;224;223;182m▄[38;2;7;3;2;48;2;56;55;41m▄[38;2;50;41;37;48;2;208;208;162m▄[0m[7m[38;2;151;147;123m▄[38;2;183;182;147m▄[38;2;136;134;111m▄[0m [38;2;0;0;0m       [0m
 [38;2;0;0;0m  [0m [38;2;64;26;17;48;2;90;32;14m▄[38;2;73;20;4;48;2;92;27;6m▄[38;2;66;18;5;48;2;84;25;6m▄[38;2;181;178;178;48;2;199;197;198m▄[38;2;241;241;241;48;2;239;239;239m▄[38;2;244;244;244;48;2;239;239;240m▄[38;2;242;242;242;48;2;157;137;132m▄[38;2;130;86;78;48;2;113;25;7m▄[38;2;118;24;7;48;2;65;12;3m▄[38;2;87;17;5;48;2;6;2;1m▄[38;2;78;29;3;48;2;13;7;0m▄[38;2;97;37;6;48;2;11;6;0m▄[38;2;68;21;4;48;2;3;1;0m▄[38;2;114;46;9;48;2;16;8;1m▄[38;2;60;12;3;48;2;31;19;19m▄[0m[38;2;79;27;13m▄[0m [38;2;40;30;29m         [0m
 [38;2;0;0;0m  [0m [38;2;67;41;33;48;2;85;39;25m▄[38;2;75;22;5;48;2;92;27;6m▄[38;2;73;20;4;48;2;95;28;7m▄[38;2;80;41;33;48;2;150;132;129m▄[38;2;133;89;77;48;2;251;251;251m▄[38;2;94;40;28m▄[38;2;69;21;11;48;2;244;244;244m▄[38;2;65;17;8;48;2;220;219;220m▄[38;2;73;22;12;48;2;105;56;49m▄[38;2;91;16;3;48;2;109;22;5m▄[38;2;94;18;3;48;2;94;21;5m▄[38;2;133;34;10;48;2;123;37;11m▄[38;2;138;36;11;48;2;126;33;7m▄[48;2;139;37;11m [38;2;134;34;10;48;2;127;35;10m▄[38;2;97;41;31;48;2;126;37;14m▄[0m [38;2;0;0;0m         [0m
[?25h