[?25l[0m [38;2;0;0;0m     [0m  [38;2;83;104;130m▄[38;2;89;112;139m▄[0m    [38;2;63;79;99m▄[0m [38;2;28;34;41m        [0m
 [38;2;0;0;0m    [0m [38;2;135;170;213;48;2;69;85;106m▄[38;2;138;174;218;48;2;137;173;217m▄[48;2;138;174;218m   [48;2;124;157;196m▄[38;2;137;173;218;48;2;121;152;191m▄[38;2;138;173;218;48;2;138;174;218m▄[38;2;138;174;218;48;2;139;174;218m▄[48;2;137;172;216m▄[0m[38;2;130;163;204m▄[0m [38;2;6;7;8m      [0m
 [38;2;0;0;0m    [0m [38;2;138;173;217;48;2;138;174;218m▄[48;2;139;174;218m [48;2;138;174;218m [38;2;137;173;217m▄[38;2;138;174;218;48;2;138;173;218m▄[38;2;138;173;217;48;2;138;174;218m▄[38;2;138;173;218m▄[38;2;137;173;217m▄▄▄[38;2;129;163;204;48;2;138;173;217m▄[0m [38;2;5;6;6m      [0m
 [38;2;0;0;0m    [0m [7m[38;2;122;153;192m▄[0m[38;2;138;173;216;48;2;138;174;217m▄[38;2;138;173;217;48;2;138;174;218m▄[48;2;137;173;217m▄[38;2;142;167;198;48;2;135;170;213m▄[38;2;243;190;132;48;2;145;164;189m▄[38;2;244;191;132;48;2;142;167;200m▄[38;2;196;175;155;48;2;137;172;216m▄[38;2;138;169;209;48;2;137;173;217m▄[38;2;138;144;154;48;2;131;166;208m▄[0m[7m[38;2;78;97;121m▄[0m[38;2;9;11;13m       [0m
 [38;2;0;0;0m     [0m [7m[38;2;87;108;136m▄[0m[38;2;114;143;180;48;2;137;173;217m▄[38;2;137;173;217;48;2;138;173;217m▄[48;2;141;166;196m▄[38;2;204;170;133;48;2;246;192;132m▄[38;2;183;144;101;48;2;234;183;126m▄[38;2;168;132;93;48;2;232;182;126m▄[38;2;214;168;116;48;2;231;184;133m▄[38;2;164;130;91;48;2;210;165;115m▄[0m [38;2;41;36;29m       [0m
 [38;2;0;0;0m       [0m [38;2;106;133;166;48;2;136;171;215m▄[38;2;214;170;120;48;2;153;164;180m▄[38;2;236;185;130;48;2;193;171;149m▄[0m[38;2;241;188;131m▄[38;2;231;182;126m▄[38;2;247;193;134;48;2;209;164;114m▄[0m[38;2;228;179;124m▄[0m [38;2;44;36;26m       [0m
 [38;2;0;0;0m        [7m[38;2;84;104;130m▄[0m[38;2;86;106;131;48;2;152;163;179m▄[38;2;243;190;132;48;2;245;191;132m▄[38;2;238;187;130;48;2;243;191;133m▄[38;2;232;178;126;48;2;247;194;135m▄[38;2;198;102;116;48;2;242;185;133m▄[38;2;110;47;69;48;2;237;175;130m▄[0m[7m[38;2;134;100;76m▄[0m[38;2;17;8;11m       [0m
 [38;2;0;0;0m        [38;2;51;33;67m▄[38;2;82;53;97;48;2;58;38;75m▄[38;2;246;193;134;48;2;239;188;130m▄[38;2;247;194;136;48;2;247;194;135m▄▄[38;2;103;71;98;48;2;119;92;78m▄[0m[38;2;51;33;65m▄        [0m
 [38;2;0;0;0m    [0m [38;2;127;76;150;48;2;59;38;69m▄[38;2;128;77;151;48;2;69;43;80m▄[0m[38;2;112;68;138m▄[38;2;105;63;142;48;2;62;40;83m▄[38;2;105;64;142;48;2;103;62;139m▄[38;2;142;99;132;48;2;178;133;129m▄[38;2;247;194;135;48;2;247;194;136m▄ [38;2;205;159;120;48;2;131;97;102m▄[38;2;93;56;126;48;2;44;30;55m▄[0m[38;2;120;72;143m▄[38;2;112;69;131m▄[0m [38;2;2;2;2m     [0m
 [38;2;0;0;0m    [0m [38;2;99;61;129;48;2;127;76;149m▄[38;2;110;66;137;48;2;127;77;150m▄[38;2;128;76;149;48;2;125;76;147m▄[38;2;105;63;136;48;2;102;61;136m▄[48;2;106;64;144m [38;2;106;64;143;48;2;105;64;143m▄[38;2;106;64;142;48;2;180;135;129m▄[38;2;187;140;129;48;2;247;193;135m▄[38;2;199;151;127;48;2;217;169;122m▄[38;2;105;63;142;48;2;104;62;141m▄[38;2;102;62;136;48;2;107;65;137m▄[38;2;118;72;139;48;2;126;76;148m▄[0m [38;2;3;3;3m     [0m
 [38;2;0;0;0m    [0m [38;2;103;64;138;48;2;105;64;143m▄[48;2;107;65;144m [38;2;107;65;138;48;2;115;69;139m▄[38;2;103;62;136;48;2;105;63;135m▄[38;2;106;65;144;48;2;106;64;143m▄[38;2;107;65;144m▄[48;2;107;65;144m [48;2;108;67;140m▄[48;2;134;93;130m▄[38;2;107;66;145;48;2;106;64;144m▄[38;2;107;65;144;48;2;106;64;143m▄[38;2;99;61;134;48;2;100;60;130m▄[0m [38;2;31;21;40m     [0m
 [38;2;0;0;0m     [0m   [7m[38;2;57;36;75m▄[38;2;68;43;90m▄[38;2;74;47;99m▄[38;2;78;50;103m▄[38;2;76;49;100m▄[38;2;69;44;92m▄[38;2;58;37;77m▄[0m  [38;2;0;0;0m      [0m
[?25h