[?25l[0m [38;2;0;0;0m  [0m [7m[38;2;97;34;33m▄▄[38;2;53;24;25m▄[0m     [38;2;57;58;68m▄[38;2;91;93;109m▄[0m      [38;2;0;0;0m  [0m    [38;2;0;0;0m [0m [7m[38;2;65;15;19m▄[38;2;69;15;19m▄[0m
 [38;2;0;0;0m    [0m [38;2;88;90;109m▄[38;2;152;156;205;48;2;72;74;89m▄[38;2;149;154;202;48;2;129;133;162m▄[48;2;123;128;162m▄[38;2;150;154;202;48;2;118;122;153m▄[48;2;127;132;166m▄[38;2;150;155;202;48;2;149;154;202m▄[38;2;151;156;202;48;2;155;159;203m▄[38;2;152;157;203;48;2;159;164;206m▄[48;2;116;119;145m▄[38;2;151;156;203;48;2;116;122;145m▄[38;2;149;155;202;48;2;102;106;126m▄[0m[38;2;143;149;191m▄[0m  [38;2;10;10;10m         [0m
 [38;2;0;0;0m   [38;2;67;68;82m▄[38;2;149;153;203;48;2;118;120;152m▄[38;2;150;155;202;48;2;150;154;203m▄[48;2;150;154;202m  [38;2;150;154;202;48;2;149;154;202m▄[38;2;149;154;202;48;2;150;154;202m▄[38;2;149;153;201m▄[38;2;149;154;201m▄[38;2;149;153;201;48;2;150;154;201m▄[38;2;149;154;201m▄[48;2;150;155;202m▄[38;2;150;154;201;48;2;151;156;202m▄[38;2;149;154;201m▄[38;2;148;153;201m▄[48;2;143;148;192m▄[48;2;120;124;155m▄[0m[38;2;133;139;179m▄[0m [38;2;14;14;15m       [0m
 [38;2;0;0;0m  [0m [38;2;139;144;188;48;2;93;95;119m▄[48;2;149;153;202m [48;2;150;154;202m [48;2;150;154;201m  [38;2;149;153;201m▄[38;2;149;153;200;48;2;149;153;201m▄[38;2;148;152;201m▄[38;2;148;152;200;48;2;149;153;200m▄[48;2;148;153;200m▄[38;2;148;151;200;48;2;149;153;201m▄[38;2;148;152;200m▄▄[48;2;148;152;200m [48;2;148;153;201m▄ [48;2;149;154;202m [38;2;149;154;202;48;2;151;156;204m▄[38;2;147;154;201;48;2;60;61;71m▄[0m[38;2;94;98;119m▄[0m [38;2;3;3;3m     [0m
 [38;2;0;0;0m  [0m [38;2;142;146;188;48;2;147;151;199m▄[38;2;150;154;201;48;2;149;153;201m▄    [48;2;149;152;200m [48;2;148;152;200m [38;2;147;151;200m▄[48;2;148;152;199m▄[48;2;147;151;200m [48;2;147;151;199m [48;2;148;152;200m▄ [48;2;148;152;201m  [38;2;148;152;201;48;2;148;153;201m▄[38;2;149;153;201m▄[38;2;150;155;202;48;2;150;155;203m▄[38;2;151;156;203;48;2;150;155;200m▄[0m[38;2;58;59;68m▄     [0m
 [38;2;0;0;0m  [0m [38;2;148;152;198;48;2;137;141;186m▄[38;2;149;152;201;48;2;149;153;201m▄    ▄[48;2;148;152;200m  [38;2;147;151;199;48;2;147;151;200m▄▄[38;2;147;150;199m▄[48;2;148;151;200m [38;2;148;151;200;48;2;148;152;200m▄[48;2;148;151;200m [48;2;148;152;200m [48;2;149;152;201m [38;2;148;152;201;48;2;149;153;201m▄[48;2;148;152;201m [38;2;147;152;200;48;2;146;151;201m▄[38;2;141;146;189;48;2;93;96;121m▄[0m [38;2;29;28;30m    [0m
 [38;2;0;0;0m  [0m [38;2;66;67;83;48;2;134;137;178m▄[38;2;150;154;202;48;2;147;151;200m▄[38;2;149;153;201;48;2;148;152;200m▄[38;2;149;153;200;48;2;149;153;201m▄[38;2;149;152;200m▄▄[48;2;149;152;201m▄[48;2;148;152;200m▄ [38;2;148;152;200;48;2;147;151;200m▄[38;2;148;152;201m▄[38;2;148;151;200;48;2;147;150;199m▄[38;2;148;152;201;48;2;147;151;200m▄[38;2;146;150;199;48;2;148;151;200m▄[38;2;137;136;165;48;2;149;152;201m▄[38;2;152;139;146;48;2;150;154;202m▄[38;2;129;125;151;48;2;148;152;201m▄[38;2;126;120;139m▄[38;2;145;149;194;48;2;147;151;201m▄[38;2;141;145;191;48;2;148;152;201m▄[38;2;139;145;191;48;2;147;153;197m▄[0m [38;2;44;45;49m    [0m
 [38;2;0;0;0m   [0m [38;2;144;147;190;48;2;151;154;202m▄[38;2;151;154;201;48;2;150;153;200m▄[38;2;150;153;201m▄[48;2;149;152;200m   [38;2;148;152;200m▄[48;2;148;152;200m [38;2;149;153;201;48;2;149;152;201m▄[38;2;139;141;172;48;2;149;153;201m▄[38;2;176;148;124;48;2;143;148;194m▄[38;2;242;183;121;48;2;161;131;109m▄[38;2;243;184;123;48;2;179;143;109m▄[38;2;244;186;127;48;2;228;176;122m▄[38;2;245;188;130;48;2;243;187;130m▄[38;2;242;185;126;48;2;243;185;124m▄[38;2;243;186;127;48;2;241;183;123m▄[38;2;242;184;124;48;2;200;156;109m▄[38;2;196;154;112;48;2;130;124;140m▄[38;2;142;147;194;48;2;139;143;197m▄[38;2;72;74;88;48;2;84;87;106m▄[0m[38;2;72;74;88m    [0m
 [38;2;0;0;0m   [0m [7m[38;2;97;99;121m▄[0m[38;2;123;126;163;48;2;151;154;202m▄[38;2;150;153;201;48;2;149;153;200m▄[38;2;149;153;200;48;2;149;152;200m▄[38;2;149;152;199m▄ [38;2;149;153;201m▄[38;2;148;152;200;48;2;149;152;201m▄[38;2;146;151;200;48;2;149;153;201m▄[38;2;140;130;142;48;2;138;132;154m▄[38;2;244;188;129;48;2;244;186;125m▄[38;2;243;186;125;48;2;243;185;125m▄[38;2;243;186;122;48;2;242;183;121m▄[38;2;223;157;124;48;2;202;155;102m▄[38;2;197;126;146;48;2;206;159;103m▄[38;2;203;136;147;48;2;236;180;119m▄[38;2;219;170;122;48;2;243;185;124m▄[38;2;243;185;122;48;2;242;184;124m▄[38;2;225;160;132;48;2;226;177;121m▄[38;2;198;135;127;48;2;149;135;133m▄[38;2;49;45;43;48;2;59;60;66m▄[0m[38;2;49;45;43m    [0m
 [38;2;0;0;0m     [0m [38;2;97;98;123;48;2;140;143;188m▄[38;2;149;151;199;48;2;148;151;199m▄[38;2;148;151;199;48;2;148;152;199m▄[48;2;148;152;200m [48;2;149;152;200m [38;2;151;154;202;48;2;149;153;201m▄[38;2;154;159;204;48;2;149;153;199m▄[38;2;170;137;108;48;2;180;141;104m▄[38;2;241;179;116;48;2;243;184;122m▄[38;2;230;173;112;48;2;242;185;123m▄[38;2;141;104;91;48;2;195;146;111m▄[38;2;164;138;148;48;2;159;94;141m▄[38;2;174;165;162;48;2;182;109;163m▄[38;2;162;157;146;48;2;182;111;165m▄[38;2;178;163;154;48;2;165;103;141m▄[38;2;111;88;95;48;2;173;127;98m▄[38;2;181;163;166;48;2;186;94;161m▄[38;2;158;152;147;48;2;182;99;160m▄[38;2;167;142;150;48;2;146;94;132m▄[0m[38;2;57;52;53m▄[0m [38;2;19;19;19m  [0m
 [38;2;0;0;0m      [0m [7m[38;2;86;88;109m▄[0m[38;2;89;91;108;48;2;138;141;183m▄[38;2;156;160;205;48;2;152;156;202m▄[38;2;149;154;196;48;2;150;153;201m▄[38;2;159;132;106;48;2;146;151;201m▄[38;2;161;129;100;48;2;151;156;203m▄[38;2;226;174;115;48;2;179;147;119m▄[38;2;243;184;122;48;2;243;183;121m▄[38;2;243;184;121;48;2;203;151;96m▄[38;2;227;174;117;48;2;174;150;114m▄[38;2;195;183;155;48;2;250;248;220m▄[38;2;243;241;208;48;2;244;243;217m▄[38;2;243;242;217;48;2;239;237;214m▄[38;2;171;162;144;48;2;249;247;225m▄[38;2;232;178;117;48;2;162;140;109m▄[38;2;239;182;120;48;2;200;181;150m▄[38;2;239;182;119;48;2;186;171;142m▄[38;2;240;186;126;48;2;193;185;161m▄[0m[38;2;103;86;67m▄[0m [38;2;0;0;0m  [0m
 [38;2;0;0;0m        [0m [7m[38;2;144;148;189m▄[0m[38;2;110;114;136;48;2;128;129;160m▄[38;2;170;131;91;48;2;186;142;94m▄[38;2;195;147;97;48;2;193;147;96m▄[38;2;244;187;126;48;2;243;181;118m▄[38;2;243;185;124;48;2;243;184;123m▄[38;2;242;184;122;48;2;243;186;124m▄[48;2;243;185;124m [38;2;242;184;123;48;2;238;179;121m▄[38;2;228;174;115;48;2;195;150;100m▄[38;2;224;172;115;48;2;174;137;96m▄[38;2;242;183;122;48;2;193;150;103m▄[38;2;242;183;120;48;2;242;182;119m▄[38;2;208;161;107;48;2;242;186;124m▄[38;2;187;149;101;48;2;240;186;126m▄[38;2;186;147;99;48;2;238;184;121m▄[0m[7m[38;2;97;81;62m▄[0m[38;2;63;55;44m   [0m
 [38;2;0;0;0m          [0m [38;2;216;159;3;48;2;142;115;40m▄[38;2;194;146;11;48;2;162;125;40m▄[38;2;238;180;116;48;2;244;186;124m▄[38;2;243;184;123;48;2;242;184;122m▄[38;2;243;186;124m▄[38;2;243;185;123;48;2;242;185;124m▄[38;2;244;187;125;48;2;242;185;125m▄[38;2;244;189;129m▄[38;2;241;178;120m▄[38;2;218;134;110;48;2;243;184;123m▄[38;2;213;118;111;48;2;244;183;121m▄[38;2;225;155;117;48;2;243;185;124m▄[38;2;224;152;118;48;2;243;187;128m▄[38;2;236;170;122;48;2;242;184;123m▄[38;2;242;184;121;48;2;208;160;110m▄[0m[38;2;215;169;114m▄[0m [38;2;26;25;24m [0m
 [38;2;0;0;0m          [0m [38;2;135;108;82;48;2;96;79;43m▄[38;2;243;184;121;48;2;206;156;88m▄[38;2;243;185;123;48;2;243;184;120m▄[48;2;243;184;122m▄[48;2;243;185;124m▄[38;2;243;185;124;48;2;243;186;124m▄[38;2;243;185;125;48;2;201;156;105m▄[38;2;242;184;125;48;2;194;149;99m▄[38;2;218;136;112;48;2;159;73;82m▄[38;2;197;49;97;48;2;160;43;84m▄[38;2;205;58;108;48;2;170;47;90m▄[38;2;137;51;82;48;2;173;47;89m▄[0m[7m[38;2;166;52;90m▄[38;2;128;75;75m▄[38;2;122;103;78m▄[0m  [38;2;0;0;0m [0m
 [38;2;0;0;0m         [0m [38;2;131;75;142;48;2;95;60;100m▄[38;2;167;125;109;48;2;172;131;92m▄[38;2;244;186;126;48;2;242;184;122m▄[48;2;243;184;122m [38;2;243;184;123;48;2;243;185;123m▄[38;2;243;185;123;48;2;243;185;124m▄[48;2;243;184;123m [48;2;242;184;124m [38;2;243;185;125m▄[38;2;241;186;128;48;2;242;183;122m▄[0m[7m[38;2;166;118;95m▄[0m  [38;2;0;0;0m      [0m
 [38;2;0;0;0m      [0m  [38;2;74;34;73m▄[38;2;79;31;78;48;2;85;60;88m▄[38;2;85;42;87;48;2;124;71;132m▄[38;2;113;64;120;48;2;119;74;121m▄[38;2;129;85;111;48;2;215;165;115m▄[38;2;233;178;119;48;2;242;184;123m▄ [38;2;243;185;124m▄[48;2;243;184;123m▄[48;2;243;185;124m [38;2;243;184;123;48;2;243;185;125m▄[38;2;166;127;92;48;2;201;153;111m▄[38;2;115;67;117;48;2;87;63;89m▄[0m [38;2;23;23;24m       [0m
 [38;2;0;0;0m    [0m [38;2;47;26;46m▄[38;2;83;31;82;48;2;52;33;52m▄[48;2;79;30;79m▄[38;2;84;31;83;48;2;83;31;82m▄[38;2;84;32;83;48;2;83;32;82m▄[38;2;84;32;82;48;2;86;33;85m▄[38;2;84;45;88;48;2;95;51;100m▄[38;2;126;72;134;48;2;127;72;135m▄[38;2;130;75;137;48;2;131;91;100m▄[38;2;136;96;102;48;2;238;182;122m▄[38;2;236;182;121;48;2;243;185;124m▄[38;2;243;185;123m▄[48;2;242;185;123m▄[38;2;242;185;124m▄[38;2;242;184;124;48;2;237;183;121m▄[38;2;122;79;111;48;2;107;62;104m▄[38;2;94;51;100;48;2;65;36;65m▄[0m[38;2;75;28;75m▄[38;2;38;27;38m▄     [0m
 [38;2;24;22;21m   [0m [38;2;70;36;69m▄[38;2;83;31;82;48;2;81;30;80m▄[38;2;84;31;82;48;2;83;31;82m▄▄▄[38;2;83;31;82;48;2;84;32;82m▄[38;2;84;32;82;48;2;84;32;83m▄[38;2;85;33;83;48;2;78;30;77m▄[38;2;82;32;81;48;2;93;49;96m▄[38;2;83;42;86;48;2;125;72;132m▄[38;2;121;71;128;48;2;131;77;138m▄[38;2;123;72;130;48;2;132;91;106m▄[38;2;119;75;108;48;2;222;169;110m▄[38;2;207;159;115;48;2;242;185;123m▄[38;2;242;186;124;48;2;243;187;126m▄[38;2;241;184;121;48;2;242;187;127m▄[38;2;133;92;114;48;2;131;91;114m▄[38;2;92;50;96;48;2;92;51;97m▄[38;2;80;30;80;48;2;81;30;81m▄[38;2;81;31;82;48;2;83;34;83m▄[0m[38;2;69;33;68m▄[0m [38;2;14;14;15m   [0m
[?25h