[?25l[0m [38;2;0;0;0m [0m [38;2;105;31;31;48;2;129;4;3m▄[38;2;14;13;13;48;2;2;0;0m▄[38;2;4;4;3;48;2;0;0;0m▄[38;2;7;11;10;48;2;4;7;7m▄[38;2;1;0;0;48;2;2;3;3m▄[38;2;1;1;1;48;2;0;0;0m▄[38;2;0;1;0m▄[38;2;4;4;2m▄[38;2;160;150;105;48;2;9;9;6m▄[38;2;243;225;152;48;2;145;135;92m▄[38;2;243;225;157;48;2;238;221;150m▄[38;2;242;223;156;48;2;240;222;150m▄[38;2;241;222;153;48;2;241;223;155m▄[38;2;242;223;156m▄[38;2;243;224;156;48;2;241;224;155m▄[38;2;243;225;158;48;2;233;214;144m▄[38;2;237;221;155;48;2;87;81;53m▄[38;2;64;62;47;48;2;8;15;14m▄[38;2;30;30;30;48;2;6;6;6m▄[0m [38;2;18;18;18m  [38;2;67;46;25m▄[38;2;143;76;3;48;2;121;66;9m▄[38;2;150;82;2;48;2;112;51;3m▄[38;2;94;13;14;48;2;96;1;16m▄[38;2;102;1;19;48;2;100;0;18m▄[0m
 [38;2;0;0;0m  [0m        [7m[38;2;122;116;90m▄[0m          [38;2;0;0;0m   [7m[38;2;78;59;40m▄[38;2;116;74;29m▄[38;2;125;78;27m▄[38;2;118;54;57m▄[38;2;106;19;34m▄[0m
 [38;2;0;0;0m  [0m  [38;2;90;64;46m▄[38;2;102;63;36m▄[38;2;113;70;41m▄[38;2;113;69;40m▄[38;2;96;61;37m▄[38;2;77;57;43m▄[0m [38;2;23;21;19m               [0m [38;2;119;107;76m▄[0m [0m
  [38;2;69;53;42m▄[38;2;112;69;39;48;2;67;49;37m▄[38;2;112;68;38;48;2;108;66;37m▄[48;2;113;68;38m▄[38;2;112;68;37;48;2;113;69;39m▄[38;2;112;68;38;48;2;112;68;39m▄[38;2;113;69;39;48;2;110;68;39m▄[38;2;113;69;38;48;2;112;69;39m▄[38;2;112;69;39;48;2;117;72;40m▄[38;2;110;67;38;48;2;105;69;43m▄[0m[38;2;99;61;36m▄[0m  [38;2;43;34;27m▄[0m  [38;2;10;11;11m         [38;2;81;71;51m▄[38;2;222;189;116;48;2;200;171;106m▄[38;2;104;90;61;48;2;72;65;47m▄[0m
 [38;2;72;54;40m▄[38;2;111;69;39;48;2;109;69;40m▄[38;2;113;70;39;48;2;114;70;40m▄[48;2;113;69;38m [38;2;113;69;38;48;2;112;68;37m▄[38;2;114;69;38m▄[38;2;114;69;39;48;2;113;68;37m▄[48;2;113;68;38m [38;2;113;68;38;48;2;113;69;38m▄[38;2;113;69;38;48;2;112;69;39m▄[38;2;112;68;38;48;2;113;69;38m▄[38;2;110;66;37;48;2;101;61;32m▄[38;2;110;67;37;48;2;95;57;31m▄[38;2;111;67;37;48;2;106;65;37m▄[38;2;113;69;37;48;2;109;67;38m▄[38;2;114;69;37;48;2;113;69;38m▄[38;2;111;67;37;48;2;78;52;34m▄[0m[38;2;45;34;26m▄        [38;2;113;96;61;48;2;116;100;67m▄[38;2;218;183;107;48;2;219;184;107m▄[38;2;210;178;104;48;2;157;135;86m▄[0m
[38;2;90;59;38m▄[38;2;110;67;39;48;2;91;62;41m▄[38;2;112;69;40;48;2;114;70;40m▄[38;2;113;70;40;48;2;115;71;40m▄[38;2;102;70;48;48;2;115;70;40m▄[38;2;119;121;122;48;2;114;69;39m▄[38;2;146;156;164;48;2;103;62;35m▄[38;2;131;140;148;48;2;109;66;36m▄[38;2;118;115;113;48;2;113;68;38m▄[38;2;102;78;60m▄[38;2;112;68;39;48;2;113;69;38m▄[38;2;112;68;38;48;2;113;68;38m▄[38;2;110;67;37;48;2;113;68;37m▄[38;2;112;68;37;48;2;111;68;38m▄[38;2;97;60;34;48;2;113;69;37m▄[38;2;98;59;30;48;2;113;69;38m▄[38;2;112;68;37;48;2;113;68;37m▄[48;2;111;67;37m▄[38;2;75;53;37;48;2;64;43;27m▄[0m[38;2;75;53;37m        [7m[38;2;89;75;48m▄[0m[38;2;190;155;87;48;2;212;178;104m▄[38;2;221;186;110;48;2;218;185;110m▄[0m
[38;2;113;69;39;48;2;112;68;39m▄[38;2;114;70;39;48;2;113;69;39m▄[38;2;113;69;39;48;2;114;70;40m▄[38;2;97;69;51;48;2;111;68;39m▄[38;2;149;161;172;48;2;130;135;138m▄[38;2;153;164;174;48;2;155;166;175m▄[48;2;155;165;175m [38;2;155;165;176;48;2;154;164;174m▄[38;2;156;166;176;48;2;154;165;175m▄[48;2;154;164;174m▄[38;2;155;165;175;48;2;124;126;129m▄[48;2;108;93;82m▄[38;2;156;167;177;48;2;106;89;78m▄[38;2;157;168;179;48;2;117;117;118m▄[38;2;156;168;179;48;2;146;157;167m▄[38;2;98;88;81;48;2;96;64;42m▄[38;2;106;65;37;48;2;110;68;37m▄[38;2;88;59;38;48;2;114;70;39m▄[0m [38;2;14;14;14m        [0m [7m[38;2;116;96;61m▄[0m[38;2;81;69;47;48;2;191;156;88m▄[0m
[38;2;114;69;39;48;2;113;69;39m▄[38;2;113;69;39;48;2;114;70;39m▄[48;2;113;70;39m [38;2;102;83;71;48;2;103;84;72m▄[38;2;151;163;173;48;2;154;165;175m▄[38;2;151;162;173m▄[38;2;147;157;167;48;2;154;164;175m▄[38;2;147;156;165;48;2;155;165;176m▄[38;2;159;168;178;48;2;157;167;177m▄[38;2;156;166;176m▄[48;2;156;166;176m [38;2;156;166;175;48;2;155;165;175m▄[38;2;156;166;176m▄[48;2;157;167;177m▄[38;2;157;167;178;48;2;156;167;177m▄[38;2;116;122;127;48;2;115;113;113m▄[0m[7m[38;2;102;66;40m▄[0m [38;2;0;0;0m            [0m
[38;2;113;69;38;48;2;113;69;39m▄[48;2;113;70;39m [38;2;114;70;39m▄[38;2;100;64;39;48;2;100;75;58m▄[38;2;148;158;167;48;2;157;167;177m▄[38;2;124;133;139;48;2;144;154;163m▄[38;2;106;108;109;48;2;103;110;114m▄[38;2;175;176;176;48;2;62;66;70m▄[38;2;130;130;130;48;2;99;107;114m▄[38;2;59;62;64;48;2;150;161;172m▄[38;2;152;162;171;48;2;156;166;176m▄[38;2;155;166;176;48;2;157;166;176m▄[38;2;155;165;175;48;2;156;166;176m▄[38;2;137;146;155;48;2;154;165;175m▄[38;2;54;58;61;48;2;157;168;179m▄[38;2;34;36;37;48;2;115;122;128m▄[0m[38;2;37;37;38m▄[0m  [38;2;1;1;1m           [0m
[38;2;115;70;40;48;2;114;70;39m▄[38;2;114;70;39;48;2;113;69;39m▄[38;2;114;69;38;48;2;112;69;38m▄[38;2;113;69;38;48;2;107;65;35m▄[38;2;117;112;110;48;2;127;134;141m▄[38;2;156;166;176;48;2;150;161;170m▄[38;2;188;190;191;48;2;218;218;218m▄[48;2;251;251;251m [38;2;179;179;179;48;2;252;252;252m▄[38;2;223;223;223;48;2;218;218;218m▄[38;2;180;183;185;48;2;102;108;112m▄[38;2;144;158;170;48;2;149;161;172m▄[38;2;133;140;147;48;2;142;152;162m▄[38;2;244;243;244;48;2;94;95;97m▄[38;2;183;183;183;48;2;212;212;212m▄[38;2;248;248;248;48;2;244;244;245m▄[38;2;123;123;123;48;2;107;106;107m▄[0m  [38;2;0;0;0m           [0m
[38;2;110;69;40;48;2;114;70;40m▄[38;2;117;72;41;48;2;115;71;39m▄[38;2;116;71;40;48;2;116;71;39m▄[38;2;114;70;39;48;2;116;71;40m▄[38;2;98;70;52;48;2;105;88;78m▄[38;2;154;164;173;48;2;151;161;171m▄[38;2;157;167;176;48;2;145;154;162m▄[48;2;185;187;188m▄[38;2;135;145;153;48;2;242;242;241m▄[38;2;132;142;150;48;2;240;240;239m▄[38;2;152;164;174;48;2;154;159;162m▄[38;2;157;168;178;48;2;156;167;178m▄[38;2;152;162;170;48;2;154;160;165m▄[38;2;145;152;157;48;2;248;248;248m▄[38;2;145;154;159;48;2;241;241;241m▄[0m[7m[38;2;195;194;194m▄[0m [38;2;0;0;0m             [0m
[7m[38;2;53;42;33m▄[38;2;110;69;40m▄[0m[38;2;111;68;37;48;2;114;69;39m▄[38;2;115;70;38;48;2;115;70;39m▄[38;2;104;63;35;48;2;100;64;39m▄[38;2;140;149;158;48;2;150;160;170m▄[38;2;155;166;176;48;2;154;165;175m▄[38;2;154;165;175;48;2;155;166;176m▄[38;2;156;166;176;48;2;154;165;176m▄[48;2;154;166;175m▄[48;2;155;166;176m [38;2;155;166;176;48;2;156;166;176m▄[48;2;155;166;176m [38;2;153;165;176;48;2;154;166;176m▄[38;2;106;112;118;48;2;129;141;149m▄[0m [38;2;0;0;0m              [0m
[38;2;110;68;39;48;2;54;41;33m▄[0m[38;2;113;70;40m▄[48;2;106;66;37m▄[38;2;114;71;39;48;2;113;69;39m▄[38;2;113;70;40;48;2;111;69;38m▄[38;2;133;140;146;48;2;130;139;147m▄[38;2;157;168;177;48;2;153;164;175m▄[38;2;132;139;140;48;2;156;166;176m▄[38;2;135;140;137m▄[38;2;127;134;138;48;2;155;165;176m▄[38;2;136;145;152;48;2;155;166;176m▄[38;2;151;160;169;48;2;155;165;175m▄[38;2;157;166;175;48;2;154;165;175m▄[38;2;144;154;162;48;2;157;168;178m▄[38;2;130;138;145;48;2;129;136;142m▄[0m [38;2;13;13;13m              [0m
[38;2;45;37;31;48;2;106;69;43m▄[38;2;92;56;31;48;2;114;71;41m▄[48;2;113;70;39m [38;2;116;72;40;48;2;115;71;39m▄[38;2;95;56;30;48;2;107;66;36m▄[38;2;135;147;158;48;2;131;139;148m▄[38;2;142;153;162;48;2;136;147;151m▄[38;2;151;151;119;48;2;184;181;139m▄[38;2;229;227;164;48;2;243;239;171m▄[38;2;210;204;148;48;2;177;171;126m▄[38;2;204;199;151;48;2;151;143;107m▄[38;2;175;172;134;48;2;155;147;109m▄[0m[7m[38;2;56;56;56m▄[0m  [38;2;0;0;0m               [0m
  [7m[38;2;72;52;37m▄[38;2;105;79;60m▄[0m[38;2;130;128;129;48;2;72;56;45m▄[38;2;158;168;178;48;2;150;161;171m▄[38;2;155;166;176;48;2;156;167;177m▄[48;2;147;157;165m▄[38;2;158;169;178;48;2;130;136;134m▄[38;2;147;158;166;48;2;153;156;137m▄[38;2;134;142;149;48;2;141;144;129m▄[38;2;91;95;99;48;2;134;137;133m▄[0m [38;2;3;3;3m                 [0m
 [38;2;0;0;0m [38;2;71;69;70m▄[38;2;232;218;227;48;2;188;176;183m▄[38;2;235;224;231;48;2;147;142;147m▄[38;2;180;174;180;48;2;150;159;170m▄[38;2;144;146;153;48;2;156;167;177m▄[38;2;140;148;156;48;2;157;168;178m▄[38;2;151;161;170;48;2;158;169;178m▄[38;2;133;142;150;48;2;159;170;179m▄[38;2;174;164;170;48;2;65;67;68m▄[0m [38;2;42;40;41m              [0m [38;2;106;32;19m▄[38;2;132;23;4m▄[38;2;137;24;4;48;2;55;27;22m▄[0m
[38;2;82;82;95m▄[38;2;84;83;98m▄[38;2;69;54;77;48;2;70;62;73m▄[38;2;78;56;86;48;2;182;172;179m▄[38;2;140;128;138;48;2;234;222;230m▄[38;2;203;189;197;48;2;232;217;226m▄[38;2;233;219;227;48;2;234;220;228m▄[38;2;233;218;226;48;2;218;206;213m▄[38;2;233;219;226;48;2;194;180;188m▄[38;2;202;193;196;48;2;175;163;169m▄[38;2;237;223;230;48;2;233;216;225m▄[38;2;151;140;147;48;2;121;115;119m▄[0m[38;2;64;59;70m▄[0m [38;2;19;18;19m           [0m [38;2;120;26;8;48;2;70;31;24m▄[38;2;142;27;2;48;2;106;18;1m▄[38;2;152;31;4;48;2;120;22;3m▄[38;2;115;24;3;48;2;127;22;3m▄[0m
[38;2;141;152;161;48;2;101;105;115m▄[38;2;102;107;116;48;2;92;91;106m▄[38;2;105;104;120;48;2;85;84;98m▄[38;2;63;48;72;48;2;77;53;86m▄[38;2;76;52;85;48;2;76;53;85m▄[38;2;79;55;89;48;2;93;77;96m▄[38;2;79;56;88;48;2;177;164;173m▄[38;2;82;63;87;48;2;232;218;225m▄[38;2;106;90;108;48;2;232;217;224m▄[38;2;113;98;115;48;2;214;203;207m▄[38;2;73;54;80;48;2;206;196;201m▄[38;2;80;55;89;48;2;100;85;104m▄[38;2;79;56;88;48;2;69;54;77m▄[38;2;68;68;75;48;2;74;74;81m▄[0m[38;2;116;123;130m▄[0m [38;2;14;14;14m        [0m [38;2;97;43;13;48;2;53;31;26m▄[38;2;131;50;4;48;2;103;24;2m▄[38;2;119;45;3;48;2;108;24;2m▄[38;2;133;27;3;48;2;139;28;5m▄[38;2;151;30;4;48;2;129;27;4m▄[0m
[?25h