[?25l[0m [38;2;0;0;0m  [0m [38;2;142;45;46;48;2;93;34;33m▄[38;2;171;28;29;48;2;186;30;29m▄[38;2;61;26;26;48;2;113;18;18m▄[38;2;10;15;13;48;2;7;10;8m▄[38;2;8;11;10;48;2;8;11;9m▄[38;2;18;19;18;48;2;3;5;5m▄[38;2;25;25;25;48;2;0;0;0m▄[38;2;10;10;9m▄ [38;2;1;1;1m▄[38;2;86;84;61;48;2;4;4;3m▄[38;2;245;240;176;48;2;169;165;120m▄[38;2;246;240;177;48;2;245;239;169m▄[38;2;246;240;174;48;2;246;239;172m▄[38;2;246;240;175;48;2;247;240;173m▄[38;2;247;241;177;48;2;247;240;175m▄[38;2;247;241;175;48;2;247;241;177m▄[38;2;247;241;177;48;2;244;238;170m▄[38;2;201;198;151;48;2;74;72;50m▄[38;2;17;18;16;48;2;4;6;4m▄[38;2;15;16;15;48;2;7;10;7m▄[0m[38;2;26;26;26m▄  [0m [38;2;168;107;18;48;2;85;40;27m▄[0m
 [38;2;0;0;0m   [0m      [38;2;0;0;0m [0m  [7m[38;2;25;25;25m▄[38;2;118;115;92m▄[38;2;147;144;113m▄[38;2;126;123;94m▄[38;2;123;120;91m▄[38;2;123;119;90m▄[38;2;115;114;87m▄[38;2;129;126;95m▄[38;2;123;121;95m▄[0m    [38;2;0;0;0m  [7m[38;2;106;75;31m▄[38;2;164;106;19m▄[0m
 [38;2;0;0;0m                             [0m
[38;2;63;70;84m▄[38;2;123;142;174m▄[38;2;136;156;191m▄[38;2;137;157;190;48;2;86;95;112m▄[38;2;135;155;189;48;2;82;92;111m▄[0m[38;2;136;156;190m▄[38;2;132;151;184m▄[38;2;101;116;142m▄[0m  [38;2;1;1;1m  [0m  [38;2;92;103;125m▄[38;2;119;135;166m▄[38;2;127;146;178m▄[38;2;131;150;183m▄[38;2;121;140;172m▄[38;2;104;118;143m▄[0m  [38;2;6;6;6m        [0m
[38;2;137;157;190;48;2;134;154;188m▄[48;2;137;157;191m▄[48;2;138;157;191m▄[38;2;138;158;191;48;2;137;157;190m▄[38;2;139;159;191m▄[38;2;138;159;191;48;2;138;158;190m▄[38;2;138;158;190;48;2;136;157;189m▄[48;2;138;158;190m [38;2;137;158;190;48;2;137;157;189m▄[38;2;138;158;191;48;2;94;107;131m▄[0m[38;2;122;140;168m▄[38;2;127;145;175m▄[38;2;136;156;189;48;2;99;113;138m▄[38;2;137;157;190;48;2;134;154;188m▄[38;2;139;158;191;48;2;138;158;191m▄[38;2;139;159;191m▄[38;2;138;158;190;48;2;139;158;191m▄[48;2;137;157;189m▄[38;2;138;157;190;48;2;136;156;189m▄[38;2;137;157;190;48;2;137;157;189m▄[38;2;138;157;190;48;2;135;155;188m▄[38;2;138;158;190;48;2;78;89;109m▄[0m[38;2;67;76;91m▄      [0m [0m
[7m[38;2;137;157;190m [0m[38;2;0;0;0;48;2;137;157;190m [48;2;138;158;190m   [48;2;139;158;190m [38;2;139;158;190;48;2;139;158;191m▄[48;2;138;158;190m    [38;2;138;158;190;48;2;137;157;189m▄[48;2;138;158;190m  [38;2;139;158;190;48;2;139;158;191m▄[38;2;138;158;190m▄[48;2;138;158;190m [48;2;139;158;190m▄[48;2;138;158;190m [38;2;138;157;189;48;2;137;157;189m▄[38;2;137;157;189;48;2;137;157;190m▄[48;2;136;156;189m▄[48;2;123;141;171m▄[0m [38;2;33;38;47m     [38;2;81;65;36m▄[0m
[38;2;138;158;190;48;2;137;158;190m▄[38;2;138;157;190;48;2;138;158;190m▄ [38;2;138;158;189m▄ [48;2;139;158;190m  [38;2;139;159;190m▄[38;2;139;158;190;48;2;138;158;190m▄    [38;2;138;158;190;48;2;139;158;190m▄ [38;2;139;158;190;48;2;138;158;190m▄[38;2;138;158;189m▄[48;2;138;157;190m▄[48;2;138;157;189m  [38;2;139;158;190m▄[38;2;139;159;191;48;2;138;158;190m▄[38;2;138;158;189;48;2;136;156;189m▄[48;2;59;67;82m [0m[38;2;138;158;189m     [7m[38;2;80;64;35m▄[0m
[7m[38;2;138;158;190m [0m[38;2;0;0;0;48;2;138;158;190m [38;2;138;157;190m▄▄[38;2;139;158;190m▄[48;2;139;159;190m  [38;2;140;159;191;48;2;140;159;190m▄[48;2;139;158;190m▄▄[38;2;139;158;191m▄   [38;2;140;159;191m▄  [48;2;138;157;189m [38;2;139;158;190;48;2;138;158;189m▄[48;2;139;158;190m [38;2;140;159;190m▄[38;2;139;159;191m▄[38;2;135;154;184;48;2;137;157;189m▄[0m [38;2;29;31;36m     [0m [0m
[7m[38;2;139;158;190m [0m[38;2;0;0;0;48;2;139;158;190m [48;2;138;158;189m  [38;2;138;158;189;48;2;139;158;189m▄[48;2;138;157;189m [48;2;139;158;190m [38;2;131;145;167;48;2;140;159;191m▄[38;2;185;165;137;48;2;140;160;191m▄[38;2;226;187;131;48;2;133;152;184m▄[38;2;209;176;130;48;2;136;155;187m▄[38;2;157;152;147;48;2;138;157;190m▄[38;2;136;155;186;48;2;139;158;190m▄[38;2;135;148;173;48;2;139;158;191m▄[38;2;166;154;135m▄[38;2;105;116;133;48;2;138;158;191m▄[38;2;135;154;187;48;2;138;158;190m▄[38;2;139;158;189;48;2;139;158;190m▄[38;2;140;159;190m▄[48;2;140;159;191m  [38;2;139;159;191m▄[0m[7m[38;2;112;127;153m▄[0m [38;2;0;0;0m      [0m
[38;2;110;124;151;48;2;137;157;190m▄[38;2;138;157;190;48;2;138;158;190m▄[38;2;138;157;189;48;2;138;157;190m▄[48;2;138;158;189m [38;2;138;158;189;48;2;138;158;190m▄[38;2;139;159;190;48;2;138;158;189m▄[38;2;159;155;150;48;2;131;149;177m▄[38;2;251;202;134;48;2;210;176;130m▄[38;2;251;200;131;48;2;250;200;129m▄[48;2;251;201;131m [38;2;251;201;131;48;2;252;202;134m▄[38;2;251;201;132;48;2;250;204;139m▄[38;2;249;200;132;48;2;169;156;140m▄[38;2;250;199;127;48;2;198;169;128m▄[38;2;252;202;131;48;2;250;202;130m▄[38;2;249;205;140;48;2;192;160;117m▄[38;2;138;140;146;48;2;133;151;181m▄[38;2;141;159;190;48;2;138;157;190m▄[38;2;137;157;190;48;2;139;158;190m▄[38;2;138;157;190m▄[38;2;134;151;182;48;2;140;160;192m▄[0m[7m[38;2;112;126;152m▄[0m [38;2;0;0;0m       [0m
 [38;2;70;78;96;48;2;131;149;182m▄[38;2;135;155;188;48;2;137;157;189m▄[38;2;138;157;189;48;2;139;159;190m▄[48;2;138;158;190m [38;2;125;145;176;48;2;136;156;188m▄[38;2;222;183;124;48;2;198;170;128m▄[38;2;197;162;105;48;2;251;201;131m▄[38;2;158;125;96;48;2;240;193;126m▄[38;2;205;151;131;48;2;251;201;132m▄[38;2;242;181;145;48;2;252;201;129m▄[38;2;251;201;130;48;2;252;200;130m▄[48;2;251;201;132m [38;2;251;202;134;48;2;251;202;133m▄[38;2;252;203;135;48;2;252;204;135m▄[38;2;251;197;129;48;2;248;201;131m▄[38;2;221;177;110;48;2;161;142;111m▄[38;2;122;128;136;48;2;133;150;180m▄[38;2;138;155;184;48;2;138;157;190m▄[38;2;82;93;110;48;2;132;152;185m▄[0m[7m[38;2;63;72;86m▄[0m[38;2;2;2;3m        [0m [0m
  [7m[38;2;109;123;148m▄[0m[38;2;115;131;160;48;2;137;156;189m▄[38;2;133;153;188;48;2;136;156;189m▄[38;2;122;139;168;48;2;124;141;168m▄[38;2;244;198;127;48;2;243;197;131m▄[38;2;196;162;111;48;2;169;141;97m▄[38;2;246;246;246;48;2;174;161;165m▄[38;2;239;239;239;48;2;149;133;138m▄[38;2;164;164;164;48;2;174;115;131m▄[38;2;183;158;167;48;2;231;169;156m▄[38;2;188;148;100;48;2;245;198;131m▄[38;2;243;190;121;48;2;226;178;115m▄[38;2;141;101;105;48;2;235;182;133m▄[38;2;157;143;147;48;2;223;153;166m▄[38;2;200;200;200;48;2;125;90;99m▄[38;2;153;152;153;48;2;75;79;88m▄[0m[7m[38;2;73;82;94m▄[0m [38;2;0;0;0m        [0m [38;2;90;36;18;48;2;51;32;26m▄[0m
 [38;2;0;0;0m  [0m [38;2;132;115;88;48;2;118;135;164m▄[38;2;191;164;114;48;2;120;136;159m▄[38;2;226;186;127;48;2;234;196;138m▄[38;2;250;200;129;48;2;244;197;127m▄[38;2;245;197;127;48;2;158;149;137m▄[38;2;199;167;118;48;2;243;243;243m▄[38;2;196;170;127;48;2;252;251;252m▄[38;2;220;181;122;48;2;213;211;208m▄[38;2;250;200;132;48;2;216;174;115m▄[48;2;248;195;126m▄[38;2;179;149;105;48;2;195;183;167m▄[38;2;197;177;147;48;2;248;248;249m▄[38;2;171;148;107;48;2;243;243;243m▄[0m[7m[38;2;84;83;84m▄[0m[38;2;31;27;24m          [38;2;42;33;30m▄[38;2;82;36;23;48;2;109;34;11m▄[0m
 [38;2;0;0;0m  [0m [38;2;109;94;72;48;2;172;143;98m▄[38;2;232;186;120;48;2;187;152;99m▄[38;2;249;200;130;48;2;250;198;126m▄[48;2;251;201;131m [38;2;251;201;132;48;2;251;202;134m▄[48;2;251;202;133m▄[38;2;251;202;133;48;2;251;201;132m▄[38;2;251;202;131m▄[38;2;248;198;127;48;2;251;199;128m▄[38;2;187;152;99;48;2;251;201;132m▄[38;2;196;158;102;48;2;199;163;109m▄[38;2;251;200;127;48;2;249;200;131m▄[38;2;248;204;139;48;2;246;196;125m▄[0m [38;2;40;35;29m          [0m [38;2;87;37;22;48;2;93;27;8m▄[0m
 [38;2;0;0;0m   [38;2;93;74;35m▄[38;2;208;147;14;48;2;109;90;52m▄[38;2;190;147;68;48;2;234;189;119m▄[38;2;251;203;136;48;2;251;202;132m▄[38;2;251;200;128;48;2;251;202;133m▄[38;2;185;150;98;48;2;251;200;131m▄[38;2;209;172;115;48;2;251;201;131m▄[38;2;249;200;129;48;2;251;201;130m▄[38;2;232;161;128;48;2;251;201;129m▄[38;2;219;126;129;48;2;251;200;130m▄[38;2;226;147;125;48;2;251;200;127m▄[38;2;223;133;127;48;2;251;201;130m▄[38;2;238;166;122;48;2;250;202;132m▄[38;2;203;164;104;48;2;108;90;65m▄[0m [38;2;19;19;20m          [0m [0m
 [38;2;0;0;0m   [38;2;62;59;66;48;2;132;99;27m▄[38;2;109;89;64;48;2;239;171;10m▄[38;2;202;159;93;48;2;181;136;47m▄[38;2;233;186;118;48;2;250;202;132m▄[38;2;250;203;135;48;2;251;201;129m▄[38;2;251;200;132;48;2;215;172;114m▄[38;2;251;200;133;48;2;225;180;117m▄[38;2;251;203;135;48;2;199;153;111m▄[38;2;244;182;129;48;2;181;66;114m▄[38;2;222;128;123;48;2;177;58;109m▄[38;2;137;65;92;48;2;167;51;102m▄[0m[7m[38;2;145;68;104m▄[38;2;77;42;52m▄[0m  [38;2;0;0;0m           [0m
  [38;2;49;29;66m▄[38;2;57;30;81;48;2;35;27;44m▄[38;2;52;34;75;48;2;65;60;95m▄[38;2;106;104;154;48;2;101;100;152m▄[38;2;96;94;129;48;2;164;136;99m▄[38;2;157;132;97;48;2;215;175;115m▄[38;2;229;184;116;48;2;246;199;133m▄[38;2;221;178;117;48;2;229;183;116m▄[38;2;251;201;133;48;2;251;200;131m▄[38;2;251;200;131;48;2;252;201;131m▄[38;2;211;172;114;48;2;252;202;129m▄[38;2;177;149;113;48;2;217;182;125m▄[38;2;105;106;151;48;2;94;95;125m▄[0m[38;2;44;34;57m▄[0m [38;2;26;22;29m             [0m
[38;2;52;27;73;48;2;47;42;52m▄[38;2;56;28;79;48;2;53;27;75m▄[38;2;56;28;80;48;2;56;29;81m▄[38;2;56;28;79;48;2;56;29;80m▄[38;2;55;28;78;48;2;56;30;80m▄[38;2;54;28;77;48;2;58;49;84m▄[38;2;56;47;79;48;2;63;63;95m▄[38;2;101;100;146;48;2;77;74;105m▄[38;2;111;109;157;48;2;110;98;93m▄[38;2;100;99;142;48;2;197;161;109m▄[38;2;102;95;118;48;2;251;205;140m▄[38;2;90;85;92;48;2;250;204;139m▄[38;2;105;104;147;48;2;163;136;92m▄[38;2;95;95;140;48;2;86;81;95m▄[38;2;45;37;66;48;2;95;96;142m▄[38;2;55;29;80;48;2;54;31;79m▄[38;2;57;30;82;48;2;51;29;73m▄[38;2;54;29;77;48;2;42;38;49m▄[0m [38;2;30;26;34m        [0m  [38;2;95;59;34m▄[0m
[?25h