[?25l[0m [38;2;0;0;0m        [38;2;79;87;91;48;2;96;103;107m▄[38;2;120;135;142;48;2;124;138;145m▄[38;2;121;136;143;48;2;124;137;145m▄[38;2;114;125;132;48;2;121;135;144m▄[38;2;120;129;134;48;2;122;134;140m▄[38;2;130;140;145;48;2;158;170;178m▄[38;2;136;145;149;48;2;163;174;181m▄[38;2;156;168;174;48;2;162;174;181m▄[38;2;158;171;179;48;2;160;173;180m▄[38;2;158;172;179;48;2;159;172;179m▄[38;2;159;172;179;48;2;159;172;180m▄[48;2;160;173;180m [48;2;160;173;181m [38;2;161;174;181m▄[38;2;161;175;182;48;2;159;173;181m▄[0m[38;2;73;77;78m▄     [0m
 [38;2;0;0;0m        [38;2;59;66;70;48;2;62;70;73m▄[38;2;120;135;143;48;2;120;134;143m▄[38;2;136;150;157;48;2;124;139;146m▄[38;2;159;172;179;48;2;154;167;174m▄[38;2;147;159;165;48;2;161;174;180m▄[38;2;15;17;17;48;2;161;172;179m▄[38;2;17;18;19;48;2;161;173;180m▄[38;2;28;30;30;48;2;155;168;176m▄[38;2;43;46;47m▄[38;2;65;69;72;48;2;159;171;179m▄[38;2;86;91;95;48;2;160;173;179m▄[38;2;101;107;111;48;2;160;172;180m▄[38;2;107;116;120;48;2;160;173;180m▄[38;2;126;137;143;48;2;156;169;176m▄[38;2;148;161;168;48;2;132;143;148m▄[38;2;153;167;174;48;2;96;102;104m▄[0m[38;2;127;139;145m▄[0m [38;2;20;21;21m   [0m
 [38;2;0;0;0m        [38;2;76;81;84;48;2;68;74;78m▄[38;2;123;137;145;48;2;126;139;147m▄[38;2;134;148;156;48;2;137;151;158m▄[38;2;157;170;178;48;2;156;170;177m▄[38;2;136;148;154;48;2;132;144;150m▄[38;2;1;1;1;48;2;2;2;2m▄[38;2;6;6;4;48;2;94;92;61m▄[38;2;123;121;83;48;2;189;186;124m▄[38;2;164;163;114;48;2;36;34;21m▄[38;2;146;145;98;48;2;142;140;96m▄[38;2;17;17;11;48;2;61;59;38m▄[38;2;0;0;0;48;2;3;2;1m▄[38;2;4;4;2;48;2;2;1;1m▄[38;2;151;147;98;48;2;42;41;28m▄[38;2;149;146;94;48;2;9;9;6m▄[38;2;194;190;128;48;2;13;13;10m▄[38;2;47;48;44;48;2;57;62;65m▄[38;2;65;69;72;48;2;71;75;78m▄[0m[38;2;65;69;72m   [0m
 [38;2;0;0;0m        [38;2;47;52;54;48;2;58;62;65m▄[38;2;127;142;150;48;2;121;136;145m▄[38;2;125;141;149;48;2;129;144;152m▄[38;2;117;130;136;48;2;156;169;176m▄[38;2;121;131;136;48;2;153;167;174m▄[38;2;157;169;176;48;2;76;83;86m▄[38;2;164;176;183;48;2;51;55;57m▄[38;2;159;172;180;48;2;34;36;36m▄[38;2;156;169;177;48;2;18;19;20m▄[38;2;151;164;172;48;2;4;5;5m▄[38;2;146;158;165;48;2;2;2;2m▄[38;2;137;148;155;48;2;4;3;1m▄[38;2;123;135;141m▄[38;2;114;125;130;48;2;3;3;2m▄[38;2;111;120;124;48;2;29;28;18m▄[38;2;102;111;116;48;2;17;17;11m▄[38;2;114;125;131;48;2;34;37;39m▄[0m[7m[38;2;66;70;72m▄[0m[38;2;40;42;43m   [0m
 [38;2;0;0;0m        [38;2;50;55;57;48;2;50;55;58m▄[38;2;125;139;147;48;2;123;138;147m▄[38;2;127;141;149;48;2;125;140;148m▄[38;2;124;139;147;48;2;126;141;150m▄[38;2;134;149;157;48;2;138;152;160m▄[38;2;155;169;177;48;2;135;146;153m▄[38;2;158;171;179;48;2;139;151;158m▄[38;2;159;172;179;48;2;158;171;179m▄[48;2;159;172;179m [48;2;158;171;179m▄[38;2;158;171;179;48;2;156;171;178m▄[48;2;156;170;178m▄[38;2;158;172;179;48;2;157;171;179m▄[38;2;158;172;180;48;2;159;172;179m▄[38;2;157;170;178;48;2;138;149;155m▄[38;2;74;78;81;48;2;104;112;117m▄[0m  [38;2;0;0;0m   [0m
 [38;2;0;0;0m        [0m [7m[38;2;52;56;58m▄[0m[38;2;38;43;44;48;2;90;101;106m▄[38;2;108;121;128;48;2;119;133;142m▄[38;2;142;155;162;48;2;137;151;158m▄[38;2;160;173;179;48;2;159;172;179m▄[38;2;160;173;180;48;2;158;172;179m▄[48;2;159;172;180m▄[38;2;159;173;180m▄[48;2;159;173;180m [48;2;159;172;180m▄  [38;2;158;172;180;48;2;158;171;179m▄[38;2;159;172;180;48;2;159;172;179m▄[38;2;90;96;98;48;2;66;71;73m▄[0m[38;2;90;96;98m     [0m
 [38;2;0;0;0m        [0m [38;2;85;95;100;48;2;30;32;33m▄[38;2;46;51;55;48;2;49;56;60m▄[38;2;99;112;119;48;2;101;114;121m▄[38;2;131;145;153;48;2;136;150;157m▄[38;2;158;172;178;48;2;159;172;179m▄[38;2;161;174;182;48;2;161;173;180m▄[38;2;160;173;180;48;2;159;173;180m▄[38;2;160;173;181m▄[38;2;158;172;180m▄[38;2;159;172;180;48;2;160;173;180m▄[38;2;158;172;179m▄[48;2;159;172;180m [38;2;163;175;183;48;2;160;174;181m▄[38;2;161;175;182m▄[38;2;100;105;107;48;2;98;104;106m▄[0m[38;2;100;105;107m     [0m
 [38;2;0;0;0m        [0m [38;2;105;119;126;48;2;113;127;134m▄[38;2;111;127;135;48;2;118;133;140m▄[38;2;97;110;117;48;2;104;116;123m▄[38;2;132;146;154;48;2;134;148;155m▄[38;2;144;159;165;48;2;158;171;178m▄[38;2;168;167;131;48;2;142;152;151m▄[38;2;239;233;179;48;2;165;168;146m▄[38;2;191;189;148;48;2;141;144;123m▄[38;2;247;243;199;48;2;166;169;148m▄[38;2;246;242;193;48;2;164;167;145m▄[38;2;179;177;136;48;2;132;136;121m▄[38;2;247;242;186;48;2;161;165;143m▄[38;2;182;180;145;48;2;140;144;133m▄[0m[7m[38;2;69;72;73m▄[0m [38;2;0;0;0m     [0m
 [38;2;0;0;0m        [0m [38;2;104;117;124;48;2;106;120;127m▄[38;2;116;131;140;48;2;117;132;140m▄[38;2;102;115;122;48;2;104;116;123m▄[48;2;138;152;160m [38;2;146;159;163;48;2;126;137;141m▄[38;2;166;164;133;48;2;205;201;158m▄[38;2;196;193;155;48;2;193;190;149m▄[38;2;149;147;116;48;2;148;146;116m▄[38;2;190;187;147;48;2;188;186;151m▄[38;2;188;185;146;48;2;191;189;147m▄[38;2;142;141;115;48;2;136;135;108m▄[38;2;200;197;160;48;2;188;185;149m▄[38;2;150;149;126;48;2;144;143;118m▄[0m[38;2;150;149;126m       [0m
 [38;2;0;0;0m      [0m [38;2;53;57;59m▄[38;2;122;137;144;48;2;90;99;103m▄[38;2;101;113;120;48;2;106;120;127m▄[38;2;124;137;145;48;2;119;133;143m▄[38;2;107;120;125;48;2;104;117;123m▄[38;2;100;111;116;48;2;133;147;154m▄[38;2;140;151;157;48;2;165;177;184m▄[38;2;151;165;173;48;2;142;146;133m▄[38;2;128;142;147;48;2;219;213;151m▄[38;2;123;131;126;48;2;197;193;144m▄[38;2;136;141;128;48;2;246;244;187m▄[38;2;144;149;136;48;2;245;243;200m▄[38;2;124;130;124;48;2;190;190;158m▄[38;2;138;145;139;48;2;249;247;201m▄[38;2;127;136;138;48;2;179;178;145m▄[0m[38;2;102;108;112m▄[0m [38;2;16;16;16m     [0m
 [38;2;0;0;0m   [0m [38;2;80;88;92m▄[38;2;110;125;133;48;2;46;49;50m▄[38;2;114;129;137;48;2;100;110;115m▄[38;2;119;133;141;48;2;115;128;134m▄[38;2;127;139;145;48;2;132;145;152m▄[38;2;130;144;152;48;2;100;111;117m▄[38;2;115;130;136;48;2;98;109;116m▄[38;2;96;108;112;48;2;122;136;144m▄[38;2;96;108;114;48;2;114;128;136m▄[38;2;121;136;144;48;2;96;108;113m▄[38;2;125;140;148;48;2;111;122;127m▄[38;2;129;142;148;48;2;127;138;142m▄[38;2;115;128;133;48;2;150;159;164m▄[38;2;109;121;126;48;2;152;163;168m▄[38;2;100;112;118;48;2;146;158;163m▄[38;2;98;111;117;48;2;141;153;158m▄[38;2;111;125;131;48;2;131;142;147m▄[38;2;112;125;131;48;2;119;130;134m▄[38;2;113;124;131;48;2;100;110;115m▄[38;2;94;104;110;48;2;94;102;107m▄[0m[38;2;104;114;119m▄[0m [38;2;37;38;38m   [0m
 [38;2;0;0;0m [0m [38;2;84;93;97m▄[38;2;94;105;110;48;2;97;108;113m▄[38;2;94;106;112;48;2;113;128;136m▄[48;2;117;131;139m [38;2;118;133;140m▄[38;2;117;131;139;48;2;115;130;138m▄[38;2;116;131;139;48;2;109;122;129m▄[38;2;117;132;139;48;2;116;127;132m▄[38;2;98;110;116;48;2;130;144;152m▄[38;2;99;111;117;48;2;127;141;150m▄[38;2;127;140;148;48;2;124;137;144m▄[38;2;150;163;170;48;2;102;113;117m▄[38;2;151;164;171;48;2;101;110;114m▄[38;2;145;159;166;48;2;98;107;110m▄[38;2;133;147;155;48;2;97;106;110m▄[38;2;131;146;153m▄[38;2;140;154;162;48;2;100;110;114m▄[38;2;145;159;166;48;2;102;113;117m▄[38;2;143;156;164;48;2;105;116;120m▄[38;2;134;149;156;48;2;118;131;138m▄[38;2;118;130;136;48;2;143;156;165m▄[38;2;133;147;153;48;2;116;127;133m▄[38;2;142;156;163;48;2;136;151;159m▄[38;2;144;158;165;48;2;130;143;149m▄[38;2;138;152;158;48;2;57;60;62m▄[0m[38;2;41;42;43m▄ [0m
 [38;2;0;0;0m [0m [7m[38;2;93;102;106m▄[38;2;127;140;147m▄[38;2;119;133;141m▄[0m[38;2;73;79;83;48;2;87;99;105m▄[38;2;94;102;107;48;2;120;134;143m▄[38;2;118;130;137;48;2;119;133;141m▄[38;2;117;130;138;48;2;117;131;139m▄[38;2;121;134;141;48;2;118;132;140m▄[38;2;144;157;164;48;2;120;134;142m▄[38;2;149;162;169;48;2;126;140;147m▄[38;2;147;161;168;48;2;126;138;144m▄[38;2;147;160;168;48;2;116;127;131m▄[38;2;145;158;166;48;2;121;132;137m▄[38;2;145;159;166;48;2;120;131;136m▄[38;2;150;163;170;48;2;116;128;133m▄[38;2;153;166;174m▄[38;2;149;163;171;48;2;120;132;137m▄[38;2;144;158;165;48;2;126;138;143m▄[38;2;147;161;167;48;2;120;132;136m▄[38;2;150;163;170;48;2;127;138;143m▄[38;2;149;162;168;48;2;145;158;165m▄[38;2;146;160;167;48;2;144;158;165m▄[38;2;149;163;169;48;2;145;159;166m▄[38;2;140;151;156m▄[38;2;94;101;104;48;2;119;133;139m▄[0m[7m[38;2;118;131;138m▄[0m [0m
 [38;2;0;0;0m        [0m   [7m[38;2;78;84;87m▄[38;2;95;103;107m▄[38;2;94;102;107m▄[38;2;111;119;124m▄[38;2;114;124;129m▄[38;2;114;124;130m▄[38;2;116;126;131m▄[38;2;115;125;129m▄[38;2;101;110;114m▄[38;2;98;105;110m▄[38;2;80;86;89m▄[0m   [38;2;0;0;0m    [0m
 [38;2;0;0;0m          [0m  [38;2;11;11;10m                 [0m
 [38;2;0;0;0m  [0m [38;2;140;125;56;48;2;65;61;40m▄[38;2;110;100;51;48;2;98;92;54m▄[38;2;67;61;34;48;2;79;71;33m▄[38;2;73;66;41;48;2;79;71;39m▄[38;2;78;68;33;48;2;108;93;41m▄[0m[7m[38;2;78;69;37m▄[0m[38;2;61;56;36;48;2;119;108;57m▄[38;2;62;56;33;48;2;144;126;56m▄[0m[7m[38;2;124;109;44m▄[0m [38;2;0;0;0m                [0m
 [38;2;0;0;0m  [0m  [38;2;29;76;79m▄[38;2;23;80;84m▄[38;2;19;102;106;48;2;60;54;33m▄[38;2;16;92;95;48;2;79;66;30m▄[0m[38;2;32;80;79m▄[38;2;30;69;71m▄[0m [38;2;24;27;27m                  [0m
  [38;2;28;102;104m▄[38;2;26;131;134;48;2;34;86;87m▄[38;2;26;122;124;48;2;25;120;122m▄[38;2;19;99;101;48;2;18;96;97m▄[38;2;27;123;126;48;2;24;122;125m▄[38;2;27;126;129;48;2;26;125;128m▄[38;2;27;125;128;48;2;25;124;127m▄[48;2;24;130;132m▄[38;2;26;131;133;48;2;19;101;103m▄[38;2;19;100;102;48;2;26;110;114m▄[38;2;24;113;116;48;2;35;62;64m▄[0m[38;2;33;57;60m▄[0m    [38;2;15;14;14m            [0m
 [38;2;20;116;119;48;2;32;90;91m▄[38;2;23;123;126;48;2;23;125;127m▄[38;2;23;126;130;48;2;25;128;131m▄[38;2;19;108;112;48;2;21;109;112m▄[38;2;27;128;131;48;2;24;124;128m▄[38;2;33;102;97;48;2;27;126;129m▄[38;2;81;88;58;48;2;28;128;132m▄[38;2;138;90;29;48;2;26;124;126m▄[38;2;161;81;6;48;2;24;119;119m▄[38;2;180;84;2;48;2;24;120;120m▄[38;2;198;94;2;48;2;24;94;90m▄[38;2;211;102;1;48;2;86;82;47m▄[38;2;205;101;1;48;2;162;84;10m▄[38;2;207;101;1;48;2;208;103;2m▄[38;2;212;105;1;48;2;197;99;4m▄[38;2;205;102;3;48;2;123;79;43m▄[0m[38;2;180;90;7m▄[38;2;127;72;27m▄[0m [38;2;24;20;18m          [0m
[?25h