[?25l[0m[38;2;131;139;151;48;2;123;130;141m▄[38;2;133;141;153;48;2;98;103;111m▄[38;2;133;141;152;48;2;112;115;126m▄[38;2;104;110;119;48;2;143;147;161m▄[38;2;100;106;114;48;2;159;163;182m▄[38;2;105;109;118;48;2;160;165;183m▄[38;2;113;117;127;48;2;161;166;184m▄[38;2;125;128;138m▄[38;2;140;144;157m▄[38;2;148;152;166m▄[38;2;149;153;168m▄[38;2;150;154;169;48;2;160;165;183m▄[38;2;149;153;168;48;2;160;164;182m▄[38;2;145;149;163m▄[38;2;133;137;150;48;2;160;165;183m▄[38;2;116;120;132;48;2;159;164;182m▄[38;2;105;109;119m▄[38;2;100;105;114;48;2;160;165;182m▄[38;2;99;105;113;48;2;162;166;183m▄[38;2;111;119;129;48;2;128;133;146m▄[38;2;116;125;136;48;2;105;111;120m▄[38;2;86;92;100;48;2;58;62;67m▄[38;2;109;117;128;48;2;95;102;111m▄[38;2;107;116;126;48;2;105;113;124m▄[38;2;108;116;127;48;2;105;112;124m▄[38;2;106;114;124;48;2;98;106;115m▄[0m[38;2;79;85;90m▄[0m [38;2;6;6;6m  [0m
[38;2;73;75;78;48;2;132;140;152m▄[38;2;72;74;77;48;2;133;141;153m▄[38;2;70;72;75;48;2;132;139;151m▄[0m[7m[38;2;134;141;153m▄[38;2;134;141;152m▄[38;2;134;142;153m▄[0m[38;2;73;76;79;48;2;138;145;155m▄[38;2;71;74;78;48;2;129;136;146m▄[38;2;70;73;77;48;2;114;121;130m▄[38;2;71;74;78;48;2;107;113;121m▄[38;2;73;75;79;48;2;101;107;114m▄[0m[7m[38;2;101;106;114m▄[38;2;102;108;116m▄[0m[38;2;72;75;78;48;2;109;115;123m▄[38;2;70;73;76;48;2;116;123;133m▄[38;2;71;74;78;48;2;128;137;147m▄[0m[7m[38;2;132;140;152m▄[38;2;129;137;150m▄[0m[38;2;70;73;76;48;2;129;137;150m▄[38;2;69;72;75;48;2;130;138;150m▄[0m[7m[38;2;92;98;105m▄[38;2;106;114;125m▄[38;2;109;118;128m▄[38;2;110;117;128m▄[38;2;67;72;77m▄[38;2;58;63;67m▄[38;2;53;59;63m▄[0m [38;2;6;6;6m  [0m
 [38;2;0;0;0m            [0m      [38;2;1;1;1m           [0m
 [38;2;0;0;0m        [0m [38;2;46;38;49m▄[38;2;118;79;133m▄[38;2;134;84;152;48;2;61;48;66m▄[38;2;134;84;153;48;2;104;73;117m▄[38;2;135;85;154;48;2;119;79;136m▄[38;2;135;86;154;48;2;131;88;151m▄[38;2;135;85;154;48;2;125;83;143m▄[38;2;135;86;154;48;2;107;71;122m▄[38;2;137;88;156;48;2;103;79;112m▄[0m[38;2;133;86;152m▄[38;2;91;67;101m▄[38;2;64;41;66m▄[38;2;78;55;84m▄[38;2;62;49;67m▄[0m  [38;2;1;1;1m    [0m
 [38;2;0;0;0m       [0m [38;2;124;80;141;48;2;61;51;66m▄[38;2;136;84;155;48;2;127;80;144m▄[38;2;135;85;154;48;2;136;85;155m▄[38;2;135;84;154;48;2;135;85;154m▄  [38;2;136;85;155m▄[48;2;136;86;155m  [38;2;136;87;155;48;2;136;87;156m▄[48;2;135;86;155m▄[38;2;136;87;156;48;2;135;85;155m▄[38;2;135;87;154;48;2;84;52;95m▄[38;2;124;81;139;48;2;87;53;93m▄[38;2;141;93;160;48;2;144;98;162m▄[38;2;117;77;130;48;2;76;56;80m▄[38;2;60;32;60;48;2;69;47;70m▄[38;2;123;77;139;48;2;55;43;58m▄[0m[38;2;50;43;53m▄  [0m
 [38;2;0;0;0m      [0m [38;2;129;81;148;48;2;98;68;109m▄[38;2;135;84;155;48;2;136;84;155m▄[38;2;137;85;155;48;2;136;85;155m▄[38;2;136;86;154;48;2;136;85;154m▄ [48;2;135;85;154m▄[38;2;136;87;155;48;2;136;86;154m▄[38;2;137;87;155;48;2;136;86;155m▄[38;2;137;88;156m▄[48;2;137;87;155m▄[48;2;137;88;156m [48;2;136;87;156m▄[48;2;137;88;156m  [38;2;138;88;156;48;2;137;89;157m▄[38;2;138;89;157;48;2;139;90;158m▄[38;2;139;89;158;48;2;138;91;158m▄[38;2;138;89;158;48;2;110;71;124m▄[38;2;140;90;160;48;2;134;86;153m▄[38;2;131;87;150;48;2;89;65;100m▄[0m[38;2;117;81;132m▄[0m [0m
 [38;2;0;0;0m     [0m [38;2;85;60;95;48;2;79;56;88m▄[38;2;126;78;142;48;2;137;86;156m▄[38;2;136;86;154m▄[48;2;137;86;155m  [38;2;137;87;155;48;2;136;86;154m▄[48;2;136;86;155m▄[48;2;136;87;155m▄[48;2;137;88;155m▄ [48;2;137;88;156m   [38;2;138;88;157m▄[38;2;138;89;157m▄[48;2;138;89;157m [38;2;137;89;157;48;2;138;88;157m▄[48;2;138;89;157m▄[48;2;138;89;158m [48;2;139;90;159m [38;2;139;90;158;48;2;138;90;158m▄[38;2;135;89;153;48;2;134;88;151m▄[0m [0m
 [38;2;0;0;0m    [0m [38;2;109;72;123;48;2;45;38;47m▄[38;2;135;86;154;48;2;116;73;132m▄[38;2;137;87;155;48;2;137;88;155m▄[48;2;137;88;156m [38;2;138;88;156m▄[38;2;137;88;156;48;2;137;87;156m▄▄ [38;2;137;87;156;48;2;136;87;155m▄[38;2;137;88;156;48;2;136;87;156m▄[38;2;136;87;155;48;2;137;87;155m▄[38;2;125;81;141;48;2;137;87;156m▄[38;2;128;82;145;48;2;137;87;155m▄[38;2;137;88;156;48;2;138;88;156m▄[48;2;138;89;157m  [38;2;138;89;158m▄[38;2;138;90;158;48;2;137;89;157m▄[38;2;139;90;158;48;2;138;89;157m▄[38;2;138;90;157;48;2;138;90;158m▄[38;2;137;90;155;48;2;139;91;158m▄[38;2;112;76;127;48;2;126;84;143m▄[0m[7m[38;2;94;70;101m▄[0m [0m
 [38;2;0;0;0m    [38;2;42;35;44m▄[38;2;108;67;124;48;2;132;84;152m▄[38;2;133;84;153;48;2;136;87;156m▄[38;2;137;86;156;48;2;137;87;156m▄[38;2;138;88;157;48;2;137;88;156m▄[38;2;138;88;158;48;2;138;88;156m▄[48;2;138;88;157m [38;2;138;88;157;48;2;137;88;156m▄[38;2;137;88;157;48;2;137;87;156m▄[38;2;138;88;158;48;2;137;88;156m▄[38;2;140;91;159m▄[38;2;106;70;121;48;2;116;75;132m▄[38;2;139;90;158;48;2;115;76;132m▄[38;2;140;90;159;48;2;142;92;161m▄[48;2;139;89;158m [48;2;138;89;157m [48;2;139;90;158m [48;2;139;90;159m [38;2;138;90;158;48;2;139;90;158m▄[38;2;140;93;160;48;2;140;91;159m▄[38;2;98;64;111;48;2;113;75;127m▄[38;2;72;51;78;48;2;102;65;113m▄[0m[7m[38;2;56;43;63m▄[0m [38;2;0;0;0m [0m
 [38;2;0;0;0m  [0m [38;2;90;64;99m▄[38;2;131;84;150;48;2;112;78;126m▄[38;2;134;88;155;48;2;128;85;146m▄[38;2;137;88;156;48;2;136;87;155m▄[48;2;137;87;156m▄[38;2;136;86;154;48;2;138;86;157m▄[38;2;119;77;134;48;2;137;87;156m▄[38;2;131;85;149;48;2;137;88;156m▄[38;2;139;89;159;48;2;138;89;158m▄[38;2;139;90;161m▄[38;2;131;86;153;48;2;137;88;157m▄[38;2;135;87;155;48;2;117;77;134m▄[38;2;138;89;158;48;2;118;78;135m▄[38;2;140;90;160;48;2;140;92;160m▄[48;2;139;90;158m [38;2;140;91;159;48;2;139;90;157m▄[38;2;142;92;160;48;2;140;90;158m▄[38;2;142;93;161;48;2;141;91;160m▄[38;2;104;69;119;48;2;110;73;126m▄[38;2;121;76;133;48;2;139;90;157m▄[38;2;44;24;45;48;2;91;57;100m▄[0m[7m[38;2;52;42;57m▄[0m [38;2;0;0;0m   [0m
 [38;2;0;0;0m   [38;2;61;64;51;48;2;59;45;62m▄[38;2;220;236;158;48;2;147;151;110m▄[38;2;180;195;119;48;2;159;165;115m▄[38;2;202;216;136;48;2;122;93;123m▄[38;2;112;86;112;48;2;136;87;155m▄[38;2;135;86;154;48;2;140;89;158m▄[38;2;106;69;121;48;2;106;69;120m▄[38;2;117;100;110;48;2;135;86;154m▄[38;2;208;222;141;48;2;113;91;112m▄[38;2;184;198;119;48;2;161;168;116m▄[38;2;217;234;148;48;2;182;194;129m▄[38;2;175;190;124;48;2;127;110;116m▄[38;2;131;84;149;48;2;138;89;158m▄[38;2;137;89;157;48;2;138;89;157m▄[38;2;141;92;160;48;2;140;90;158m▄[38;2;131;90;147;48;2;142;92;160m▄[38;2;128;87;142;48;2;144;96;161m▄[38;2;79;48;86;48;2;129;86;143m▄[38;2;59;45;63;48;2;96;66;106m▄[0m[7m[38;2;44;33;45m▄[0m [38;2;0;0;0m     [0m
 [38;2;0;0;0m   [0m [38;2;137;145;101;48;2;219;234;159m▄[38;2;217;233;151;48;2;117;124;80m▄[38;2;221;237;157;48;2;221;236;153m▄[38;2;150;155;114;48;2;150;157;111m▄[38;2;129;82;149;48;2;131;83;151m▄[38;2;124;81;143;48;2;129;85;150m▄[38;2;174;182;123;48;2;177;185;125m▄[38;2;218;233;151;48;2;212;225;149m▄[38;2;208;224;144;48;2;118;127;76m▄[38;2;201;216;144;48;2;216;234;148m▄[38;2;110;89;104;48;2;166;178;117m▄[38;2;128;82;146;48;2;135;89;154m▄[38;2;140;91;158;48;2;139;90;158m▄[38;2;140;90;159;48;2;141;91;159m▄[38;2;139;89;157;48;2;140;91;158m▄[38;2;106;69;121;48;2;88;57;99m▄[0m[7m[38;2;53;32;57m▄[0m [38;2;0;0;0m       [0m
 [38;2;0;0;0m    [7m[38;2;88;67;91m▄[0m[38;2;94;62;109;48;2;125;102;120m▄[38;2;129;83;148;48;2;126;109;112m▄[38;2;126;80;143;48;2;96;68;105m▄[38;2;141;91;161;48;2;136;88;158m▄[38;2;136;87;157;48;2;135;87;156m▄[38;2;125;81;144;48;2;89;65;93m▄[38;2;101;65;113;48;2;134;121;114m▄[38;2;111;74;124;48;2;137;121;120m▄[38;2;118;77;134;48;2;120;88;127m▄[38;2;138;90;158;48;2;100;62;111m▄[38;2;139;90;159;48;2;136;88;156m▄[38;2;140;90;160;48;2;140;91;160m▄[38;2;139;91;158;48;2;141;92;160m▄[38;2;102;69;116;48;2;143;94;161m▄[38;2;103;76;115;48;2;116;79;131m▄[0m [38;2;6;6;6m        [0m
 [38;2;0;0;0m    [0m [7m[38;2;91;64;103m▄[0m[38;2;133;88;154;48;2;138;89;158m▄[38;2;139;90;160;48;2;112;75;129m▄[38;2;136;87;156;48;2;136;89;157m▄[38;2;135;86;155;48;2;112;73;127m▄[38;2;137;88;158;48;2;135;87;156m▄[38;2;138;89;158;48;2;137;88;157m▄[38;2;138;88;157m▄[48;2;138;89;157m [38;2;139;90;158;48;2;140;90;159m▄[38;2;140;90;159;48;2;140;91;160m▄[38;2;140;91;159m▄[38;2;133;88;152;48;2;141;92;160m▄[38;2;69;55;76;48;2;95;66;109m▄[0m[7m[38;2;47;41;51m▄[0m[38;2;4;4;4m         [0m
 [38;2;0;0;0m     [0m [38;2;112;73;130;48;2;108;72;125m▄[38;2;135;86;155;48;2;136;87;156m▄[38;2;137;87;157;48;2;137;88;158m▄[48;2;138;88;158m [38;2;138;88;157m▄[38;2;137;87;156;48;2;137;88;157m▄[48;2;138;88;157m [38;2;140;89;159;48;2;139;89;158m▄[38;2;139;90;158;48;2;139;90;159m▄[48;2;140;90;159m [38;2;140;91;160;48;2;138;90;158m▄[38;2;126;83;144;48;2;134;87;153m▄[0m [38;2;26;25;26m          [0m
 [38;2;0;0;0m     [0m [38;2;93;69;105;48;2;130;83;149m▄[38;2;86;68;94;48;2;128;84;147m▄[38;2;94;69;105;48;2;134;86;154m▄[38;2;90;59;102;48;2;133;84;152m▄[38;2;101;67;115;48;2;132;84;150m▄[38;2;129;85;147;48;2;121;76;137m▄[38;2;136;90;155;48;2;95;60;105m▄[38;2;123;80;141;48;2;130;83;148m▄[38;2;138;89;158;48;2;137;88;157m▄[48;2;139;89;158m [38;2;139;89;158;48;2;141;92;160m▄[38;2;106;68;121;48;2;116;78;132m▄[0m   [38;2;2;2;2m        [0m
 [38;2;0;0;0m       [0m  [38;2;45;36;27;48;2;87;65;97m▄[38;2;67;43;58;48;2;125;82;139m▄[38;2;102;65;113;48;2;140;90;159m▄[38;2;123;80;139;48;2;139;90;158m▄[38;2;141;91;160;48;2;139;90;159m▄[38;2;140;90;160;48;2;140;91;160m▄[48;2;140;90;160m [38;2;140;91;160;48;2;139;90;159m▄[38;2;117;77;135;48;2;108;70;125m▄[38;2;54;24;54;48;2;47;22;34m▄[38;2;55;24;53;48;2;71;42;28m▄[38;2;53;22;48;48;2;88;64;31m▄[38;2;93;57;25;48;2;56;43;26m▄[0m[38;2;104;73;32m▄      [0m
 [38;2;0;0;0m       [38;2;122;83;26m▄[38;2;80;43;30;48;2;97;64;25m▄[38;2;55;22;52;48;2;55;24;34m▄[38;2;49;19;46;48;2;49;20;45m▄[38;2;56;29;55;48;2;63;35;65m▄[38;2;72;37;73;48;2;59;33;61m▄[38;2;137;87;155;48;2;140;90;159m▄[38;2;140;91;159;48;2;141;91;160m▄[38;2;144;94;163;48;2;142;92;161m▄[38;2;124;81;141;48;2;141;91;161m▄[38;2;110;74;99;48;2;131;86;151m▄[38;2;105;66;32;48;2;46;21;45m▄[38;2;155;99;23;48;2;53;22;50m▄[38;2;180;115;25;48;2;76;44;31m▄[38;2;184;118;25;48;2;155;100;24m▄[38;2;63;48;30;48;2;109;78;35m▄[0m[38;2;63;48;30m      [0m
 [38;2;0;0;0m       [7m[38;2;87;62;26m▄[0m[38;2;177;112;22;48;2;182;116;24m▄[38;2;172;111;24;48;2;116;72;23m▄[38;2;62;13;28;48;2;48;19;39m▄[38;2;52;17;23;48;2;70;22;36m▄[38;2;67;20;25;48;2;81;32;49m▄[38;2;73;26;43;48;2;121;76;133m▄[38;2;161;101;23;48;2;123;78;81m▄[38;2;184;116;24;48;2;136;87;38m▄[38;2;185;117;25;48;2;160;103;23m▄[38;2;184;118;26;48;2;178;115;26m▄[38;2;182;116;26;48;2;180;116;26m▄[38;2;168;107;24;48;2;183;117;26m▄[38;2;129;81;16;48;2;184;117;26m▄[38;2;169;107;21;48;2;145;93;18m▄[0m[38;2;127;84;30m▄[0m  [38;2;3;3;3m    [0m
[?25h