[?25l[0m[38;2;140;44;14;48;2;134;63;40m▄[38;2;137;44;15;48;2;96;46;30m▄[38;2;132;41;15;48;2;73;38;27m▄[38;2;131;40;13;48;2;50;30;24m▄[0m[38;2;134;42;15m▄[38;2;124;40;14m▄[38;2;112;43;21m▄[38;2;114;53;35m▄[38;2;94;48;33m▄[38;2;59;35;26m▄[0m [38;2;20;20;20m  [0m [38;2;183;76;31;48;2;126;62;36m▄[38;2;193;80;33;48;2;185;77;32m▄[38;2;89;56;42;48;2;74;47;38m▄[0m[38;2;89;56;42m             [0m
[38;2;114;33;11;48;2;137;42;14m▄[38;2;129;39;13;48;2;135;42;14m▄[38;2;142;44;14;48;2;133;41;14m▄[38;2;139;42;13;48;2;133;41;13m▄[38;2;136;40;13;48;2;136;42;13m▄[38;2;138;42;13;48;2;137;43;14m▄[38;2;137;41;13;48;2;138;43;14m▄[38;2;135;40;13;48;2;139;43;14m▄[38;2;136;40;13;48;2;138;42;14m▄[38;2;137;41;12;48;2;130;40;13m▄[38;2;137;40;12;48;2;98;48;35m▄[0m[38;2;130;44;14m▄[38;2;190;78;29m▄[38;2;165;68;28;48;2;140;68;39m▄[38;2;184;73;30;48;2;184;74;32m▄[38;2;180;72;30;48;2;187;76;32m▄[38;2;51;38;33;48;2;85;54;42m▄[0m[38;2;51;38;33m             [0m
[38;2;248;246;167;48;2;133;92;52m▄[38;2;214;213;149;48;2;113;56;27m▄[38;2;141;139;100;48;2;98;28;6m▄[38;2;227;225;163;48;2;104;28;5m▄[38;2;114;81;52;48;2;107;29;6m▄[38;2;85;18;4;48;2;113;32;7m▄[38;2;88;19;3;48;2;113;29;8m▄[38;2;107;68;41;48;2;110;28;8m▄[38;2;117;78;50;48;2;121;34;11m▄[38;2;84;23;8;48;2;140;43;12m▄[38;2;104;34;13;48;2;142;43;11m▄[38;2;88;19;3;48;2;135;39;11m▄[38;2;88;20;4;48;2;139;50;17m▄[38;2;159;65;23;48;2;188;78;29m▄[38;2;169;66;24;48;2;194;76;30m▄[38;2;118;62;43;48;2;169;66;28m▄[0m [38;2;3;3;3m             [0m
[38;2;203;193;136;48;2;248;248;177m▄[38;2;250;248;183;48;2;250;250;180m▄[38;2;250;248;173;48;2;249;249;173m▄[38;2;201;195;128;48;2;249;248;170m▄[38;2;77;30;14;48;2;140;111;75m▄[38;2;183;67;25;48;2;132;44;17m▄[38;2;187;73;30;48;2;111;41;19m▄[38;2;206;193;140;48;2;226;226;153m▄[38;2;251;250;182;48;2;246;245;166m▄[38;2;250;249;171;48;2;149;148;100m▄[38;2;249;248;175;48;2;246;244;179m▄[38;2;119;114;91;48;2;119;95;64m▄[0m[7m[38;2;136;49;19m▄[38;2;156;66;29m▄[38;2;98;59;42m▄[0m [38;2;0;0;0m              [0m
[38;2;134;39;11;48;2;135;44;17m▄[38;2;129;37;12;48;2;128;73;42m▄[38;2;127;36;13;48;2;124;72;42m▄[38;2;128;38;11;48;2;125;42;15m▄[38;2;110;30;8;48;2;96;25;7m▄[38;2;144;50;18;48;2;168;59;21m▄[38;2;177;67;27;48;2;180;68;27m▄[38;2;138;46;17;48;2;144;102;65m▄[38;2;133;41;13;48;2;220;219;162m▄[38;2;107;42;21;48;2;238;238;171m▄[0m[7m[38;2;165;164;121m▄[0m [38;2;0;0;0m                  [0m
[38;2;127;35;12;48;2;129;36;12m▄[38;2;130;37;12m▄[38;2;131;38;11;48;2;131;37;12m▄[38;2;132;38;12;48;2;129;38;11m▄[38;2;107;29;8;48;2;107;28;6m▄[38;2;122;41;13;48;2;133;46;17m▄[38;2;165;63;24;48;2;185;70;29m▄[38;2;137;52;18;48;2;145;52;20m▄[38;2;113;32;12;48;2;138;40;12m▄[0m[7m[38;2;77;40;30m▄[0m[38;2;27;23;22m                    [0m
[38;2;130;37;12;48;2;129;37;12m▄[38;2;132;37;11;48;2;131;37;12m▄[38;2;130;36;11;48;2;130;37;12m▄[38;2;130;37;11;48;2;128;36;12m▄[38;2;130;37;12;48;2;131;37;13m▄[38;2;131;37;11;48;2;133;38;12m▄[38;2;130;36;11;48;2;126;36;12m▄[38;2;126;35;10;48;2;119;33;11m▄[38;2;45;25;21;48;2;95;40;26m▄[0m [38;2;0;0;0m                    [0m
[38;2;218;215;164;48;2;143;94;61m▄[38;2;180;177;123;48;2;120;53;27m▄[38;2;239;239;166;48;2;112;36;14m▄[38;2;128;123;84;48;2;114;32;10m▄[38;2;199;198;143;48;2;126;37;13m▄[38;2;102;87;67;48;2;136;39;12m▄[38;2;58;35;28;48;2;134;38;11m▄[38;2;60;42;37;48;2;109;34;15m▄[0m [38;2;0;0;0m                     [0m
[38;2;105;31;9;48;2;132;94;54m▄[38;2;102;45;22;48;2;127;106;73m▄[38;2;125;48;17;48;2;170;156;110m▄[38;2;119;36;7;48;2;93;47;27m▄[38;2;79;45;30;48;2;156;154;121m▄[0m [38;2;1;1;1m                        [0m
[38;2;132;38;11;48;2;126;36;11m▄[38;2;132;39;12;48;2;118;33;10m▄[38;2;129;37;12;48;2;110;31;10m▄[38;2;122;35;11;48;2;108;30;10m▄[38;2;80;38;28;48;2;100;30;12m▄[0m [38;2;1;1;1m                        [0m
[38;2;113;34;13;48;2;129;38;11m▄[38;2;108;30;8;48;2;127;37;10m▄[38;2;107;34;11;48;2;131;38;12m▄[38;2;82;44;32;48;2;117;39;17m▄[0m [38;2;0;0;0m                         [0m
[7m[38;2;85;58;51m▄[38;2;94;41;24m▄[38;2;72;37;27m▄[0m [38;2;8;9;9m                          [0m
[38;2;114;39;15;48;2;66;38;31m▄[0m [38;2;19;18;17m                            [0m
[38;2;132;41;13;48;2;134;43;13m▄[38;2;108;32;9;48;2;77;33;19m▄[0m[38;2;129;43;15m▄[0m [38;2;34;25;22m                          [0m
[38;2;130;40;13;48;2;133;40;12m▄[38;2;122;38;11;48;2;117;35;9m▄[38;2;162;55;17;48;2;151;49;17m▄[38;2;97;40;24;48;2;81;40;27m▄[0m [38;2;11;10;10m                         [0m
[7m[38;2;133;57;36m▄[38;2;104;48;31m▄[38;2;118;55;35m▄[0m  [38;2;0;0;0m               [0m   [38;2;23;23;22m       [0m
 [38;2;0;0;0m                  [0m [38;2;143;81;41;48;2;104;68;43m▄[38;2;145;85;44;48;2;146;87;46m▄[38;2;140;83;41;48;2;127;82;49m▄[0m [38;2;37;31;27m      [0m
 [38;2;0;0;0m              [0m [38;2;114;86;62m▄[38;2;162;109;62m▄[38;2;170;112;62;48;2;66;54;45m▄[38;2;166;109;60;48;2;101;79;60m▄[38;2;164;109;60;48;2;117;71;36m▄[38;2;166;110;60;48;2;121;72;34m▄[38;2;168;112;61;48;2;126;76;37m▄[38;2;172;116;65;48;2;77;62;48m▄[0m[38;2;163;112;65m▄[38;2;100;75;52m▄[0m [38;2;22;21;20m   [0m
 [38;2;0;0;0m            [0m [38;2;138;97;60m▄[38;2;169;112;63;48;2;139;97;57m▄[38;2;170;113;63;48;2;173;115;63m▄[38;2;171;113;63;48;2;171;113;62m▄[38;2;171;113;62;48;2;170;112;62m▄[38;2;170;113;62;48;2;169;111;62m▄[48;2;169;112;62m▄[38;2;170;113;63m▄[48;2;170;113;63m [48;2;171;114;64m [38;2;171;115;64;48;2;170;114;64m▄[38;2;172;116;66;48;2;169;114;65m▄[38;2;173;117;67;48;2;133;96;61m▄[0m[38;2;140;101;64m▄[0m [38;2;13;13;12m [0m
 [38;2;0;0;0m           [0m [38;2;140;99;64;48;2;84;65;48m▄[38;2;172;115;64;48;2;172;115;65m▄[38;2;172;114;63;48;2;171;114;63m▄[38;2;171;113;63m▄[48;2;171;113;63m [48;2;171;114;63m [38;2;172;114;63m▄[38;2;172;115;63m▄[38;2;172;115;64m▄▄[48;2;171;114;64m▄[38;2;173;115;64;48;2;172;115;64m▄[48;2;173;116;65m [38;2;172;116;65;48;2;174;117;66m▄[38;2;170;115;67;48;2;174;118;68m▄[38;2;136;101;69;48;2;65;50;36m▄[0m [0m
 [38;2;0;0;0m           [0m [38;2;170;113;60;48;2;161;107;60m▄[38;2;172;114;62;48;2;170;113;63m▄▄▄[38;2;171;114;62;48;2;171;114;63m▄[38;2;167;110;61;48;2;172;115;64m▄[38;2;156;102;57m▄▄[38;2;156;103;57m▄[38;2;161;106;59;48;2;173;115;64m▄[38;2;165;109;60;48;2;174;116;64m▄[38;2;163;108;60m▄[38;2;159;104;59;48;2;171;115;64m▄[38;2;157;103;58;48;2;170;114;65m▄[38;2;164;108;59;48;2;171;116;66m▄[38;2;159;106;55;48;2;157;110;64m▄[0m [0m
[?25h