[?25l[0m[7m[38;2;92;91;93m▄[38;2;94;94;96m▄[38;2;88;88;89m▄[38;2;93;92;95m▄[38;2;93;93;96m▄[38;2;93;92;95m▄▄[38;2;94;94;97m▄[38;2;94;93;96m▄[38;2;93;92;95m▄[38;2;93;93;96m▄[38;2;95;94;97m▄[38;2;96;96;98m▄[38;2;94;93;96m▄[38;2;91;91;94m▄[38;2;80;79;81m▄[38;2;96;95;97m▄[38;2;96;96;98m▄[38;2;94;94;97m▄[38;2;94;93;96m▄[38;2;93;93;96m▄▄[38;2;96;95;98m▄[0m  [7m[38;2;97;96;98m▄[38;2;95;94;97m▄[0m [38;2;0;0;0m  [0m
 [38;2;0;0;0m                             [0m
 [38;2;0;0;0m      [38;2;73;58;31m▄[38;2;195;132;15;48;2;106;83;42m▄[0m[38;2;84;65;33m▄  [0m [38;2;173;118;17m▄[38;2;70;57;33m▄               [0m
 [38;2;0;0;0m [0m [38;2;191;130;13;48;2;91;72;38m▄[0m[38;2;120;85;21m▄[0m  [38;2;84;65;33m▄[38;2;197;132;20;48;2;140;95;21m▄[38;2;192;129;20;48;2;70;55;31m▄[0m[38;2;112;83;35m▄[38;2;96;73;36m▄[38;2;174;114;17;48;2;52;42;25m▄[38;2;114;87;39;48;2;167;116;15m▄[0m [38;2;0;0;0m               [0m
 [38;2;0;0;0m [0m [7m[38;2;64;54;35m▄[0m[38;2;112;79;28;48;2;144;94;18m▄[38;2;172;109;10;48;2;137;93;26m▄[38;2;145;91;7;48;2;116;81;26m▄[38;2;142;91;6;48;2;165;108;13m▄[38;2;138;94;9;48;2;158;104;11m▄[38;2;133;94;5;48;2;157;103;11m▄[38;2;121;89;4;48;2;149;98;9m▄[38;2;123;88;5;48;2;141;89;9m▄[38;2;140;93;6;48;2;145;95;9m▄[38;2;107;75;27;48;2;96;75;37m▄[0m[38;2;107;75;27m                [0m
 [38;2;0;0;0m   [38;2;53;44;26;48;2;51;41;29m▄[38;2;99;92;4;48;2;148;95;5m▄[38;2;122;121;5;48;2;128;100;4m▄[38;2;126;125;6;48;2;115;107;5m▄[38;2;124;122;5;48;2;122;119;4m▄[38;2;122;121;6;48;2;122;120;5m▄[38;2;123;122;6;48;2;125;123;6m▄[38;2;126;125;8;48;2;130;127;7m▄[38;2;125;124;8;48;2;130;129;7m▄[38;2;119;119;8;48;2;97;96;12m▄[0m[38;2;111;109;9m▄[38;2;51;49;27m▄[0m [38;2;0;0;0m             [0m
 [38;2;0;0;0m  [0m [38;2;126;125;10;48;2;92;92;24m▄[38;2;113;115;7;48;2;123;124;6m▄[38;2;115;115;7;48;2;122;120;4m▄[38;2;124;122;5;48;2;123;121;5m▄[38;2;125;125;6;48;2;124;123;5m▄[38;2;125;124;6;48;2;124;123;6m▄[38;2;115;113;6;48;2;123;122;6m▄[38;2;100;98;4;48;2;124;123;7m▄[38;2;114;113;4;48;2;123;123;7m▄[38;2;106;104;5;48;2;121;120;6m▄[38;2;124;122;7;48;2;124;122;6m▄[38;2;133;133;7;48;2;126;127;9m▄[0m[38;2;112;111;13m▄[38;2;92;91;33m▄[0m [38;2;25;26;20m           [0m
 [38;2;0;0;0m [0m [38;2;110;110;10;48;2;84;82;27m▄[38;2;105;105;6;48;2;114;115;7m▄[38;2;132;133;5;48;2;110;110;5m▄[38;2;109;108;26;48;2;123;123;6m▄[38;2;144;141;51;48;2;120;119;5m▄[38;2;138;136;40;48;2;126;124;5m▄[38;2;118;116;22;48;2;126;124;6m▄[38;2;117;114;8;48;2;122;121;7m▄[38;2;131;128;6;48;2;123;120;7m▄[38;2;126;122;5;48;2;113;109;5m▄[38;2;117;115;6;48;2;116;114;7m▄[38;2;115;114;11;48;2;126;125;8m▄[38;2;133;131;35;48;2;130;127;8m▄[38;2;164;161;61;48;2;132;129;6m▄[38;2;177;172;70;48;2;128;125;4m▄[38;2;95;93;47;48;2;98;97;34m▄[0m[38;2;95;93;47m           [0m
  [38;2;112;112;20;48;2;68;66;31m▄[38;2;128;128;7;48;2;121;121;6m▄[38;2;121;120;6;48;2;113;113;6m▄[38;2;134;131;37;48;2;119;118;16m▄[38;2;248;234;101;48;2;236;227;104m▄[38;2;249;236;110;48;2;248;237;113m▄[38;2;236;228;113;48;2;246;237;110m▄[38;2;119;116;51;48;2;216;210;94m▄[38;2;247;236;107;48;2;237;229;102m▄[38;2;248;236;106;48;2;195;188;84m▄[38;2;161;153;62;48;2;89;85;25m▄[38;2;153;145;54;48;2;140;134;49m▄[38;2;249;236;110;48;2;234;225;98m▄[38;2;249;239;108;48;2;248;238;110m▄[38;2;104;101;42;48;2;197;190;83m▄[38;2;246;234;99;48;2;247;235;99m▄[38;2;235;226;97;48;2;197;191;87m▄[0m [38;2;29;28;26m          [0m
 [38;2;88;87;28;48;2;47;47;31m▄[38;2;126;124;6;48;2;129;128;7m▄[38;2;128;126;7;48;2;129;129;7m▄[38;2;126;125;7;48;2;128;127;7m▄[38;2;117;116;11;48;2;138;134;37m▄[38;2;208;200;87;48;2;248;236;107m▄[38;2;249;236;107;48;2;249;237;112m▄[38;2;246;233;106;48;2;235;227;111m▄[38;2;201;192;86;48;2;108;104;46m▄[38;2;248;235;105;48;2;248;236;109m▄[38;2;242;232;107;48;2;248;237;107m▄[38;2;90;84;25;48;2;156;150;59m▄[38;2;135;128;48;48;2;143;135;47m▄[38;2;245;235;100;48;2;248;234;99m▄[38;2;247;235;99;48;2;247;237;98m▄[38;2;237;224;95;48;2;116;111;47m▄[38;2;225;217;98;48;2;247;235;103m▄[38;2;118;115;41;48;2;213;206;99m▄[0m [38;2;28;28;28m          [0m
[38;2;88;75;19m▄[38;2;126;124;5;48;2;117;114;10m▄[38;2;125;123;6;48;2;126;124;6m▄[38;2;126;125;6;48;2;127;126;6m▄[38;2;127;126;6;48;2;128;126;7m▄[48;2;126;125;7m▄[38;2;126;124;6;48;2;115;112;13m▄[38;2;123;121;6;48;2;149;144;47m▄[38;2;121;119;5;48;2;178;170;67m▄[38;2;122;119;3;48;2;181;173;74m▄[38;2;109;107;4;48;2;168;162;62m▄[38;2;111;110;5;48;2;121;118;27m▄[38;2;124;124;7;48;2;102;99;7m▄[38;2;126;125;7;48;2;120;119;9m▄[38;2;123;123;6;48;2;114;114;16m▄[38;2;123;122;6;48;2;145;142;39m▄[38;2;109;108;6;48;2;129;127;27m▄[38;2;100;100;4;48;2;111;110;9m▄[38;2;122;123;6;48;2;100;100;6m▄[38;2;124;125;15;48;2;53;53;23m▄[0m [38;2;42;41;29m         [0m
[38;2;127;125;4;48;2;104;96;4m▄[38;2;130;128;5;48;2;128;126;5m▄[38;2;128;127;6;48;2;126;124;6m▄[38;2;126;125;6;48;2;125;124;6m▄[48;2;125;123;6m [38;2;125;123;5;48;2;126;125;6m▄[38;2;125;124;6m▄[38;2;124;124;5;48;2;125;125;5m▄[38;2;124;123;5;48;2;112;111;5m▄[38;2;125;123;5;48;2;101;101;4m▄[38;2;125;123;6;48;2;113;111;5m▄[48;2;124;122;5m▄[38;2;125;124;6;48;2;126;125;7m▄▄[48;2;124;123;7m▄[48;2;124;122;6m▄[38;2;124;123;6;48;2;125;124;6m▄[48;2;126;125;5m▄[38;2;124;124;6;48;2;126;126;6m▄[38;2;123;122;6;48;2;126;126;7m▄[38;2;121;121;5;48;2;107;106;18m▄[0m[38;2;98;98;24m▄[0m [38;2;10;11;10m       [0m
[38;2;126;125;5;48;2;122;120;5m▄[38;2;126;125;7;48;2;126;124;6m▄[38;2;126;124;7;48;2;128;127;6m▄[38;2;128;126;5m▄[38;2;128;127;5;48;2;127;126;5m▄[38;2;113;113;5;48;2;124;123;5m▄[38;2;122;121;6;48;2;123;122;6m▄ [38;2;125;124;6;48;2;125;124;5m▄[38;2;127;126;6;48;2;126;125;5m▄[48;2;126;126;6m▄[38;2;126;125;6;48;2;125;124;6m▄▄▄[38;2;126;124;6m▄[48;2;126;125;6m [38;2;125;124;6;48;2;125;125;6m▄[38;2;124;123;6;48;2;124;124;6m▄[48;2;123;122;6m▄[48;2;123;122;5m▄[38;2;126;125;6;48;2;124;124;6m▄[38;2;128;127;6;48;2;126;126;6m▄[38;2;127;129;7;48;2;91;90;23m▄[0m[38;2;80;81;18m▄[0m [38;2;22;22;22m     [0m
[38;2;124;122;4;48;2;130;130;4m▄[38;2;137;137;5;48;2;130;129;6m▄[38;2;103;100;6;48;2;122;120;6m▄[38;2;123;121;7;48;2;103;101;6m▄[38;2;114;113;6;48;2;123;122;5m▄[38;2;114;113;5;48;2;132;130;6m▄[38;2;113;111;6;48;2;128;127;6m▄[38;2;111;109;6;48;2;126;125;6m▄[38;2;116;114;6;48;2;127;126;6m▄[38;2;122;119;7;48;2;126;125;6m▄[38;2;125;122;7;48;2;126;124;6m▄[38;2;128;126;6;48;2;127;126;7m▄[38;2;131;130;7;48;2;128;127;7m▄[38;2;129;129;8m▄[48;2;126;125;6m [38;2;124;123;6;48;2;125;124;6m▄[38;2;123;122;6;48;2;124;124;6m▄[38;2;124;124;5;48;2;124;123;6m▄[38;2;125;125;5;48;2;124;124;6m▄[48;2;124;123;6m▄[38;2;121;120;5;48;2;125;124;6m▄[38;2;121;118;6;48;2;125;125;6m▄[38;2;108;107;8;48;2;128;128;7m▄[38;2;81;81;28;48;2;126;129;7m▄[0m[7m[38;2;57;57;32m▄[0m[38;2;8;8;7m     [0m
[38;2;113;94;8;48;2;101;95;5m▄[38;2;123;121;4;48;2;121;121;5m▄[38;2;106;104;2;48;2;118;116;3m▄[38;2;125;124;4;48;2;118;117;6m▄[38;2;129;128;6;48;2;94;93;6m▄[38;2;133;132;8;48;2;122;122;7m▄[38;2;117;116;27;48;2;155;152;81m▄[38;2;187;183;124;48;2;228;224;162m▄[38;2;121;118;5;48;2;105;100;41m▄[38;2;164;162;91;48;2;162;159;102m▄[38;2;217;213;154;48;2;171;167;102m▄[38;2;118;116;10;48;2;99;96;21m▄[38;2;123;122;5;48;2;102;99;3m▄[38;2;122;121;6;48;2;100;99;4m▄[38;2;127;125;6;48;2;103;101;3m▄[38;2;129;127;5;48;2;99;98;2m▄[38;2;129;128;5;48;2;98;96;4m▄[38;2;128;127;5;48;2;100;98;3m▄[38;2;122;121;4;48;2;100;99;3m▄[38;2;119;120;3;48;2;101;100;5m▄[38;2;113;109;6;48;2;87;87;8m▄[38;2;176;171;111;48;2;163;163;103m▄[38;2;114;80;28;48;2;113;98;58m▄[0m [38;2;24;25;25m      [0m
[38;2;147;94;12;48;2;128;93;10m▄[38;2;114;109;2;48;2;124;121;3m▄[38;2;123;121;4;48;2;105;103;5m▄[38;2;125;124;5;48;2;127;125;5m▄[38;2;127;125;6;48;2;129;128;6m▄[48;2;130;129;7m▄[38;2;127;125;7;48;2;126;124;8m▄[38;2;127;125;6;48;2;109;108;14m▄[48;2;130;127;5m▄[38;2;126;125;7;48;2;123;123;22m▄[48;2;131;130;57m▄[38;2;125;124;6;48;2;126;125;5m▄[38;2;125;125;6;48;2;124;123;6m▄▄[38;2;124;124;6;48;2;124;123;7m▄[48;2;124;123;6m [38;2;124;123;6;48;2;125;124;6m▄[38;2;124;124;6;48;2;125;124;5m▄[38;2;125;125;6;48;2;124;124;5m▄[38;2;111;108;4;48;2;98;97;4m▄[38;2;73;36;8;48;2;58;35;6m▄[38;2;168;107;14;48;2;144;93;21m▄[38;2;82;63;39;48;2;120;84;31m▄[0m [38;2;0;0;0m      [0m
[38;2;159;100;15;48;2;171;109;15m▄[38;2;126;86;10;48;2;106;89;4m▄[38;2;124;122;3;48;2;125;122;3m▄[38;2;126;123;5;48;2;126;124;5m▄[38;2;127;125;6;48;2;126;125;6m▄[48;2;127;125;6m  [38;2;126;125;6;48;2;127;126;7m▄[48;2;126;125;7m▄[38;2;126;125;7;48;2;126;124;6m▄[38;2;126;125;6;48;2;125;124;6m▄[38;2;126;125;7;48;2;126;125;6m▄[48;2;126;125;7m  [48;2;126;124;6m▄[38;2;127;126;7;48;2;125;124;6m▄[38;2;126;125;7;48;2;124;124;6m▄[38;2;125;124;7;48;2;123;123;7m▄[48;2;125;124;7m [38;2;99;92;5;48;2;105;102;4m▄[38;2;169;109;10;48;2;109;65;9m▄[38;2;124;66;13;48;2;145;93;11m▄[38;2;150;31;36;48;2;97;32;30m▄[0m[38;2;120;39;42m▄[0m [38;2;21;19;20m     [0m
[38;2;85;19;9;48;2;116;64;10m▄[38;2;172;109;13;48;2;166;106;13m▄[38;2;122;87;8;48;2;107;97;3m▄[38;2;127;124;5;48;2;126;124;5m▄[38;2;127;125;5;48;2;126;125;6m▄[48;2;127;125;6m▄[38;2;127;125;6;48;2;126;125;6m▄[48;2;126;124;6m [48;2;125;124;6m [38;2;125;124;6;48;2;125;125;7m▄[38;2;126;124;7;48;2;126;125;7m▄ [38;2;119;118;6;48;2;127;126;7m▄[38;2;116;114;6;48;2;127;126;8m▄[38;2;128;126;7;48;2;127;126;7m▄[38;2;127;125;7;48;2;128;126;7m▄[38;2;118;116;7m▄[38;2;100;98;5;48;2;128;126;6m▄[38;2;102;99;7;48;2;127;126;6m▄[38;2;92;76;7;48;2;104;81;7m▄[38;2;104;64;9;48;2;169;109;9m▄[38;2;146;27;30;48;2;126;35;21m▄[38;2;153;30;34;48;2;155;31;33m▄[38;2;157;32;36;48;2;153;32;37m▄[38;2;154;33;36;48;2;101;43;45m▄[0m [38;2;40;25;26m    [0m
[38;2;78;8;10;48;2;97;9;12m▄[38;2;79;13;8;48;2;118;65;10m▄[38;2;157;102;13;48;2;163;105;14m▄[38;2;130;90;12;48;2;111;101;5m▄[38;2;125;123;5;48;2;128;125;5m▄[38;2;129;127;7;48;2;127;125;6m▄▄[38;2;128;126;7m▄[38;2;127;125;7;48;2;126;125;7m▄[38;2;126;126;7;48;2;125;124;7m▄[38;2;99;96;4;48;2;125;123;6m▄[38;2;121;120;7;48;2;99;97;5m▄[38;2;122;121;7;48;2;110;108;5m▄[38;2;93;91;3;48;2;100;98;3m▄[38;2;109;107;5;48;2;102;101;5m▄[38;2;84;81;2;48;2;123;121;4m▄[38;2;111;105;5;48;2;93;90;6m▄[38;2;102;96;6;48;2;115;115;6m▄[38;2;79;70;4;48;2;117;115;7m▄[38;2;110;109;2;48;2;124;122;4m▄[38;2;131;130;4;48;2;116;113;5m▄[38;2;131;129;7;48;2;104;52;14m▄[38;2;104;69;12;48;2;149;29;33m▄[38;2;151;28;33;48;2;155;30;36m▄[38;2;156;30;36;48;2;154;31;36m▄[38;2;155;31;36;48;2;111;35;38m▄[0m[38;2;50;29;30m▄   [0m
[38;2;152;30;36;48;2;138;26;32m▄[48;2;83;12;15m▄[38;2;111;22;26;48;2;82;42;7m▄[38;2;122;67;15;48;2;173;112;17m▄[38;2;154;101;16;48;2;110;92;8m▄[38;2;111;104;7;48;2;131;127;6m▄[38;2;123;121;6;48;2;128;126;7m▄[38;2;124;124;6;48;2;128;127;7m▄[38;2;106;105;4;48;2;131;130;6m▄[38;2;114;110;3;48;2;108;106;5m▄[38;2;128;125;6;48;2;118;115;4m▄[38;2;126;124;5;48;2;129;127;6m▄[38;2;90;89;3;48;2;116;116;7m▄[38;2;94;92;4;48;2;89;89;5m▄[38;2;102;100;4;48;2;113;112;5m▄[38;2;103;101;5;48;2;110;108;3m▄[38;2;98;94;4;48;2;108;103;4m▄[38;2;117;112;4;48;2;96;86;5m▄[38;2;130;128;6;48;2;102;97;5m▄[38;2;123;122;7;48;2;111;108;5m▄[38;2;125;123;7;48;2;125;122;6m▄[38;2;127;125;7;48;2;125;123;6m▄[38;2;126;125;6;48;2;126;124;6m▄[38;2;124;125;5;48;2;103;64;12m▄[38;2;89;29;14;48;2;157;29;36m▄[38;2;162;31;36;48;2;160;32;37m▄[38;2;159;33;37;48;2;123;37;39m▄[0m[38;2;45;23;25m▄  [0m
[38;2;153;31;37;48;2;152;31;36m▄[38;2;153;30;36;48;2;152;30;36m▄[38;2;152;30;35m▄[38;2;148;29;33;48;2;147;29;33m▄[38;2;143;28;32;48;2;114;33;23m▄[38;2;132;26;29;48;2;91;52;11m▄[38;2;66;17;13;48;2;106;103;3m▄[38;2;96;94;3;48;2;107;105;3m▄[38;2;130;128;4;48;2;109;106;3m▄[38;2;130;127;6;48;2;129;127;6m▄[38;2;128;126;7;48;2;130;127;6m▄[38;2;126;124;7;48;2;129;127;7m▄[38;2;125;123;7;48;2;129;128;6m▄[38;2;125;124;6;48;2;130;128;6m▄[38;2;120;117;6;48;2;124;123;6m▄[38;2;86;80;5;48;2;123;122;7m▄[38;2;103;99;6;48;2;130;128;7m▄[38;2;122;118;5;48;2;118;115;4m▄[38;2;78;66;6;48;2;117;113;5m▄[38;2;82;57;10;48;2;121;118;7m▄[38;2;129;128;7;48;2;127;125;6m▄[38;2;129;127;6;48;2;129;126;7m▄[38;2;131;129;7;48;2;131;129;6m▄[38;2;133;132;6;48;2;135;134;6m▄[38;2;108;88;8;48;2;107;76;8m▄[38;2;110;20;22;48;2;116;21;25m▄[38;2;148;28;33;48;2;148;29;33m▄[38;2;148;31;35;48;2;111;33;36m▄[0m [38;2;50;33;34m [0m
[38;2;155;31;37;48;2;153;31;36m▄[48;2;152;31;37m [38;2;142;29;33;48;2;150;31;36m▄[38;2;111;22;25;48;2;153;29;35m▄[38;2;142;28;33;48;2;125;23;27m▄[38;2;159;31;36;48;2;130;24;28m▄[38;2;118;54;18;48;2;118;51;21m▄[38;2;131;127;4;48;2;124;120;5m▄[38;2;127;124;5;48;2;126;123;6m▄[48;2;128;125;6m [38;2;128;125;6;48;2;127;125;7m▄[48;2;126;124;7m▄[38;2;127;125;7;48;2;126;124;6m▄[38;2;94;87;5;48;2;120;119;3m▄[38;2;90;34;17;48;2;83;42;15m▄[38;2;106;27;27;48;2;102;28;28m▄[38;2;103;26;24;48;2;75;36;11m▄[38;2;105;28;25;48;2;61;35;7m▄[38;2;93;74;10;48;2;78;29;13m▄[38;2;131;131;6;48;2;113;105;8m▄[38;2;137;135;6;48;2;134;133;5m▄[38;2;132;131;6;48;2;131;130;6m▄[38;2;128;127;7;48;2;129;128;7m▄[38;2;119;118;7;48;2;127;126;8m▄[38;2;96;29;20;48;2;97;65;12m▄[38;2;136;29;35;48;2;129;26;30m▄[38;2;123;24;27;48;2;142;26;30m▄[38;2;165;32;37;48;2;163;32;37m▄[38;2;145;34;37;48;2;104;37;39m▄[0m [0m
[?25h