[?25l[0m [38;2;0;0;0m    [0m [38;2;53;55;46m▄[38;2;109;116;75m▄[38;2;132;142;78m▄[38;2;143;156;80m▄[38;2;142;154;81m▄[38;2;125;134;80m▄[38;2;67;70;52m▄[0m [38;2;15;15;15m            [0m
 [38;2;0;0;0m  [0m [38;2;105;113;68m▄[38;2;166;180;90;48;2;102;109;70m▄[38;2;166;180;91;48;2;164;178;94m▄[48;2;165;179;90m▄[38;2;165;180;90;48;2;164;178;88m▄[38;2;166;180;90;48;2;164;178;89m▄[38;2;167;181;92;48;2;165;179;90m▄[38;2;168;182;94;48;2;167;181;92m▄[38;2;167;182;93;48;2;167;181;93m▄[38;2;166;181;91;48;2;121;129;77m▄[0m[38;2;133;144;81m▄[0m [38;2;31;32;28m          [0m
 [38;2;0;0;0m [0m [38;2;144;156;82;48;2;79;83;59m▄[38;2;167;182;92;48;2;168;183;95m▄[38;2;167;181;91;48;2;166;181;91m▄[38;2;166;181;91;48;2;165;180;90m▄[38;2;167;181;92m▄[48;2;166;181;91m▄[38;2;167;182;92;48;2;166;181;92m▄[38;2;167;181;92;48;2;167;182;92m▄[38;2;167;182;92;48;2;167;181;93m▄[48;2;167;182;93m [38;2;166;181;92;48;2;166;181;91m▄[38;2;165;180;90;48;2;165;181;90m▄[38;2;164;180;88;48;2;120;130;73m▄[0m[38;2;81;86;55m▄[0m [38;2;3;3;3m        [0m
  [38;2;121;130;78;48;2;71;74;51m▄[38;2;168;182;92;48;2;167;181;93m▄[38;2;167;181;92;48;2;167;181;91m▄▄[38;2;167;181;91;48;2;167;181;92m▄   [48;2;166;181;92m [38;2;167;181;93m▄ [38;2;166;180;92m▄[38;2;166;181;92;48;2;165;180;92m▄[48;2;165;180;91m▄[38;2;167;182;93;48;2;155;169;86m▄[0m[38;2;118;127;75m▄[0m [38;2;15;15;15m       [0m
  [38;2;158;172;87;48;2;139;150;76m▄[38;2;166;180;90;48;2;167;181;91m▄[38;2;167;180;91;48;2;167;181;92m▄   [38;2;167;182;93m▄ [38;2;166;181;92;48;2;167;181;93m▄[38;2;166;180;92;48;2;166;181;92m▄ [48;2;165;180;92m▄[38;2;166;180;91;48;2;166;181;92m▄[38;2;165;180;92m▄[48;2;165;180;91m [38;2;164;179;90;48;2;162;176;88m▄[38;2;124;134;73;48;2;54;56;41m▄[0m [38;2;14;14;15m      [0m
 [38;2;64;67;51;48;2;52;53;43m▄[38;2;168;182;94;48;2;167;181;93m▄[38;2;167;181;92;48;2;167;181;91m▄[38;2;168;181;92;48;2;167;181;92m▄[38;2;168;181;93m▄▄[48;2;167;181;93m▄ [38;2;167;181;92;48;2;167;180;92m▄[48;2;166;181;92m▄[48;2;167;181;92m [48;2;166;181;92m [38;2;166;181;92;48;2;166;180;92m▄[48;2;166;181;92m [38;2;166;181;91;48;2;165;180;91m▄ [38;2;165;180;91;48;2;164;179;90m▄[38;2;165;180;92;48;2;163;178;91m▄[38;2;132;143;79;48;2;66;69;51m▄[0m [38;2;17;17;17m     [0m
 [38;2;68;69;56;48;2;64;66;50m▄[38;2;165;178;89;48;2;167;180;92m▄[48;2;167;181;92m▄[38;2;167;181;92;48;2;168;182;92m▄[38;2;164;176;91;48;2;169;182;95m▄[38;2;128;137;69;48;2;152;163;84m▄[38;2;167;181;92;48;2;160;172;89m▄[48;2;167;181;92m [38;2;166;181;92m▄ [38;2;167;181;93m▄[38;2;166;181;93;48;2;167;181;93m▄[38;2;167;182;93m▄[38;2;166;181;93m▄[48;2;166;181;93m [48;2;166;180;92m▄[48;2;166;181;93m [38;2;166;182;93;48;2;166;181;94m▄[48;2;167;182;94m [38;2;137;150;85;48;2;70;72;52m▄[0m [38;2;14;14;14m    [0m
 [7m[38;2;41;42;33m▄[0m[38;2;162;174;92;48;2;163;175;88m▄[38;2;168;181;94;48;2;165;178;90m▄[38;2;167;181;92;48;2;168;181;93m▄[38;2;166;180;92;48;2;138;149;76m▄[38;2;165;179;90;48;2;161;173;89m▄[38;2;166;180;91;48;2;167;181;92m▄[38;2;167;180;91;48;2;166;180;91m▄[48;2;167;181;92m [38;2;167;181;94m▄[38;2;167;182;93;48;2;166;181;93m▄[38;2;167;182;94;48;2;167;181;93m▄[48;2;167;182;93m▄ [38;2;167;182;93;48;2;166;181;93m▄[48;2;166;182;93m▄[38;2;167;182;92;48;2;167;181;92m▄[38;2;167;182;93;48;2;167;181;93m▄[38;2;168;183;93;48;2;165;181;91m▄[38;2;169;184;93;48;2;166;183;91m▄[38;2;154;169;86;48;2;58;60;47m▄[0m[38;2;85;90;57m▄[0m [38;2;8;8;8m  [0m
  [38;2;130;140;75;48;2;152;163;87m▄[38;2;167;181;93;48;2;167;180;93m▄[38;2;165;180;90;48;2;165;179;91m▄[38;2;166;180;92m▄[38;2;167;181;93m▄[38;2;169;184;96;48;2;168;182;94m▄[38;2;119;127;65;48;2;169;182;94m▄[38;2;136;140;84m▄[38;2;144;149;88;48;2;169;183;95m▄[38;2;144;152;81m▄[38;2;161;173;88;48;2;167;182;93m▄[38;2;165;180;90m▄[38;2;166;181;92;48;2;167;182;92m▄[38;2;168;182;94m▄[38;2;163;176;91;48;2;167;182;93m▄[38;2;159;172;89;48;2;168;182;93m▄[48;2;169;184;94m [38;2;168;183;94;48;2;170;185;95m▄[38;2;169;184;97;48;2;169;184;95m▄[38;2;147;158;87;48;2;167;182;94m▄[38;2;128;136;76;48;2;162;178;92m▄[38;2;55;56;45;48;2;55;57;46m▄[0m[38;2;55;56;45m  [0m
  [38;2;89;93;61;48;2;121;129;77m▄[38;2;166;180;90;48;2;166;180;91m▄[48;2;167;182;91m [38;2;166;182;91;48;2;168;183;92m▄[38;2;167;183;94;48;2;168;183;94m▄[38;2;134;144;76;48;2;163;176;90m▄[38;2;244;242;167;48;2;176;175;112m▄[38;2;252;251;168;48;2;248;247;167m▄[38;2;193;192;126;48;2;249;248;160m▄[38;2;235;233;146;48;2;244;243;150m▄[38;2;191;190;117;48;2;186;185;111m▄[38;2;212;209;130;48;2;147;153;83m▄[38;2;202;201;129;48;2;152;164;84m▄[38;2;134;138;82;48;2;175;187;97m▄[38;2;131;142;73;48;2;158;169;89m▄[38;2;113;123;61;48;2;134;145;72m▄[38;2;164;166;108;48;2;167;180;91m▄[38;2;218;217;144;48;2;140;150;76m▄[38;2;239;238;153;48;2;160;163;100m▄[38;2;144;144;91;48;2;220;218;147m▄[38;2;250;248;163;48;2;238;237;163m▄[38;2;187;186;128;48;2;103;102;81m▄[0m [38;2;23;23;23m [0m
 [38;2;0;0;0m [7m[38;2;53;55;41m▄[0m[38;2;150;164;83;48;2;167;181;91m▄[38;2;166;181;91;48;2;165;180;90m▄[38;2;166;182;92m▄[38;2;167;183;94;48;2;166;182;92m▄[38;2;153;166;86;48;2;129;137;74m▄[38;2;188;187;116;48;2;245;243;165m▄[38;2;249;246;150;48;2;251;248;160m▄[38;2;149;149;92;48;2;147;147;94m▄[38;2;235;233;153;48;2;226;224;150m▄[38;2;181;180;119;48;2;194;192;124m▄[38;2;195;193;129;48;2;189;187;121m▄[38;2;251;249;163;48;2;252;249;167m▄[38;2;170;170;105;48;2;191;191;120m▄[38;2;157;172;87;48;2;154;168;85m▄[38;2;136;147;76;48;2;134;144;76m▄[38;2;243;241;161;48;2;248;246;159m▄[38;2;221;219;142;48;2;221;220;143m▄[38;2;183;182;117;48;2;184;184;118m▄[38;2;141;140;89;48;2;123;124;80m▄[38;2;245;243;162;48;2;245;244;160m▄[38;2;129;127;96;48;2;189;188;126m▄[0m [38;2;2;2;2m [0m
 [38;2;0;0;0m [0m [38;2;96;103;63;48;2;131;142;81m▄[38;2;166;181;93;48;2;167;182;94m▄[38;2;166;181;92;48;2;168;183;92m▄[48;2;167;182;92m▄[38;2;166;180;92;48;2;165;180;91m▄[38;2;165;180;89;48;2;141;151;77m▄[38;2;163;177;89;48;2;177;177;107m▄[38;2;142;151;79;48;2;238;237;142m▄[38;2;157;162;92;48;2;250;247;153m▄[38;2;164;168;97;48;2;229;227;144m▄[38;2;137;144;76;48;2;241;240;161m▄[38;2;106;111;58;48;2;207;206;133m▄[38;2;159;172;86;48;2;134;141;76m▄[38;2;164;179;86;48;2;166;180;90m▄[38;2;164;180;87;48;2;164;178;90m▄[38;2;117;127;61;48;2;162;163;105m▄[38;2;127;132;71;48;2;243;241;160m▄[38;2;137;145;79;48;2;242;241;156m▄[38;2;134;144;78;48;2;226;225;145m▄[38;2;152;167;93;48;2;160;161;104m▄[0m   [0m
   [38;2;39;37;29;48;2;62;64;44m▄[38;2;167;182;95;48;2;165;181;91m▄[38;2;168;182;94;48;2;165;180;90m▄[38;2;168;182;93;48;2;166;180;92m▄[38;2;169;183;94;48;2;167;181;92m▄[38;2;169;184;94;48;2;168;182;93m▄[48;2;169;184;94m [38;2;169;184;93;48;2;170;185;96m▄[38;2;167;183;91;48;2;169;184;93m▄[38;2;166;182;90;48;2;162;178;87m▄[38;2;167;183;91;48;2;135;149;74m▄[38;2;167;183;92;48;2;152;166;85m▄[38;2;168;183;93;48;2;171;184;96m▄[38;2;168;183;94;48;2;130;141;73m▄[38;2;165;181;91;48;2;152;166;83m▄[38;2;164;179;89;48;2;143;156;77m▄[38;2;165;180;91;48;2;161;176;88m▄[38;2;166;182;94;48;2;166;181;93m▄[38;2;168;184;96;48;2;164;179;94m▄[38;2;117;126;76;48;2;104;110;74m▄[0m [7m[38;2;117;111;99m▄[0m [0m
[38;2;34;7;9m▄[38;2;40;1;1;48;2;33;16;16m▄[38;2;35;0;0;48;2;29;1;3m▄[38;2;27;1;1;48;2;23;5;4m▄[38;2;119;127;67;48;2;147;160;82m▄[38;2;159;170;89;48;2;169;184;94m▄[38;2;158;171;89;48;2;170;184;95m▄[38;2;172;186;97;48;2;170;185;95m▄[38;2;158;169;88;48;2;169;183;93m▄[38;2;130;138;72;48;2;167;182;91m▄[38;2;135;144;76m▄[38;2;129;140;73m▄[38;2;141;152;78;48;2;167;183;91m▄[38;2;149;160;80;48;2;168;183;92m▄[38;2;156;169;86;48;2;167;183;92m▄[38;2;155;167;85;48;2;165;181;91m▄[38;2;153;166;82;48;2;164;179;90m▄[38;2;155;167;84;48;2;164;180;91m▄[38;2;159;173;88;48;2;166;183;93m▄[48;2;167;182;94m▄[38;2;152;166;80;48;2;164;180;92m▄[38;2;142;154;79;48;2;163;179;90m▄[38;2;123;132;80;48;2;164;180;90m▄[0m[7m[38;2;58;60;47m▄[0m[38;2;30;31;27m  [0m
[38;2;44;2;11;48;2;21;3;5m▄[38;2;25;0;1;48;2;32;0;0m▄[38;2;34;0;0;48;2;35;0;0m▄[38;2;38;2;1;48;2;39;1;1m▄[38;2;101;96;51;48;2;110;112;58m▄[38;2;122;131;67;48;2;119;128;67m▄[38;2;152;168;83;48;2;161;177;87m▄[38;2;7;8;3;48;2;93;101;52m▄[38;2;19;18;13;48;2;7;8;4m▄[38;2;39;37;27;48;2;22;22;16m▄[38;2;34;34;24;48;2;216;218;162m▄[38;2;68;67;50;48;2;40;40;29m▄[38;2;13;13;8;48;2;88;88;66m▄[38;2;32;32;23;48;2;182;184;142m▄[38;2;32;31;24;48;2;19;20;12m▄[38;2;31;31;22;48;2;132;135;99m▄[38;2;19;19;12;48;2;79;81;57m▄[38;2;23;23;17;48;2;125;126;96m▄[38;2;118;117;95;48;2;119;120;100m▄[38;2;74;74;67;48;2;144;145;114m▄[0m[7m[38;2;90;90;80m▄[0m  [38;2;0;0;0m   [0m
[38;2;52;31;34;48;2;64;26;33m▄[38;2;68;1;16;48;2;55;0;11m▄[38;2;54;0;11;48;2;23;0;0m▄[38;2;22;2;1;48;2;32;2;1m▄[38;2;80;82;44;48;2;88;86;46m▄[38;2;156;168;84;48;2;121;131;66m▄[38;2;165;179;91;48;2;164;179;89m▄[38;2;171;185;97;48;2;66;72;37m▄[38;2;160;173;90;48;2;126;125;95m▄[38;2;153;165;86;48;2;145;143;111m▄[38;2;152;164;84;48;2;43;42;29m▄[38;2;150;162;83;48;2;196;195;153m▄[38;2;151;163;83;48;2;33;33;23m▄[38;2;153;165;85;48;2;71;71;52m▄[38;2;157;169;88;48;2;142;142;105m▄[38;2;157;169;90;48;2;19;18;11m▄[38;2;153;166;88;48;2;163;160;111m▄[38;2;148;162;84;48;2;40;39;24m▄[38;2;148;161;84;48;2;163;162;112m▄[38;2;147;162;85;48;2;94;100;60m▄[0m[38;2;36;35;32m▄     [0m
 [38;2;65;5;17;48;2;62;4;17m▄[38;2;78;0;16;48;2;70;0;15m▄[48;2;62;1;13m▄[38;2;75;2;18;48;2;73;63;33m▄[38;2;69;28;23;48;2;161;174;89m▄[38;2;115;118;60;48;2;168;182;92m▄[38;2;165;178;90;48;2;166;181;92m▄[38;2;169;183;91;48;2;168;183;93m▄[38;2;168;184;91;48;2;171;185;93m▄[38;2;170;186;96;48;2;170;184;92m▄[38;2;161;177;90;48;2;168;183;93m▄[38;2;171;184;98;48;2;167;182;93m▄[38;2;168;183;95;48;2;166;181;92m▄[38;2;163;179;89;48;2;165;180;91m▄[38;2;135;147;74;48;2;163;178;89m▄[38;2;164;182;93;48;2;164;181;92m▄[38;2;160;175;89;48;2;159;175;89m▄[38;2;27;13;6;48;2;89;95;46m▄[38;2;12;0;0;48;2;36;30;15m▄[38;2;42;25;27;48;2;55;28;30m▄[0m [38;2;4;4;4m    [0m
[38;2;30;24;25m▄[38;2;45;14;19;48;2;72;33;41m▄[38;2;74;0;16;48;2;75;1;17m▄[38;2;75;0;17;48;2;75;0;16m▄[38;2;76;1;17;48;2;75;0;17m▄[38;2;78;0;18;48;2;76;1;17m▄[48;2;74;2;17m▄[38;2;77;1;18;48;2;62;20;19m▄[38;2;78;1;18;48;2;101;91;48m▄[38;2;70;3;17;48;2;131;142;71m▄[38;2;68;19;18;48;2;174;189;99m▄[38;2;71;46;29;48;2;140;150;75m▄[38;2;99;93;49;48;2;171;184;98m▄[38;2;158;174;87;48;2;169;183;97m▄[38;2;137;150;77;48;2;161;177;91m▄[38;2;128;133;69;48;2;126;139;68m▄[38;2;79;62;36;48;2;165;183;89m▄[38;2;59;9;15;48;2;99;106;52m▄[38;2;83;1;18;48;2;29;2;3m▄[38;2;66;30;37;48;2;57;3;12m▄[0m [38;2;3;3;3m     [0m
[38;2;71;0;15;48;2;67;2;15m▄[38;2;65;0;14;48;2;56;0;10m▄[38;2;50;0;9;48;2;68;0;13m▄[38;2;71;0;13;48;2;78;0;18m▄[38;2;82;0;18m▄[38;2;79;0;17;48;2;79;1;18m▄[38;2;78;0;17;48;2;79;0;17m▄[48;2;78;0;18m▄[38;2;77;0;17;48;2;77;1;18m▄[38;2;75;0;17;48;2;74;1;17m▄[38;2;74;0;17;48;2;73;0;16m▄[38;2;72;0;16;48;2;69;0;16m▄[38;2;73;0;16;48;2;65;2;16m▄[38;2;41;6;9;48;2;82;81;37m▄[38;2;35;16;8;48;2;84;89;41m▄[38;2;82;1;15;48;2;74;28;21m▄[38;2;75;0;15;48;2;74;1;16m▄[38;2;66;1;15;48;2;69;1;15m▄[38;2;49;29;34;48;2;64;7;19m▄[0m [38;2;1;1;1m      [0m
[38;2;67;1;13;48;2;69;0;15m▄[38;2;77;0;16m▄[38;2;74;0;16;48;2;72;0;15m▄[38;2;71;0;15;48;2;62;1;12m▄[38;2;59;1;11;48;2;62;1;11m▄[38;2;52;0;9;48;2;76;0;16m▄[38;2;50;1;9;48;2;75;0;17m▄[38;2;57;0;11;48;2;75;0;16m▄[38;2;77;0;15m▄[38;2;82;0;17;48;2;76;0;16m▄[48;2;77;0;17m▄[38;2;80;0;16;48;2;76;0;16m▄[38;2;77;0;16;48;2;78;0;16m▄[38;2;71;0;15;48;2;58;3;12m▄[38;2;65;0;14;48;2;53;5;11m▄[38;2;66;0;14;48;2;73;0;15m▄[38;2;62;1;13;48;2;69;0;14m▄[38;2;52;1;10;48;2;50;1;10m▄[38;2;77;0;17;48;2;43;10;18m▄[38;2;93;16;5;48;2;58;32;27m▄[0m[38;2;128;32;7m▄[38;2;99;35;21m▄[38;2;52;35;31m▄[0m [38;2;1;2;2m  [0m
[38;2;117;25;6;48;2;84;12;7m▄[38;2;60;2;11;48;2;80;0;17m▄[38;2;67;0;14;48;2;73;0;15m▄[38;2;50;1;10;48;2;59;1;12m▄[38;2;70;1;15;48;2;63;0;12m▄[38;2;76;1;18;48;2;55;0;10m▄[38;2;74;0;17;48;2;54;1;11m▄[38;2;73;1;17;48;2;59;0;12m▄[38;2;74;0;17;48;2;54;1;11m▄[38;2;75;0;17;48;2;58;1;10m▄[48;2;63;1;11m▄[38;2;76;0;17;48;2;60;1;11m▄[38;2;78;0;17;48;2;56;1;11m▄[38;2;77;0;17;48;2;53;1;10m▄[38;2;73;0;16;48;2;49;1;9m▄[38;2;69;1;16;48;2;49;1;11m▄[38;2;71;0;16;48;2;47;2;10m▄[38;2;61;1;12;48;2;67;2;13m▄[38;2;83;0;17;48;2;81;0;17m▄[38;2;67;4;9;48;2;79;10;8m▄[38;2;123;29;6;48;2;130;31;6m▄[38;2;120;28;7;48;2;121;29;7m▄[38;2;118;28;7;48;2;115;28;8m▄[0m[38;2;63;44;41m▄  [0m
[38;2;116;27;7;48;2;117;27;6m▄[38;2;68;13;5;48;2;57;8;7m▄[38;2;73;0;14;48;2;63;0;14m▄[38;2;60;0;11;48;2;51;1;10m▄[38;2;77;0;16;48;2;77;0;17m▄ [38;2;76;0;17;48;2;77;0;18m▄[48;2;76;0;17m [48;2;75;0;17m▄[38;2;75;0;16m▄[38;2;75;0;17;48;2;74;1;17m▄[38;2;75;0;16;48;2;74;0;17m▄[38;2;74;0;16;48;2;75;0;17m▄[38;2;75;0;16m▄[48;2;74;0;16m▄[48;2;73;0;17m▄[38;2;77;1;17;48;2;77;0;17m▄[38;2;77;1;16;48;2;70;1;15m▄[38;2;55;1;11;48;2;73;0;15m▄[38;2;51;1;10;48;2;54;1;10m▄[38;2;108;24;5;48;2;111;25;4m▄[38;2;124;28;5;48;2;120;27;6m▄[38;2;131;29;5;48;2;122;27;6m▄[38;2;68;7;7;48;2;63;23;18m▄[0m[38;2;54;28;33m▄[0m [0m
[?25h