[?25l[0m [38;2;0;0;0m     [0m [38;2;50;43;56m▄[38;2;75;56;91m▄[38;2;83;57;105m▄[38;2;82;58;104m▄[38;2;75;55;94m▄[38;2;62;50;72m▄[0m [38;2;25;24;26m                [0m
 [38;2;0;0;0m   [0m [38;2;77;55;95m▄[38;2;86;58;109;48;2;83;63;99m▄[48;2;87;59;110m▄[48;2;85;57;109m [38;2;86;57;110m▄[48;2;86;58;110m▄ [38;2;86;58;110;48;2;86;59;110m▄[38;2;85;57;109;48;2;79;58;99m▄[0m[38;2;77;53;99m▄[0m [38;2;27;25;29m              [0m
 [38;2;0;0;0m [0m [38;2;62;48;76m▄[38;2;85;57;110;48;2;85;64;106m▄[38;2;85;57;109;48;2;84;57;108m▄[38;2;84;56;108m▄[48;2;85;57;109m [38;2;86;58;110;48;2;86;57;110m▄[38;2;86;57;110;48;2;86;57;109m▄[48;2;85;57;109m   [38;2;86;58;110m▄[48;2;86;59;111m [38;2;85;58;110;48;2;76;59;93m▄[0m[38;2;47;41;52m▄             [0m
[38;2;44;38;49m▄[38;2;79;55;103m▄[38;2;87;61;112;48;2;64;51;78m▄[38;2;87;59;112;48;2;67;45;86m▄[38;2;72;49;92;48;2;76;50;98m▄[38;2;67;45;86;48;2;86;57;110m▄[38;2;71;47;92;48;2;84;56;106m▄[38;2;70;46;90;48;2;83;55;105m▄[38;2;68;45;88;48;2;86;57;109m▄[38;2;71;48;89;48;2;86;57;111m▄[48;2;85;57;109m  [38;2;84;56;108m▄[38;2;85;57;109;48;2;86;58;110m▄[38;2;85;57;110;48;2;86;58;111m▄[38;2;84;57;109;48;2;84;57;110m▄[38;2;78;54;102;48;2;72;55;87m▄[0m [38;2;28;27;29m            [0m
[38;2;84;58;109;48;2;64;47;78m▄[38;2;84;57;107;48;2;70;46;89m▄[38;2;69;47;88;48;2;87;59;112m▄[38;2;68;46;85;48;2;87;59;111m▄[38;2;65;43;83;48;2;85;58;108m▄[38;2;69;47;87;48;2;84;57;108m▄[38;2;70;47;89;48;2;87;58;111m▄[38;2;69;47;86;48;2;86;57;110m▄[38;2;66;44;83;48;2;83;55;107m▄[38;2;84;57;108;48;2;83;56;107m▄[38;2;84;57;109;48;2;85;57;110m▄[38;2;85;57;109m▄[48;2;85;57;109m  [48;2;85;58;110m [38;2;86;59;111m▄[48;2;86;60;110m [38;2;53;45;62;48;2;47;43;52m▄[0m[38;2;53;45;62m            [0m
[38;2;89;61;113;48;2;87;59;111m▄[38;2;87;58;109;48;2;87;58;111m▄[38;2;86;59;109;48;2;86;58;109m▄[38;2;87;59;110;48;2;88;59;111m▄[38;2;86;59;109;48;2;89;60;113m▄[38;2;87;59;110;48;2;87;59;111m▄[38;2;86;58;109;48;2;85;57;109m▄[48;2;83;56;107m▄[38;2;88;59;112;48;2;83;57;107m▄[38;2;87;58;112;48;2;84;57;109m▄[48;2;85;58;110m  [38;2;86;58;111m▄[38;2;86;59;111;48;2;86;58;110m▄▄[38;2;86;59;110;48;2;86;59;111m▄[48;2;85;59;109m [38;2;79;64;91;48;2;62;50;73m▄[0m[38;2;79;64;91m            [0m
[38;2;219;214;161;48;2;139;126;118m▄[38;2;124;120;87;48;2;69;53;74m▄[38;2;244;237;173;48;2;84;65;94m▄[38;2;234;228;166;48;2;68;47;85m▄[38;2;228;221;159;48;2;69;46;89m▄[38;2;185;180;128;48;2;75;51;95m▄[38;2;4;4;3;48;2;75;50;94m▄[38;2;33;22;43;48;2;78;53;98m▄[38;2;72;49;92;48;2;89;60;113m▄[38;2;84;57;108;48;2;72;49;92m▄[38;2;87;59;112;48;2;85;58;110m▄[38;2;87;58;112m▄[38;2;86;59;111;48;2;87;59;112m▄[38;2;86;58;110m▄[38;2;73;50;93;48;2;87;59;111m▄[38;2;66;46;87;48;2;85;58;109m▄[38;2;72;51;96;48;2;80;55;102m▄[38;2;87;63;112;48;2;69;55;81m▄[0m[38;2;94;75;115m▄[0m [38;2;48;42;54m          [0m
[38;2;233;225;156;48;2;226;219;159m▄[38;2;247;238;169;48;2;188;181;127m▄[38;2;247;239;173;48;2;246;237;168m▄[38;2;246;238;170;48;2;246;238;173m▄[38;2;245;237;171;48;2;246;238;171m▄[38;2;106;102;78;48;2;216;210;146m▄[38;2;54;36;70;48;2;7;6;5m▄[38;2;83;56;109;48;2;68;46;89m▄[38;2;84;58;109;48;2;85;58;110m▄[38;2;86;58;110;48;2;86;58;111m▄[38;2;85;58;110;48;2;87;59;112m▄[48;2;86;58;110m [38;2;71;48;92m▄[38;2;84;58;111;48;2;65;45;85m▄[38;2;78;54;102;48;2;84;58;110m▄[38;2;58;40;78;48;2;91;61;120m▄[38;2;73;50;95;48;2;69;46;91m▄[38;2;83;58;108;48;2;68;47;87m▄[38;2;87;61;113;48;2;84;60;109m▄[38;2;53;46;62;48;2;75;63;89m▄[0m[38;2;53;46;62m          [0m
[38;2;69;46;88;48;2;74;56;84m▄[38;2;66;45;85;48;2;111;100;96m▄[38;2;75;49;94;48;2;142;131;117m▄[38;2;81;55;105;48;2;132;121;110m▄[38;2;83;56;109;48;2;88;74;89m▄[48;2;77;53;101m▄[48;2;82;55;108m▄[38;2;84;57;109;48;2;83;56;108m▄[38;2;85;58;110;48;2;85;57;110m▄[38;2;86;58;110;48;2;85;58;110m▄[48;2;86;58;110m [38;2;86;59;111;48;2;86;58;111m▄[48;2;85;58;111m▄[38;2;85;59;111;48;2;85;59;112m▄[38;2;83;59;109;48;2;70;49;92m▄[38;2;74;52;97;48;2;82;56;109m▄[38;2;80;56;105;48;2;66;45;87m▄[38;2;71;49;94;48;2;85;59;110m▄[0m[7m[38;2;72;56;90m▄[0m [38;2;0;0;0m          [0m
[38;2;84;57;109;48;2;86;58;112m▄[38;2;85;57;109;48;2;85;57;111m▄[38;2;85;57;110;48;2;79;53;102m▄[38;2;84;56;109;48;2;82;55;106m▄[48;2;84;56;109m   [48;2;84;57;109m▄[48;2;85;57;110m [48;2;86;58;110m  [38;2;86;58;111m▄[38;2;86;58;110;48;2;85;59;111m▄[38;2;87;59;111;48;2;87;60;112m▄[38;2;84;57;107;48;2;87;60;113m▄[38;2;64;44;82;48;2;85;58;110m▄[38;2;73;52;97;48;2;72;50;93m▄[38;2;79;55;106;48;2;67;47;91m▄[38;2;72;60;21;48;2;50;45;30m▄[0m[38;2;103;87;23m▄[38;2;85;72;30m▄[0m  [38;2;1;1;1m       [0m
[38;2;85;57;109;48;2;84;56;108m▄ [38;2;84;56;108;48;2;84;57;109m▄[48;2;84;56;109m▄[38;2;85;56;109m▄[48;2;85;57;109m    [38;2;85;57;110;48;2;85;58;110m▄[38;2;86;58;111;48;2;86;58;110m▄[38;2;87;58;111;48;2;86;59;111m▄[48;2;85;58;110m [38;2;84;57;107;48;2;76;53;98m▄[38;2;61;42;80;48;2;54;37;70m▄[38;2;84;57;111;48;2;87;60;115m▄[38;2;84;58;111;48;2;85;59;112m▄[48;2;86;59;114m▄[38;2;20;14;26;48;2;19;13;21m▄[38;2;0;0;0;48;2;44;35;9m▄[38;2;18;14;4;48;2;100;81;22m▄[38;2;112;92;23;48;2;111;92;25m▄[38;2;110;91;28;48;2;46;41;26m▄[0m [38;2;24;23;20m      [0m
[38;2;174;170;127;48;2;77;53;94m▄[38;2;156;150;129;48;2;83;55;104m▄[38;2;113;102;107;48;2;85;56;107m▄[38;2;93;74;99;48;2;85;57;109m▄[38;2;69;47;85;48;2;85;56;109m▄[38;2;74;50;93;48;2;84;56;108m▄[38;2;86;59;106;48;2;85;57;109m▄[38;2;86;58;110m▄[38;2;86;58;109;48;2;86;57;110m▄[38;2;81;55;104;48;2;85;57;110m▄[38;2;85;57;110;48;2;84;57;109m▄[38;2;84;57;109;48;2;85;58;110m▄[38;2;85;58;111m▄[38;2;86;58;114;48;2;70;47;90m▄[38;2;86;58;113;48;2;76;51;100m▄[38;2;85;58;111;48;2;83;56;109m▄[38;2;85;58;110;48;2;84;57;110m▄[38;2;86;60;112;48;2;85;59;111m▄[38;2;37;25;49;48;2;28;19;37m▄[38;2;0;0;0;48;2;1;1;0m▄[38;2;3;2;1;48;2;2;1;0m▄[38;2;91;76;20;48;2;64;53;14m▄[38;2;108;91;25;48;2;112;94;26m▄[38;2;42;39;28;48;2;42;39;22m▄[0m[38;2;42;39;28m      [0m
[38;2;21;20;15;48;2;108;105;79m▄[38;2;77;75;58;48;2;184;181;143m▄[38;2;11;10;8;48;2;113;111;86m▄[38;2;201;198;157;48;2;237;234;177m▄[38;2;77;77;60;48;2;164;162;122m▄[38;2;131;129;99;48;2;188;187;152m▄[38;2;43;43;31;48;2;119;116;92m▄[38;2;0;0;0;48;2;26;17;32m▄[38;2;19;13;25;48;2;73;49;94m▄[38;2;83;57;109;48;2;72;50;93m▄[38;2;69;46;89;48;2;84;57;110m▄[38;2;87;59;112;48;2;86;59;112m▄[38;2;85;58;110;48;2;85;58;111m▄[48;2;85;58;110m [38;2;86;59;111;48;2;85;58;111m▄[38;2;87;60;112;48;2;86;59;112m▄[38;2;88;60;113m▄[38;2;86;60;112;48;2;85;59;111m▄[38;2;48;34;60;48;2;40;27;53m▄[38;2;100;84;32;48;2;2;1;1m▄[38;2;187;157;59;48;2;98;83;30m▄[38;2;177;150;55;48;2;143;120;38m▄[38;2;61;55;32;48;2;104;90;26m▄[0m [38;2;0;0;0m      [0m
[38;2;13;9;18;48;2;0;0;0m▄[38;2;1;0;1;48;2;1;0;0m▄[38;2;0;0;0;48;2;3;2;1m▄[48;2;112;109;85m▄[48;2;10;9;7m▄▄[48;2;1;1;1m▄[48;2;1;0;0m▄[38;2;14;9;17;48;2;3;1;2m▄[38;2;83;56;109;48;2;76;51;100m▄[38;2;65;45;84;48;2;64;44;83m▄[38;2;85;58;110;48;2;86;59;111m▄[38;2;87;59;111m▄[48;2;87;59;111m [38;2;88;60;112;48;2;87;59;112m▄[38;2;81;59;88;48;2;87;61;113m▄[38;2;125;104;55m▄[38;2;189;159;60;48;2;85;64;82m▄[38;2;195;163;61;48;2;148;123;53m▄[38;2;190;158;62;48;2;184;155;60m▄[38;2;116;76;36;48;2;186;156;61m▄[38;2;88;14;22;48;2;119;94;41m▄[0m[38;2;80;21;22m▄[38;2;118;103;56m▄[38;2;181;155;65m▄[38;2;191;163;59;48;2;86;76;43m▄[38;2;169;137;36;48;2;126;107;45m▄[38;2;165;133;31;48;2;134;114;46m▄[38;2;144;120;40;48;2;64;55;29m▄[0m [0m
[38;2;69;46;89;48;2;80;55;106m▄[38;2;84;57;108;48;2;67;46;89m▄[38;2;84;58;110;48;2;43;30;57m▄[48;2;24;16;31m▄[38;2;82;56;107;48;2;7;4;9m▄[38;2;79;54;104;48;2;2;1;3m▄[38;2;82;56;107;48;2;5;2;7m▄[38;2;84;57;111;48;2;26;18;35m▄[38;2;85;58;112;48;2;68;46;90m▄[38;2;85;59;112;48;2;82;57;108m▄[38;2;86;59;112;48;2;81;55;105m▄[38;2;81;57;96;48;2;86;59;110m▄[38;2;134;110;54;48;2;85;58;110m▄[38;2;185;154;55;48;2;79;57;79m▄[38;2;189;157;55;48;2;128;105;58m▄[38;2;194;161;59;48;2;185;155;57m▄[38;2;174;143;52;48;2;191;158;58m▄[38;2;113;69;31;48;2;192;158;58m▄[38;2;90;15;22;48;2;160;129;48m▄[38;2;100;13;24;48;2;106;45;27m▄[38;2;100;51;25;48;2;115;16;26m▄[38;2;185;155;52;48;2;96;42;23m▄[38;2;193;161;59;48;2;160;131;47m▄[38;2;156;128;48;48;2;189;156;59m▄[38;2;62;33;17;48;2;192;162;64m▄[38;2;37;3;7;48;2;122;104;41m▄[38;2;26;2;5;48;2;28;23;6m▄[38;2;86;70;17;48;2;76;61;16m▄[38;2;72;63;32;48;2;109;92;36m▄[0m [0m
[38;2;86;58;111;48;2;78;53;100m▄[38;2;86;58;110;48;2;73;50;94m▄[48;2;85;58;110m [48;2;85;58;109m▄[38;2;86;58;111;48;2;85;58;110m▄[38;2;86;59;111;48;2;84;58;110m▄[38;2;86;58;111m▄[38;2;86;58;110;48;2;85;58;110m▄[38;2;85;58;109;48;2;85;58;111m▄[38;2;85;58;108;48;2;85;58;110m▄[38;2;100;80;62;48;2;82;57;105m▄[38;2;184;154;56;48;2;130;107;54m▄[38;2;191;159;60;48;2;191;157;56m▄[38;2;128;89;35;48;2;189;156;55m▄[38;2;98;17;21;48;2;165;134;46m▄[38;2;109;13;24;48;2;122;75;33m▄[38;2;108;13;24;48;2;97;16;19m▄[38;2;111;13;24;48;2;112;14;24m▄[38;2;104;17;23;48;2;106;12;23m▄[38;2;173;146;66;48;2;94;41;26m▄[38;2;197;168;76;48;2;187;156;69m▄[38;2;143;112;56;48;2;197;166;78m▄[38;2;95;15;22;48;2;146;113;48m▄[38;2;108;13;24;48;2;79;13;16m▄[48;2;93;11;20m▄[38;2;108;14;24;48;2;101;13;22m▄[38;2;106;14;23;48;2;99;12;21m▄[38;2;83;12;19;48;2;79;49;15m▄[0m [38;2;22;22;22m [0m
[38;2;81;58;78;48;2;89;59;113m▄[38;2;87;58;110;48;2;86;58;111m▄[38;2;87;59;111;48;2;86;58;110m▄[38;2;87;58;110;48;2;86;58;111m▄[38;2;86;58;109m▄[38;2;86;59;110;48;2;87;59;111m▄[38;2;88;60;112;48;2;86;59;111m▄[48;2;87;59;111m [38;2;94;75;65;48;2;88;58;110m▄[38;2;182;151;55;48;2;91;70;69m▄[38;2;192;158;56;48;2;179;149;54m▄[38;2;148;114;41;48;2;184;153;57m▄[38;2;100;16;21;48;2;140;105;43m▄[38;2;106;13;23;48;2;102;14;22m▄[38;2;107;12;23;48;2;108;13;23m▄[38;2;109;13;23m▄[48;2;108;13;24m▄[38;2;99;14;20;48;2;108;13;23m▄[38;2;155;124;42;48;2;113;69;29m▄[38;2;176;145;49;48;2;192;163;66m▄[38;2;97;38;24;48;2;168;140;64m▄[38;2;109;13;23;48;2;98;18;21m▄[38;2;108;13;23;48;2;107;13;24m▄[38;2;109;12;23m▄[38;2;108;13;23;48;2;108;13;24m▄▄[38;2;109;13;24m▄[38;2;110;14;24;48;2;106;13;23m▄[38;2;80;25;31;48;2;40;20;23m▄[0m[38;2;80;25;31m [0m
[38;2;169;134;51;48;2;171;140;50m▄[38;2;193;157;58;48;2;105;81;66m▄[38;2;168;137;51;48;2;80;54;94m▄[38;2;141;112;48;48;2;84;56;106m▄[38;2;143;114;51;48;2;86;58;107m▄[38;2;148;119;44;48;2;83;57;103m▄[38;2;179;146;51;48;2;77;57;78m▄[38;2;180;147;51;48;2;128;105;53m▄[38;2;174;141;49;48;2;187;154;54m▄[38;2;125;79;32;48;2;191;156;58m▄[38;2;107;14;20;48;2;150;113;42m▄[38;2;110;12;22;48;2;102;18;21m▄[38;2;109;11;22;48;2;110;12;23m▄[48;2;108;12;22m [38;2;108;12;23;48;2;107;12;23m▄[38;2;110;13;23;48;2;109;12;23m▄[38;2;111;13;22;48;2;109;13;23m▄[38;2;109;62;26;48;2;93;32;21m▄[38;2;183;149;49;48;2;177;145;48m▄[38;2;103;40;23;48;2;128;96;33m▄[38;2;112;12;23;48;2;108;12;22m▄[38;2;110;12;23;48;2;109;12;23m▄[48;2;110;12;23m [38;2;110;13;23;48;2;109;12;23m▄[38;2;111;13;23;48;2;109;13;23m▄[38;2;111;13;24m▄[38;2;110;14;23;48;2;109;13;24m▄[38;2;109;14;24;48;2;111;14;24m▄[38;2;102;13;21;48;2;99;18;25m▄[0m [0m
[?25h