[?25l[0m [38;2;0;0;0m          [0m [38;2;14;13;6m [0m [38;2;157;116;40;48;2;99;79;26m▄[0m[38;2;151;87;48m▄[0m [38;2;30;24;9m             [0m
 [38;2;0;0;0m        [0m  [38;2;99;94;27;48;2;85;80;21m▄[0m[38;2;123;113;38m▄[38;2;180;146;43;48;2;78;65;23m▄[38;2;185;147;44;48;2;157;108;42m▄[38;2;155;112;41;48;2;146;52;55m▄[38;2;172;138;40;48;2;105;85;28m▄[38;2;98;88;24;48;2;46;44;15m▄[0m [38;2;11;11;4m           [0m
 [38;2;0;0;0m       [0m [38;2;93;88;27;48;2;87;81;21m▄[38;2;105;99;30;48;2;110;104;33m▄[38;2;131;123;43;48;2;139;128;44m▄[38;2;136;129;47;48;2;162;135;41m▄[38;2;134;127;46;48;2;147;130;43m▄[38;2;131;124;45;48;2;133;125;44m▄[38;2;137;130;47;48;2;138;130;47m▄[38;2;137;129;47;48;2;133;126;46m▄[38;2;135;128;46;48;2;124;113;37m▄[0m[38;2;60;57;23m▄           [0m
 [38;2;0;0;0m   [0m [38;2;49;14;20m▄[38;2;83;21;32m▄[38;2;103;23;36m▄[38;2;121;96;41m▄[38;2;137;130;47;48;2;134;127;46m▄[48;2;136;129;47m▄[38;2;132;125;45;48;2;137;130;47m▄[38;2;114;109;37;48;2;130;125;45m▄[38;2;116;113;41;48;2;120;116;36m▄[38;2;143;140;58;48;2;124;120;38m▄[38;2;126;124;48;48;2;126;122;39m▄[38;2;130;126;50;48;2;130;124;44m▄[38;2;150;147;62;48;2;134;127;45m▄[38;2;153;150;66;48;2;126;121;42m▄[0m[38;2;116;113;45m▄[0m  [38;2;1;1;1m        [0m
   [38;2;4;2;2m [0m [38;2;65;18;26;48;2;109;24;39m▄[38;2;127;30;48;48;2;107;23;37m▄[38;2;117;28;44;48;2;105;22;36m▄[38;2;125;112;43;48;2;127;117;43m▄[38;2;137;129;47;48;2;137;130;47m▄[38;2;137;130;47;48;2;137;129;47m▄[38;2;137;129;47;48;2;131;124;44m▄[48;2;120;114;40m▄[38;2;136;129;47;48;2;202;200;107m▄[38;2;139;133;53;48;2;251;250;139m▄[38;2;131;125;47;48;2;241;240;133m▄[38;2;119;112;40;48;2;159;155;71m▄[38;2;118;112;39;48;2;205;202;105m▄[38;2;130;123;44;48;2;249;247;135m▄[38;2;135;128;46;48;2;183;175;96m▄[0m[38;2;111;59;37m▄[38;2;105;22;36m▄[38;2;81;20;30m▄[0m [38;2;37;11;15m      [0m
  [38;2;59;17;25;48;2;104;28;41m▄[38;2;128;32;49;48;2;62;18;26m▄[0m[38;2;129;32;49m▄[38;2;129;32;50m▄[38;2;128;32;49;48;2;116;29;45m▄[38;2;129;32;50;48;2;124;30;48m▄[38;2;126;33;48;48;2;122;66;45m▄[38;2;130;115;45;48;2;137;129;47m▄ [38;2;136;129;47;48;2;137;130;47m▄[48;2;137;129;47m [38;2;137;129;47;48;2;138;130;48m▄[38;2;136;129;47;48;2;137;130;47m▄[38;2;131;120;45;48;2;136;128;47m▄[38;2;126;85;40;48;2;133;126;45m▄[38;2;132;83;42;48;2;130;122;44m▄[38;2;124;76;39;48;2;135;128;46m▄[38;2;120;77;37m▄[38;2;135;128;46;48;2;125;111;43m▄[38;2;102;28;34;48;2;106;21;36m▄[0m[7m[38;2;105;23;36m▄[0m [38;2;0;0;0m      [0m
 [38;2;0;0;0m [0m [7m[38;2;91;25;37m▄[0m[38;2;97;26;39;48;2;129;32;49m▄[38;2;128;32;49;48;2;129;32;50m▄[38;2;129;32;50;48;2;129;33;50m▄▄[48;2;129;32;50m [38;2;121;44;46;48;2;124;77;45m▄[48;2;136;129;47m [48;2;137;129;47m [48;2;136;129;47m [38;2;137;129;47m▄[38;2;136;129;47;48;2;132;125;45m▄[48;2;118;97;38m▄[38;2;134;126;46;48;2;120;65;34m▄[38;2;128;115;43;48;2;123;63;34m▄[38;2;128;114;43;48;2;127;66;36m▄[38;2;135;127;46;48;2;124;99;40m▄[38;2;136;128;47;48;2;134;127;46m▄[38;2;69;62;26;48;2;78;34;29m▄[0m [38;2;0;0;0m       [0m
 [38;2;0;0;0m  [0m [38;2;116;27;43m▄[38;2;120;28;44;48;2;105;28;42m▄[38;2;117;28;44;48;2;126;31;48m▄[38;2;121;29;46;48;2;129;32;50m▄[38;2;127;31;49;48;2;128;32;49m▄[48;2;127;31;48m▄[38;2;124;98;43;48;2;128;116;44m▄[38;2;136;128;47;48;2;136;128;46m▄[38;2;137;130;48;48;2;136;129;47m▄[38;2;137;129;48;48;2;137;130;48m▄ [38;2;137;130;48;48;2;137;130;47m▄[38;2;137;129;48;48;2;136;129;47m▄[38;2;136;129;48;48;2;136;128;47m▄[38;2;133;126;46;48;2;135;128;46m▄[38;2;130;124;45;48;2;130;123;44m▄[38;2;138;131;48;48;2;136;129;47m▄[38;2;137;130;47;48;2;132;125;45m▄[0m[38;2;75;62;29m▄[0m [38;2;4;2;2m      [0m
  [38;2;88;23;34m▄[38;2;117;37;42;48;2;85;22;33m▄[38;2;118;63;42;48;2;116;26;42m▄[38;2;123;74;44;48;2;116;27;43m▄[38;2;122;71;43;48;2;118;28;44m▄[38;2;119;55;43;48;2;121;29;45m▄[38;2;118;33;44;48;2;117;28;44m▄[38;2;168;126;40;48;2;125;30;47m▄[38;2;149;124;42;48;2;123;94;43m▄[38;2;131;124;45;48;2;136;128;46m▄[38;2;136;129;47;48;2;137;129;47m▄[38;2;137;129;47;48;2;136;129;47m▄[38;2;137;130;47m▄ [38;2;136;129;47;48;2;134;127;46m▄[48;2;128;121;45m▄[48;2;128;122;44m▄[38;2;137;130;48;48;2;136;129;48m▄[38;2;136;129;47;48;2;137;129;48m▄[38;2;130;123;44;48;2;137;129;47m▄[38;2;169;132;41;48;2;119;67;42m▄[38;2;132;64;42;48;2;97;26;38m▄[0m[38;2;54;25;22m▄     [0m
 [38;2;81;46;31m▄[38;2;135;128;46;48;2;119;71;42m▄[38;2;136;129;47;48;2;134;126;46m▄[48;2;137;129;47m [38;2;137;130;48;48;2;137;130;47m▄ [38;2;136;129;47m▄[48;2;133;126;46m▄[38;2;114;85;89;48;2;124;95;72m▄[38;2;110;66;122;48;2;128;97;78m▄[38;2;110;79;95;48;2;132;125;45m▄[38;2;121;106;62;48;2;128;121;44m▄[38;2;127;119;49;48;2;129;122;44m▄[38;2;132;125;45;48;2;126;120;43m▄[38;2;135;128;46;48;2;130;123;45m▄[38;2;130;123;45;48;2;129;122;44m▄[38;2;128;122;44m▄[38;2;129;122;44;48;2;130;123;45m▄[38;2;135;128;46;48;2;129;122;44m▄[48;2;128;122;44m [38;2;133;125;45;48;2;131;124;44m▄[38;2;135;128;46;48;2;139;126;44m▄[38;2;123;111;56;48;2;116;89;79m▄[38;2;107;65;117;48;2;118;101;64m▄[38;2;121;105;64;48;2;66;63;25m▄[0m[38;2;71;67;27m▄   [0m
 [38;2;137;129;47;48;2;122;105;42m▄[38;2;136;129;47;48;2;136;128;47m▄[48;2;136;129;47m   [38;2;137;129;47;48;2;137;130;48m▄[48;2;136;129;47m [38;2;123;116;44;48;2;133;126;46m▄[38;2;106;66;113;48;2;108;77;93m▄[38;2;105;63;116;48;2;110;66;122m▄[38;2;83;49;97;48;2;110;66;121m▄[38;2;68;41;86;48;2;110;65;121m▄[38;2;63;38;82m▄[38;2;64;38;83;48;2;106;64;118m▄[38;2;68;40;86;48;2;106;71;103m▄[38;2;80;47;96;48;2;114;89;83m▄[38;2;96;58;109;48;2;126;115;54m▄[38;2;113;88;85;48;2;134;127;46m▄[38;2;131;124;48;48;2;122;116;42m▄[38;2;127;120;43;48;2;132;125;45m▄[38;2;116;96;72;48;2;135;128;46m▄[38;2;99;58;111;48;2;123;109;59m▄[38;2;79;47;95;48;2;109;80;92m▄[38;2;67;40;86;48;2;110;66;122m▄[38;2;64;39;83;48;2;108;65;119m▄[38;2;66;40;85;48;2;115;94;75m▄[0m[38;2;49;34;56m▄[0m [38;2;1;1;2m [0m
[38;2;83;78;30;48;2;60;57;22m▄[38;2;137;130;48;48;2;137;129;47m▄[48;2;137;130;48m [38;2;138;131;48m▄ [38;2;137;130;48;48;2;136;129;48m▄[48;2;137;130;48m [48;2;136;129;47m [38;2;91;75;61;48;2;111;91;70m▄[38;2;60;36;81;48;2;86;51;100m▄[38;2;60;36;82;48;2;61;36;81m▄[48;2;60;36;82m  [38;2;61;36;82;48;2;61;37;83m▄[48;2;60;36;82m▄ ▄[38;2;60;36;82;48;2;59;36;81m▄[48;2;72;43;90m▄[38;2;62;37;82;48;2;102;72;94m▄[38;2;76;46;92;48;2;112;99;56m▄[38;2;59;35;80;48;2;85;51;99m▄[38;2;60;36;82;48;2;60;35;81m▄[48;2;60;36;82m [38;2;59;35;81m▄[38;2;60;35;81m▄ [38;2;60;36;82;48;2;59;35;81m▄[38;2;58;35;80;48;2;34;22;46m▄[0m [0m
[38;2;110;105;40;48;2;97;92;35m▄[48;2;137;130;48m  [38;2;136;129;47m▄  [48;2;137;129;47m [38;2;130;123;47;48;2;137;130;48m▄[38;2;60;38;78;48;2;77;59;66m▄[48;2;60;36;82m  [48;2;61;36;82m [38;2;60;36;81m▄[38;2;60;36;82;48;2;61;37;82m▄[48;2;61;36;82m▄[38;2;61;36;82;48;2;61;37;83m▄[38;2;60;36;82;48;2;61;36;82m▄[48;2;60;36;82m [48;2;61;36;82m▄[48;2;60;36;81m [38;2;58;35;80;48;2;59;34;81m▄[48;2;59;35;81m [38;2;59;35;81;48;2;60;36;81m▄[48;2;60;36;82m▄[48;2;60;35;81m [48;2;60;36;81m▄[48;2;60;36;82m ▄[38;2;59;35;80m▄[0m [0m
[38;2;124;114;43;48;2;120;114;43m▄[38;2;137;130;48;48;2;137;129;48m▄[38;2;137;129;48;48;2;137;130;48m▄[38;2;137;130;48;48;2;137;129;47m▄[48;2;136;129;47m [38;2;136;129;47;48;2;137;129;48m▄[38;2;124;116;48;48;2;137;129;47m▄[38;2;60;36;78;48;2;94;79;59m▄[38;2;59;35;79;48;2;60;35;81m▄[38;2;60;35;81;48;2;60;36;82m▄[38;2;60;36;81;48;2;61;36;82m▄[38;2;60;35;81;48;2;60;36;82m▄[48;2;60;36;81m▄[48;2;60;36;82m  [48;2;60;36;81m [38;2;60;36;81;48;2;60;36;82m▄[38;2;59;35;81m▄[38;2;56;33;77;48;2;60;36;81m▄[48;2;57;34;78m▄[38;2;57;33;77;48;2;57;33;78m▄[38;2;56;32;77;48;2;60;35;81m▄[38;2;60;35;81;48;2;59;35;81m▄ [48;2;60;36;82m▄[48;2;60;36;81m▄ [38;2;60;36;81;48;2;59;35;81m▄[38;2;74;57;68m▄[0m[38;2;80;76;29m▄[0m
[38;2;121;75;43;48;2;125;103;44m▄[38;2;138;131;49;48;2;137;130;48m▄ ▄[48;2;137;129;48m▄[38;2;137;130;48;48;2;136;129;47m▄[38;2;137;130;47;48;2;135;128;47m▄[38;2;93;78;59;48;2;66;45;72m▄[38;2;59;35;80;48;2;60;36;81m▄[38;2;59;35;81;48;2;56;33;76m▄[38;2;59;34;80;48;2;56;32;76m▄[38;2;55;31;75;48;2;60;35;81m▄[38;2;55;32;75m▄[38;2;56;32;75;48;2;60;36;81m▄[38;2;55;31;74m▄[38;2;55;32;75m▄[38;2;58;34;79;48;2;56;33;77m▄[38;2;60;35;81;48;2;55;32;75m▄[38;2;60;36;81;48;2;57;33;79m▄[48;2;59;35;80m [48;2;59;34;80m  [38;2;59;34;80;48;2;55;32;75m▄[48;2;56;32;76m▄[38;2;56;33;76;48;2;60;35;81m▄[38;2;55;32;76;48;2;60;36;82m▄[38;2;56;33;76;48;2;60;35;81m▄[38;2;82;66;65;48;2;71;51;69m▄[38;2;137;129;48;48;2;128;120;48m▄[38;2;125;118;45;48;2;112;106;40m▄[0m
[?25h