[?25l[0m[38;2;135;146;154;48;2;134;145;153m▄[38;2;134;145;152;48;2;131;142;150m▄[38;2;120;130;136;48;2;113;123;129m▄[38;2;126;134;141;48;2;137;149;157m▄[38;2;143;152;160;48;2;143;153;161m▄[38;2;137;148;155;48;2;147;157;165m▄[38;2;99;108;113;48;2;92;99;103m▄[38;2;126;139;148;48;2;113;122;127m▄[38;2;137;148;156;48;2;119;129;134m▄[38;2;131;143;148;48;2;141;151;156m▄[38;2;110;119;125;48;2;160;172;179m▄[38;2;105;112;117;48;2;168;180;187m▄[38;2;103;111;116;48;2;171;184;190m▄[38;2;105;114;119;48;2;170;184;191m▄[38;2;105;115;119;48;2;169;183;189m▄[38;2;106;115;119;48;2;168;182;189m▄[38;2;108;117;121;48;2;169;183;190m▄[38;2;104;112;116;48;2;169;182;188m▄[38;2;100;109;114;48;2;164;177;183m▄[38;2;111;122;127;48;2;154;166;173m▄[38;2;131;143;149;48;2;135;146;152m▄[38;2;136;148;156;48;2;123;133;138m▄[38;2;135;146;153;48;2;119;129;133m▄[38;2;137;148;155;48;2;113;122;126m▄[38;2;136;147;154;48;2;122;132;137m▄[38;2;133;144;152;48;2;134;146;152m▄[38;2;92;100;104;48;2;105;114;119m▄[38;2;110;118;124;48;2;120;130;138m▄[38;2;129;139;145;48;2;127;138;145m▄[0m [0m
[7m[38;2;134;143;150m▄[38;2;136;145;151m▄[38;2;140;149;155m▄[38;2;96;102;106m▄[38;2;115;123;129m▄[38;2;100;108;114m▄[38;2;91;98;103m▄[38;2;122;131;137m▄[38;2;134;144;151m▄[38;2;140;149;155m▄[38;2;143;152;158m▄[38;2;138;147;154m▄[38;2;137;146;153m▄[38;2;138;147;153m▄[38;2;138;148;154m▄[38;2;141;150;156m▄[38;2;142;151;157m▄[38;2;140;149;155m▄[38;2;136;146;152m▄▄[38;2;140;150;155m▄[38;2;144;153;158m▄[38;2;142;152;158m▄[38;2;138;148;154m▄[38;2;134;144;150m▄[38;2;135;146;153m▄[38;2;109;117;121m▄[38;2;106;115;120m▄[38;2;110;119;125m▄[0m [0m
 [38;2;0;0;0m                             [0m
 [38;2;0;0;0m          [0m [38;2;60;83;62m▄[0m [38;2;32;38;32m                [0m
 [38;2;0;0;0m        [0m [38;2;74;91;46m▄[38;2;90;118;46;48;2;38;47;36m▄[38;2;93;122;47;48;2;64;112;63m▄[38;2;94;123;48;48;2;65;96;62m▄[0m[38;2;92;119;48m▄[38;2;79;96;51m▄[0m [38;2;27;29;22m             [0m
 [38;2;0;0;0m      [0m [38;2;80;101;48m▄[38;2;94;124;45;48;2;88;114;47m▄[38;2;95;124;46;48;2;96;126;47m▄[38;2;95;124;47;48;2;96;125;47m▄[48;2;94;124;47m▄[48;2;94;124;46m [48;2;95;124;47m [48;2;95;125;47m [38;2;96;125;48;48;2;93;120;49m▄[38;2;90;116;47;48;2;50;54;41m▄[0m [38;2;40;42;35m           [0m
 [38;2;0;0;0m      [38;2;63;77;37m▄[38;2;94;124;45;48;2;94;123;46m▄[48;2;95;125;46m [38;2;95;125;46;48;2;95;124;46m▄[48;2;95;124;47m▄[38;2;95;125;47;48;2;95;124;46m▄[38;2;95;124;47;48;2;94;124;46m▄[38;2;95;125;47;48;2;95;124;46m▄[48;2;95;125;47m [48;2;96;125;48m [38;2;97;126;48;48;2;97;126;49m▄[38;2;95;125;48;48;2;81;101;47m▄[0m[38;2;48;56;35m▄          [0m
 [38;2;0;0;0m     [0m [38;2;88;116;44;48;2;78;100;42m▄[38;2;95;124;46;48;2;95;124;45m▄[38;2;96;124;46;48;2;95;124;46m▄ [38;2;96;125;47;48;2;95;125;47m▄▄ [38;2;95;124;47m▄[38;2;95;123;47;48;2;95;124;47m▄[48;2;95;124;48m▄[48;2;95;124;47m [38;2;96;125;47;48;2;94;123;47m▄[38;2;97;129;49;48;2;82;105;47m▄[0m [38;2;42;47;35m         [0m
 [38;2;0;0;0m     [0m [38;2;95;124;46;48;2;94;123;46m▄[48;2;95;124;46m  [48;2;95;124;47m [48;2;96;125;48m  [38;2;96;124;48;48;2;95;124;47m▄[38;2;96;125;49m▄[38;2;91;120;47;48;2;95;125;48m▄[38;2;89;115;46;48;2;99;129;51m▄[38;2;86;110;44;48;2;99;128;50m▄[38;2;88;114;44;48;2;95;124;46m▄[38;2;91;120;45;48;2;93;123;45m▄[38;2;81;102;44;48;2;69;83;46m▄[0m [38;2;14;14;15m        [0m
 [38;2;0;0;0m     [38;2;29;37;15;48;2;46;54;32m▄[38;2;92;120;44;48;2;94;123;46m▄[38;2;94;123;46;48;2;95;124;47m▄[38;2;95;123;47m▄[38;2;95;124;48m▄[38;2;96;126;49;48;2;96;125;48m▄[38;2;95;125;49m▄[38;2;96;126;50;48;2;96;125;49m▄[38;2;87;113;46;48;2;97;126;49m▄[38;2;111;126;69;48;2;97;125;49m▄[38;2;134;143;90;48;2;95;122;48m▄[38;2;139;148;94;48;2;96;123;48m▄[38;2;130;143;83;48;2;98;126;48m▄[38;2;85;106;41;48;2;99;129;48m▄[38;2;91;118;44;48;2;83;108;39m▄[0m[38;2;80;100;44m▄[0m [38;2;21;21;21m       [0m
 [38;2;0;0;0m  [0m [38;2;73;82;54m▄[0m [38;2;56;67;33;48;2;67;76;48m▄[38;2;93;120;44;48;2;91;118;43m▄[38;2;93;121;44;48;2;93;121;45m▄[48;2;94;122;46m [38;2;94;122;48;48;2;95;124;48m▄[38;2;95;124;49;48;2;95;125;49m▄[38;2;112;123;72;48;2;93;121;48m▄[38;2;248;246;184;48;2;122;132;82m▄[38;2;253;249;181;48;2;222;220;162m▄[38;2;252;249;181;48;2;251;248;179m▄[38;2;252;248;185;48;2;251;248;182m▄[38;2;103;102;77;48;2;248;244;176m▄[38;2;216;214;154;48;2;251;248;177m▄[38;2;252;249;180;48;2;233;231;168m▄[38;2;247;245;184;48;2;125;133;85m▄[38;2;98;99;78;48;2;86;110;43m▄[0m [38;2;87;99;64m▄      [0m
 [38;2;0;0;0m  [0m [38;2;80;95;54;48;2;76;93;43m▄[38;2;95;119;48;48;2;63;73;43m▄[38;2;67;84;33;48;2;52;67;28m▄[38;2;89;116;43;48;2;93;121;44m▄[38;2;94;122;45;48;2;94;123;45m▄[38;2;95;124;46;48;2;93;122;45m▄[38;2;94;124;47;48;2;93;121;47m▄[38;2;95;124;47;48;2;92;120;47m▄[38;2;134;146;88;48;2;171;175;117m▄[38;2;251;247;185;48;2;251;247;182m▄[38;2;253;250;180;48;2;253;249;184m▄[38;2;252;249;181;48;2;253;249;181m▄[38;2;251;249;187;48;2;250;247;180m▄[38;2;85;85;65;48;2;57;56;41m▄[38;2;204;201;148;48;2;169;168;132m▄[38;2;252;248;177;48;2;252;248;188m▄[38;2;248;245;180;48;2;250;248;188m▄[38;2;95;104;64;48;2;137;137;107m▄[38;2;74;97;35;48;2;71;91;42m▄[38;2;47;52;36;48;2;64;77;45m▄[0m[38;2;47;52;36m      [0m
 [38;2;0;0;0m   [7m[38;2;53;61;39m▄[0m[38;2;96;119;50;48;2;92;115;47m▄[38;2;88;112;44;48;2;92;114;46m▄[38;2;93;117;46;48;2;71;90;32m▄[38;2;89;115;43;48;2;94;121;45m▄[38;2;95;124;46;48;2;96;125;46m▄[38;2;95;126;47;48;2;97;126;46m▄[38;2;96;126;47;48;2;97;128;47m▄[38;2;95;124;48;48;2;89;115;45m▄[38;2;91;118;47;48;2;147;149;100m▄[38;2;94;112;52;48;2;244;241;175m▄[38;2;137;147;92;48;2;252;249;182m▄[38;2;162;166;114;48;2;252;249;192m▄[38;2;161;164;112;48;2;235;232;177m▄[38;2;131;140;85;48;2;250;246;171m▄[38;2;88;107;50;48;2;238;234;163m▄[38;2;92;118;47;48;2;131;136;85m▄[38;2;91;119;47;48;2;90;117;50m▄[38;2;68;85;42;48;2;72;95;37m▄[0m [38;2;14;15;15m      [0m
 [38;2;0;0;0m   [0m [38;2;72;85;52;48;2;78;94;48m▄[38;2;98;128;48;48;2;95;124;48m▄[38;2;97;126;47;48;2;95;125;47m▄[38;2;96;125;46;48;2;95;124;47m▄[38;2;94;124;46;48;2;95;124;46m▄[48;2;94;124;46m [38;2;94;123;46;48;2;94;124;47m▄[48;2;95;124;47m [38;2;94;125;47;48;2;94;124;47m▄[38;2;94;125;46;48;2;93;124;46m▄[38;2;93;122;46;48;2;94;123;46m▄[38;2;84;107;41;48;2;93;119;47m▄[38;2;83;107;40;48;2;92;118;46m▄[38;2;94;123;47;48;2;91;118;45m▄[48;2;97;127;48m [38;2;98;127;48;48;2;96;125;48m▄[38;2;95;123;47;48;2;97;127;49m▄[38;2;39;43;32;48;2;57;66;42m▄[0m [38;2;0;0;0m      [0m
 [38;2;0;0;0m    [0m [38;2;68;89;35;48;2;96;125;47m▄[38;2;93;121;44;48;2;96;125;46m▄[38;2;95;122;46;48;2;95;124;46m▄[38;2;96;124;47m▄[38;2;95;125;47m▄[48;2;95;124;47m▄[38;2;96;126;47;48;2;95;125;47m▄[48;2;95;126;47m▄[48;2;96;126;47m [38;2;95;125;46;48;2;95;124;46m▄[38;2;95;126;47m▄[38;2;96;126;46;48;2;95;123;47m▄[38;2;96;125;47;48;2;95;125;47m▄[48;2;96;125;47m [48;2;96;125;48m [38;2;98;128;49;48;2;95;123;47m▄[38;2;83;104;50;48;2;54;61;42m▄[0m [38;2;8;8;8m      [0m
 [38;2;0;0;0m    [0m [38;2;88;113;43;48;2;86;108;41m▄[38;2;96;124;48;48;2;93;120;46m▄[38;2;87;111;45;48;2;95;122;47m▄[38;2;97;124;48;48;2;96;124;47m▄[38;2;99;125;49;48;2;97;126;47m▄[38;2;90;114;47;48;2;97;126;49m▄[38;2;87;109;49;48;2;98;126;49m▄[38;2;80;102;40;48;2;98;126;48m▄[38;2;86;111;41;48;2;97;125;47m▄[38;2;96;124;47;48;2;96;125;47m▄[38;2;99;128;49;48;2;96;126;46m▄[38;2;98;126;48m▄[38;2;99;128;49m▄[38;2;101;132;48;48;2;97;127;47m▄[38;2;100;131;49;48;2;97;127;48m▄[38;2;97;127;48;48;2;97;127;49m▄[38;2;98;127;50;48;2;96;127;49m▄[38;2;77;93;49;48;2;65;74;49m▄[0m [38;2;8;8;8m     [0m
 [38;2;0;0;0m    [0m [38;2;96;126;51;48;2;98;127;50m▄[38;2;82;105;41;48;2;83;107;42m▄[38;2;98;129;49;48;2;92;117;47m▄[38;2;26;31;16;48;2;102;124;60m▄[38;2;39;39;38;48;2;157;160;145m▄[38;2;164;164;158;48;2;231;231;227m▄[38;2;8;8;7;48;2;188;187;178m▄[38;2;26;25;24;48;2;216;216;209m▄[38;2;120;121;119;48;2;217;217;212m▄[38;2;29;29;26;48;2;170;170;163m▄[38;2;127;127;123;48;2;175;176;169m▄[38;2;90;91;85;48;2;166;170;157m▄[38;2;132;132;130;48;2;171;176;159m▄[0m[7m[38;2;112;118;97m▄[0m[38;2;140;140;138;48;2;167;174;153m▄[0m[7m[38;2;100;105;88m▄[0m  [38;2;0;0;0m      [0m
 [38;2;0;0;0m  [0m [38;2;23;52;53m▄[38;2;46;80;47;48;2;61;68;48m▄[38;2;100;129;50;48;2;92;119;48m▄[38;2;99;128;50;48;2;90;116;46m▄[38;2;88;112;45;48;2;81;107;41m▄[38;2;6;3;2;48;2;5;4;2m▄[38;2;67;23;21;48;2;1;1;0m▄[38;2;94;33;28;48;2;2;1;1m▄[38;2;99;34;28;48;2;0;0;0m▄[38;2;105;37;29;48;2;5;4;2m▄[38;2;54;19;15;48;2;4;3;2m▄[38;2;1;1;1;48;2;0;0;0m▄[38;2;15;16;13;48;2;4;5;2m▄[0m[38;2;41;43;31m▄[38;2;92;92;93m▄[0m  [38;2;0;0;0m         [0m
[38;2;26;74;68m▄[38;2;28;79;71m▄[38;2;27;75;68m▄[38;2;9;45;43;48;2;35;44;44m▄[38;2;4;57;57;48;2;6;53;53m▄[38;2;57;87;41;48;2;55;76;32m▄[38;2;100;130;50;48;2;101;130;50m▄[38;2;98;127;50m▄[38;2;98;126;49;48;2;101;130;52m▄[38;2;95;122;48;48;2;79;57;30m▄[38;2;81;104;41;48;2;140;104;99m▄[38;2;82;105;46;48;2;198;192;188m▄[38;2;84;111;42;48;2;128;81;74m▄[38;2;97;126;52;48;2;129;125;118m▄[38;2;97;127;52;48;2;88;77;57m▄[38;2;97;127;51;48;2;48;58;30m▄[48;2;93;106;69m▄[38;2;97;126;50;48;2;75;89;47m▄[38;2;94;122;47;48;2;95;108;72m▄[38;2;86;111;45;48;2;77;92;52m▄[38;2;65;92;45;48;2;82;97;58m▄[0m[38;2;31;71;68m▄[38;2;53;88;83m▄[38;2;37;55;52m▄[38;2;22;37;35m▄[0m [38;2;17;18;18m    [0m
[38;2;27;81;73;48;2;28;80;73m▄[38;2;28;79;72;48;2;28;80;72m▄[38;2;29;80;73;48;2;27;77;70m▄[38;2;20;67;60;48;2;11;51;47m▄[38;2;3;60;60;48;2;4;67;66m▄[38;2;8;53;53;48;2;16;61;50m▄[38;2;23;56;40;48;2;92;119;46m▄[38;2;83;107;40;48;2;99;126;50m▄[48;2;97;125;49m [38;2;98;128;50;48;2;97;126;48m▄[38;2;98;128;49;48;2;98;128;48m▄▄[38;2;97;127;49;48;2;98;127;48m▄[38;2;98;128;50;48;2;98;128;49m▄[48;2;98;129;50m▄[38;2;97;127;49;48;2;98;128;50m▄[38;2;95;125;49;48;2;95;125;50m▄[38;2;96;126;50;48;2;96;125;50m▄[38;2;98;131;50;48;2;99;131;50m▄[38;2;40;76;45;48;2;58;84;38m▄[38;2;6;55;55;48;2;22;76;67m▄[38;2;29;81;74;48;2;30;85;78m▄[38;2;29;80;73;48;2;30;80;73m▄[38;2;29;81;73;48;2;24;68;60m▄[38;2;20;59;53;48;2;23;66;61m▄[38;2;30;82;74;48;2;34;66;61m▄[0m [38;2;25;32;31m   [0m
[38;2;23;63;57;48;2;21;62;56m▄[38;2;28;81;73;48;2;28;79;72m▄[38;2;29;83;74;48;2;29;82;74m▄[38;2;30;82;74;48;2;30;86;77m▄[38;2;26;72;65;48;2;8;44;41m▄[38;2;5;34;32;48;2;32;54;51m▄[38;2;3;35;34;48;2;13;47;46m▄[38;2;8;59;56;48;2;6;34;30m▄[38;2;9;65;61;48;2;46;80;41m▄[38;2;11;66;61;48;2;79;108;40m▄[38;2;12;59;51;48;2;100;129;50m▄[38;2;20;58;45;48;2;98;128;50m▄[38;2;21;63;48;48;2;98;127;49m▄[38;2;19;63;49;48;2;98;129;50m▄[38;2;13;54;46;48;2;99;129;50m▄[38;2;8;53;49;48;2;96;125;47m▄[38;2;6;58;56;48;2;88;116;43m▄[38;2;6;61;59;48;2;74;99;36m▄[38;2;33;61;55;48;2;52;86;43m▄[38;2;5;50;49;48;2;9;52;45m▄[38;2;8;42;40;48;2;3;41;41m▄[38;2;27;77;70;48;2;27;76;69m▄[48;2;29;81;73m [48;2;30;84;76m [38;2;23;69;62;48;2;24;68;62m▄[38;2;31;88;79;48;2;33;91;82m▄[38;2;28;45;42;48;2;34;49;47m▄[0m[38;2;28;45;42m   [0m
[?25h