[?25l[0m [38;2;0;0;0m  [0m  [7m[38;2;80;61;43m▄[38;2;100;66;34m▄[38;2;110;70;33m▄[38;2;108;63;21m▄[0m[38;2;68;53;39;48;2;88;52;15m▄[38;2;108;82;50;48;2;138;90;26m▄[38;2;136;102;60;48;2;141;91;28m▄[38;2;170;128;76;48;2;143;93;28m▄[38;2;165;117;56;48;2;144;94;28m▄[38;2;156;105;39;48;2;145;94;29m▄[38;2;148;97;32;48;2;145;94;28m▄[38;2;145;95;29;48;2;142;92;26m▄[38;2;143;94;31;48;2;135;87;26m▄[38;2;137;93;35;48;2;80;51;14m▄[38;2;100;69;38;48;2;103;61;19m▄[38;2;110;77;43;48;2;112;67;22m▄[38;2;97;73;43;48;2;95;60;20m▄[38;2;109;81;47;48;2;145;95;30m▄[38;2;86;67;43;48;2;142;92;31m▄[0m[7m[38;2;144;94;31m▄[38;2;152;105;45m▄[38;2;106;82;49m▄[0m  [0m
 [38;2;0;0;0m            [0m       [38;2;0;0;0m         [0m
 [38;2;0;0;0m                            [0m
 [38;2;0;0;0m                            [0m
 [38;2;0;0;0m                            [0m
 [38;2;0;0;0m      [0m [38;2;111;98;69m▄[38;2;165;137;82m▄[38;2;183;153;90;48;2;69;62;48m▄[38;2;180;149;86;48;2;98;86;61m▄[48;2;116;102;74m▄[38;2;181;150;88;48;2;107;94;66m▄[38;2;183;152;91;48;2;92;82;61m▄[0m[38;2;185;154;94m▄[38;2;147;123;78m▄[38;2;65;59;46m▄[0m [38;2;4;4;4m          [0m
 [38;2;0;0;0m    [0m [38;2;162;135;81m▄[38;2;182;152;88;48;2;153;131;78m▄[38;2;182;152;89;48;2;182;152;88m▄[48;2;182;151;89m [38;2;182;151;89;48;2;181;151;88m▄▄[38;2;182;152;89;48;2;181;151;89m▄[48;2;182;152;90m [38;2;182;153;90;48;2;183;153;90m▄[38;2;183;153;90;48;2;183;152;90m▄[38;2;183;152;90;48;2;182;152;89m▄[38;2;183;154;91;48;2;176;146;85m▄[38;2;164;138;84;48;2;75;67;51m▄[0m [38;2;28;27;26m         [0m
 [38;2;0;0;0m   [38;2;90;81;61m▄[38;2;181;152;89;48;2;139;118;73m▄[48;2;182;152;89m▄ [48;2;182;152;90m [38;2;183;153;90m▄  [38;2;183;152;90m▄[38;2;183;153;90m▄[48;2;183;153;90m [48;2;183;153;91m  [38;2;183;154;92;48;2;184;154;93m▄[38;2;182;154;93;48;2;185;157;96m▄[38;2;79;69;49;48;2;72;65;51m▄[0m[38;2;79;69;49m         [0m
 [38;2;0;0;0m  [0m [38;2;180;151;90;48;2;146;122;74m▄[38;2;181;152;89;48;2;182;152;90m▄[38;2;181;152;90m▄  [38;2;183;153;91m▄[38;2;182;153;91;48;2;183;153;90m▄[48;2;183;152;90m [38;2;183;153;90;48;2;182;152;90m▄[38;2;182;152;90;48;2;183;153;90m▄▄[48;2;182;152;90m [48;2;182;153;90m▄[48;2;182;153;91m▄[38;2;182;153;92;48;2;181;152;92m▄[38;2;65;59;49;48;2;78;70;52m▄[0m[38;2;65;59;49m         [0m
 [38;2;0;0;0m [38;2;92;81;61m▄[38;2;178;146;86;48;2;97;84;56m▄[38;2;180;149;86;48;2;179;148;86m▄[38;2;181;150;89;48;2;180;151;88m▄[38;2;182;152;91;48;2;182;152;89m▄[38;2;184;154;92;48;2;182;153;91m▄[48;2;184;154;92m [48;2;183;153;91m [38;2;182;152;91m▄[48;2;182;153;91m▄[38;2;183;153;91m▄[48;2;183;153;90m▄[48;2;182;152;90m▄[38;2;183;154;91m▄[38;2;183;153;92;48;2;183;153;90m▄[38;2;183;153;93;48;2;182;152;91m▄[38;2;110;96;68;48;2;162;136;85m▄[0m [38;2;0;0;0m         [0m
  [38;2;153;151;147;48;2;132;112;69m▄[38;2;202;202;202;48;2;177;147;87m▄[38;2;174;169;160;48;2;184;154;92m▄[38;2;124;105;69;48;2;181;151;91m▄[38;2;174;145;88;48;2;179;149;88m▄[38;2;181;152;91;48;2;182;153;92m▄[38;2;146;130;100;48;2;183;153;91m▄[38;2;189;188;185;48;2;176;148;88m▄[38;2;218;218;218;48;2;169;142;85m▄[38;2;179;175;167;48;2;181;152;92m▄[38;2;142;123;84;48;2;183;153;92m▄[38;2;176;148;86;48;2;183;153;90m▄[38;2;182;152;90;48;2;183;153;91m▄[38;2;183;153;91;48;2;184;154;92m▄[48;2;183;154;92m [38;2;115;99;73;48;2;167;139;83m▄[0m [38;2;7;6;6m          [0m
 [38;2;223;223;223;48;2;159;158;159m▄[38;2;221;221;221;48;2;249;249;249m▄[38;2;185;185;185;48;2;250;250;251m▄[38;2;251;252;251;48;2;249;249;249m▄[38;2;190;187;181;48;2;170;162;148m▄[38;2;184;156;96;48;2;186;158;97m▄[38;2;168;160;140;48;2;157;140;101m▄[38;2;250;250;250;48;2;238;238;238m▄[38;2;235;235;235;48;2;253;253;253m▄[38;2;155;155;156;48;2;252;252;252m▄[38;2;249;248;251;48;2;248;247;250m▄[38;2;245;245;245;48;2;193;191;188m▄[38;2;150;128;82;48;2;166;139;81m▄[38;2;186;158;97;48;2;184;155;93m▄[48;2;186;157;96m▄[38;2;86;77;60;48;2;164;140;88m▄[0m [38;2;0;0;0m           [0m
 [38;2;91;91;90;48;2;203;203;203m▄[38;2;226;226;226;48;2;250;250;250m▄[38;2;250;250;251;48;2;245;245;245m▄[38;2;214;213;211;48;2;250;250;250m▄[38;2;154;132;85;48;2;170;163;148m▄[38;2;178;149;85;48;2;176;149;87m▄[38;2;153;132;87;48;2;159;150;129m▄[38;2;207;207;206;48;2;249;248;250m▄[38;2;252;252;252;48;2;251;251;251m▄[38;2;252;251;251;48;2;238;238;238m▄[38;2;244;244;244;48;2;253;253;253m▄[38;2;156;146;125;48;2;224;223;223m▄[38;2;179;151;89;48;2;160;135;84m▄[38;2;158;133;79;48;2;182;154;92m▄[0m[7m[38;2;134;116;77m▄[0m [38;2;0;0;0m            [0m
  [38;2;140;118;77;48;2;153;129;85m▄[38;2;136;112;65;48;2;150;135;103m▄[38;2;177;146;84;48;2;129;110;71m▄[38;2;179;149;87;48;2;183;154;92m▄[38;2;180;149;86;48;2;183;154;91m▄[38;2;183;153;89;48;2;177;150;89m▄[38;2;158;130;75;48;2;126;104;63m▄[38;2;158;131;78;48;2;167;153;125m▄[38;2;177;146;85;48;2;168;157;135m▄[38;2;184;154;94;48;2;148;132;96m▄[38;2;186;157;97;48;2;179;152;95m▄[38;2;119;104;69;48;2;181;155;95m▄[0m[7m[38;2;83;75;58m▄[0m [38;2;0;0;0m             [0m
  [38;2;141;117;73;48;2;139;116;73m▄[38;2;142;117;66;48;2;137;113;65m▄[38;2;157;128;72;48;2;179;147;83m▄[38;2;128;104;59;48;2;181;150;87m▄[48;2;150;123;71m [38;2;183;152;89;48;2;180;150;87m▄[38;2;182;152;89;48;2;181;150;87m▄[38;2;183;152;90;48;2;181;150;88m▄[38;2;183;154;92;48;2;180;150;88m▄[38;2;174;145;86;48;2;169;141;84m▄[38;2;137;114;71;48;2;155;131;82m▄[0m[38;2;71;63;46m▄[0m [38;2;15;15;15m              [0m
  [38;2;129;109;65;48;2;138;117;74m▄[38;2;179;149;84;48;2;182;150;88m▄[38;2;182;152;88;48;2;169;141;84m▄[38;2;183;152;89;48;2;178;147;86m▄[38;2;182;152;90;48;2;178;148;85m▄[38;2;179;150;89;48;2;179;148;86m▄[38;2;128;107;62;48;2;172;142;82m▄[38;2;181;152;89;48;2;180;149;87m▄[38;2;138;116;71;48;2;181;151;89m▄[38;2;157;130;80;48;2;146;121;71m▄[38;2;182;151;90;48;2;144;120;73m▄[38;2;186;157;95;48;2;178;149;87m▄[38;2;130;113;77;48;2;109;95;70m▄[0m [38;2;5;5;5m             [0m
 [38;2;65;58;43m▄[38;2;186;157;97;48;2;159;134;80m▄[38;2;184;155;92;48;2;181;151;88m▄[38;2;182;152;89;48;2;181;152;89m▄[38;2;180;151;88;48;2;182;153;89m▄[38;2;179;149;87;48;2;183;154;92m▄[38;2;134;111;64;48;2;154;128;75m▄[38;2;154;126;73;48;2;158;132;80m▄[38;2;188;158;95;48;2;188;159;99m▄[38;2;66;59;47;48;2;116;101;75m▄[0m  [7m[38;2;59;55;47m▄[0m [38;2;0;0;0m              [0m
 [38;2;53;47;36;48;2;116;103;76m▄[38;2;163;136;79;48;2;182;152;89m▄[38;2;180;151;90;48;2;184;154;91m▄[38;2;160;136;85;48;2;185;155;92m▄[38;2;120;99;61;48;2;180;150;88m▄[38;2;156;127;73;48;2;127;105;60m▄[38;2;175;143;79;48;2;181;149;87m▄[38;2;183;150;85;48;2;183;151;86m▄[38;2;181;151;85;48;2;183;151;87m▄[0m[7m[38;2;51;46;38m▄[0m[38;2;44;40;32m                  [0m
       [38;2;108;92;64;48;2;142;115;67m▄[38;2;188;158;96;48;2;183;151;86m▄[38;2;187;158;97;48;2;183;153;87m▄[38;2;101;90;70;48;2;58;51;40m▄[0m[38;2;101;90;70m                  [0m
 [38;2;0;0;0m      [0m [38;2;144;122;76;48;2;182;151;91m▄[38;2;181;149;85;48;2;183;152;90m▄[38;2;150;127;73;48;2;117;102;70m▄[0m[38;2;59;77;46m▄[38;2;75;100;58m▄[38;2;74;92;59m▄[0m [38;2;22;21;22m              [0m
 [38;2;0;0;0m     [38;2;44;52;40m▄[38;2;63;84;49;48;2;44;50;40m▄[38;2;60;70;39;48;2;99;93;56m▄[38;2;132;117;69;48;2;185;155;94m▄[38;2;91;96;55;48;2;185;154;92m▄[38;2;84;105;62;48;2;67;74;42m▄[38;2;88;110;65;48;2;78;101;59m▄[38;2;87;109;64;48;2;87;113;65m▄[38;2;65;73;56;48;2;48;51;45m▄[0m [38;2;9;9;9m             [0m
 [38;2;0;0;0m    [0m [38;2;56;65;48;48;2;65;81;55m▄[38;2;88;114;66;48;2;81;106;62m▄[38;2;90;115;68;48;2;83;109;64m▄[38;2;91;114;68;48;2;93;120;71m▄[38;2;92;116;68;48;2;92;117;69m▄[38;2;93;117;68;48;2;91;114;67m▄[38;2;68;87;50;48;2;89;111;66m▄[38;2;57;81;46;48;2;79;99;57m▄[38;2;66;95;56;48;2;54;76;44m▄[38;2;68;96;56;48;2;63;85;56m▄[38;2;59;83;49;48;2;47;59;43m▄[0m[38;2;48;70;39m▄[38;2;65;95;54;48;2;38;44;36m▄[38;2;64;92;54;48;2;48;62;44m▄[38;2;60;86;51;48;2;45;59;41m▄[0m[38;2;53;75;46m▄[0m [38;2;32;33;32m      [0m
[?25h