[?25l[0m [38;2;0;0;0m    [0m [38;2;64;58;27m▄[0m [38;2;32;31;21m [0m [38;2;79;74;24;48;2;44;43;26m▄[38;2;94;90;35;48;2;73;71;40m▄[0m [38;2;32;31;27m [0m  [38;2;10;10;9m              [0m
 [38;2;0;0;0m    [0m [38;2;115;103;27;48;2;74;77;41m▄[38;2;109;100;23;48;2;73;71;27m▄[38;2;89;83;20;48;2;78;74;32m▄[38;2;90;86;23;48;2;102;94;30m▄[38;2;93;90;24;48;2;118;107;30m▄[38;2;97;94;26;48;2;103;92;27m▄[38;2;99;94;24;48;2;103;93;36m▄[38;2;91;84;21;48;2;72;67;35m▄[38;2;94;86;21;48;2;79;71;24m▄[38;2;55;52;31;48;2;76;71;35m▄[0m[38;2;55;52;31m              [0m
 [38;2;0;0;0m  [0m [38;2;50;49;34m▄[38;2;115;112;34;48;2;34;34;28m▄[38;2;117;115;32;48;2;79;72;16m▄[38;2;122;120;36;48;2;102;98;26m▄[38;2;123;121;36;48;2;125;122;36m▄[48;2;122;120;36m▄[38;2;122;121;36;48;2;121;120;36m▄[38;2;122;120;36;48;2;122;121;37m▄[48;2;122;120;36m [38;2;122;121;37m▄[38;2;123;122;37;48;2;110;108;32m▄[38;2;117;117;36;48;2;59;58;35m▄[0m[38;2;50;49;31m▄             [0m
 [38;2;0;0;0m [0m [38;2;99;96;32m▄[38;2;124;121;35;48;2;111;109;31m▄[38;2;123;120;35;48;2;120;118;33m▄[38;2;122;120;35;48;2;122;120;34m▄[38;2;122;121;35;48;2;123;121;35m▄[48;2;123;121;36m  [38;2;123;121;36;48;2;122;120;36m▄[38;2;123;121;37m▄[38;2;123;121;36m▄[48;2;123;122;37m [48;2;124;122;37m [38;2;124;123;38;48;2;123;121;37m▄[38;2;125;124;37;48;2;110;109;35m▄[0m[38;2;77;76;39m▄            [0m
 [38;2;63;62;34m▄[38;2;117;115;36;48;2;72;72;43m▄[38;2;125;123;37;48;2;123;121;36m▄[38;2;124;122;36m▄[48;2;124;121;36m▄[38;2;123;121;34;48;2;123;121;35m▄[38;2;124;121;34m▄[38;2;124;121;36;48;2;123;121;36m▄[48;2;124;121;36m [38;2;124;121;37;48;2;124;122;37m▄[48;2;124;122;36m▄[48;2;124;122;37m [48;2;123;121;37m [48;2;123;122;37m [38;2;124;122;37;48;2;125;123;38m▄[38;2;122;120;37;48;2;125;123;37m▄[38;2;98;98;26;48;2;103;102;36m▄[0m[38;2;61;60;31m▄[38;2;49;47;31m▄[0m [38;2;24;23;19m         [0m
 [38;2;103;102;68;48;2;93;92;35m▄[38;2;157;156;80;48;2;124;123;36m▄[38;2;148;146;68;48;2;125;122;37m▄[38;2;133;130;56;48;2;124;121;37m▄[38;2;119;117;44;48;2;124;121;36m▄[38;2;128;126;49;48;2;124;121;35m▄[38;2;132;130;53;48;2;125;122;36m▄[38;2;142;140;59;48;2;126;123;36m▄[38;2;154;153;71;48;2;125;122;36m▄[38;2;174;174;97;48;2;125;123;36m▄[38;2;123;121;56;48;2;124;122;36m▄[38;2;123;121;36m▄[48;2;123;121;36m [38;2;123;122;36;48;2;122;120;36m▄▄[38;2;122;121;37;48;2;109;108;32m▄[38;2;120;120;35;48;2;123;122;36m▄[38;2;115;115;34;48;2;96;95;24m▄[38;2;91;86;26;48;2;88;84;21m▄[0m[7m[38;2;49;47;27m▄[0m[38;2;18;17;17m         [0m
 [38;2;164;163;104;48;2;186;185;106m▄[38;2;244;243;145;48;2;242;241;137m▄[38;2;161;159;88;48;2;148;147;83m▄[38;2;240;240;132;48;2;243;244;139m▄[38;2;153;152;76;48;2;201;200;106m▄[38;2;233;234;123;48;2;244;244;136m▄[38;2;166;167;88;48;2;162;162;92m▄[38;2;214;214;118;48;2;219;219;116m▄[38;2;242;242;135;48;2;241;241;128m▄[38;2;240;241;133;48;2;241;241;134m▄[38;2;148;146;70;48;2;170;169;89m▄[38;2;124;122;37;48;2;121;120;35m▄[38;2;125;123;37;48;2;123;121;36m▄[48;2;123;122;36m [38;2;122;120;35;48;2;122;121;35m▄[38;2;121;120;34;48;2;122;121;36m▄[38;2;120;118;34m▄[38;2;117;116;34;48;2;123;122;37m▄[38;2;84;84;36;48;2;52;52;30m▄[0m [38;2;1;1;1m         [0m
 [38;2;101;100;29;48;2;81;82;33m▄[38;2;92;93;25;48;2;158;159;79m▄[38;2;117;116;34;48;2;169;168;89m▄[38;2;123;120;36;48;2;116;115;44m▄[38;2;124;122;37;48;2;131;129;39m▄[38;2;113;110;32;48;2;127;124;51m▄[38;2;101;98;27;48;2;196;196;99m▄[38;2;102;100;29;48;2;230;229;119m▄[38;2;108;106;33;48;2;218;218;123m▄[38;2;126;123;40;48;2;153;152;81m▄[38;2;114;111;33;48;2;114;112;37m▄[38;2;125;123;38;48;2;124;122;38m▄[38;2;123;121;37m▄[48;2;123;121;36m▄[38;2;123;121;36;48;2;122;120;34m▄[48;2;121;120;35m▄[38;2;126;124;37;48;2;121;120;36m▄[38;2;94;92;26;48;2;124;122;35m▄[38;2;109;108;32;48;2;95;94;25m▄[38;2;98;98;30;48;2;47;48;31m▄[0m[38;2;106;109;33m▄[0m [38;2;22;21;21m       [0m
[38;2;117;115;33;48;2;89;90;37m▄[38;2;123;121;34;48;2;122;120;35m▄[38;2;124;123;36;48;2;107;105;31m▄[38;2;125;123;37;48;2;124;123;37m▄[38;2;124;122;36;48;2;124;123;36m▄[38;2;123;122;35m▄[38;2;123;122;36;48;2;124;122;36m▄[38;2;122;121;36;48;2;116;114;32m▄[38;2;123;121;36;48;2;102;100;28m▄[38;2;124;123;37;48;2;122;120;36m▄[38;2;123;121;36;48;2;127;125;39m▄[38;2;125;122;39;48;2;125;122;38m▄[38;2;123;121;37;48;2;125;122;39m▄[48;2;124;122;38m [38;2;124;122;38;48;2;124;122;37m▄ [48;2;123;122;37m [38;2;121;120;37;48;2;122;121;37m▄[38;2;115;114;34;48;2;113;112;33m▄[38;2;93;93;24;48;2;68;68;17m▄[38;2;124;124;36;48;2;100;99;26m▄[38;2;66;66;39;48;2;106;108;36m▄[0m [38;2;2;2;2m       [0m
[38;2;124;122;36;48;2;124;122;35m▄[48;2;123;121;34m▄[38;2;124;123;36;48;2;124;122;35m▄[38;2;124;122;35;48;2;124;123;35m▄[48;2;124;122;35m [48;2;123;122;36m [38;2;123;122;35m▄[48;2;124;122;36m [38;2;125;124;37;48;2;124;123;37m▄[38;2;125;124;38m▄[48;2;124;123;38m▄[48;2;125;123;38m▄▄ [48;2;124;123;37m [48;2;123;122;37m [38;2;123;122;37;48;2;123;121;37m▄[38;2;127;125;38;48;2;124;122;37m▄[38;2;107;107;29;48;2;124;123;36m▄[38;2;100;100;28;48;2;97;97;25m▄[38;2;84;84;25;48;2;102;103;30m▄[38;2;85;84;24;48;2;65;59;21m▄[38;2;59;7;13;48;2;45;20;22m▄[0m[38;2;47;28;31m▄      [0m
[38;2;124;122;37;48;2;122;121;36m▄[38;2;125;123;38;48;2;124;122;37m▄[48;2;125;123;37m▄[48;2;124;123;37m▄[38;2;125;123;37;48;2;124;122;36m▄[38;2;124;123;37m▄[38;2;124;122;36;48;2;124;122;35m▄[38;2;124;122;37;48;2;125;123;37m▄[38;2;125;123;38;48;2;125;124;38m▄[38;2;128;126;39;48;2;126;124;38m▄[38;2;129;127;40;48;2;126;125;38m▄[38;2;126;125;39m▄[38;2;124;122;37;48;2;125;124;38m▄▄[38;2;125;123;37;48;2;124;123;37m▄[38;2;125;124;37m▄[38;2;123;122;37;48;2;123;122;36m▄[38;2;121;120;37;48;2;122;122;37m▄[38;2;121;119;37;48;2;124;122;37m▄[38;2;123;122;37;48;2;118;116;35m▄[38;2;125;124;37;48;2;118;116;36m▄[38;2;98;92;26;48;2;105;106;31m▄[38;2;69;5;13;48;2;53;5;11m▄[38;2;47;12;17;48;2;61;26;31m▄[0m[38;2;47;12;17m      [0m
[38;2;95;94;39;48;2;127;124;39m▄[38;2;107;105;30;48;2;127;125;40m▄[38;2;110;108;30;48;2;126;124;39m▄[38;2;106;103;30;48;2;124;122;38m▄[38;2;101;99;30;48;2;125;123;37m▄[38;2;98;95;29;48;2;128;125;38m▄[38;2;111;109;50;48;2;107;105;31m▄[38;2;213;230;200;48;2;98;99;40m▄[38;2;160;169;144;48;2;107;109;57m▄[38;2;179;199;169;48;2;132;139;88m▄[38;2;180;200;169;48;2;138;146;94m▄[38;2;99;100;41;48;2;94;95;47m▄[38;2;211;228;204;48;2;108;113;60m▄[38;2;148;155;112;48;2;100;100;32m▄[38;2;88;88;24;48;2;111;108;32m▄[38;2;119;116;35;48;2;123;121;36m▄[38;2;112;111;34;48;2;122;121;37m▄[38;2;123;123;37;48;2;123;122;37m▄[38;2;124;124;37;48;2;122;122;36m▄[38;2;123;123;36;48;2;121;121;36m▄[38;2;70;52;18;48;2;119;118;35m▄[38;2;67;6;15;48;2;62;27;15m▄[38;2;72;6;15;48;2;68;6;15m▄[38;2;55;15;20;48;2;53;22;27m▄[0m[38;2;41;25;27m▄[0m [38;2;12;12;12m    [0m
[38;2;85;62;58;48;2;103;104;59m▄[38;2;82;80;25;48;2;131;127;38m▄[38;2;123;121;36;48;2;126;123;37m▄[38;2;125;122;36;48;2;125;123;37m▄[38;2;125;123;37;48;2;125;122;37m▄[38;2;126;123;37;48;2;127;124;38m▄[38;2;125;123;38;48;2;129;125;38m▄[38;2;117;115;39;48;2;152;162;121m▄[38;2;113;114;47;48;2;141;151;109m▄[38;2;118;118;43;48;2;142;152;110m▄[38;2;124;124;41;48;2;142;151;105m▄[38;2;123;122;36;48;2;126;126;39m▄[38;2;113;112;33;48;2;150;159;126m▄[38;2;119;118;35;48;2;116;117;49m▄[38;2;122;121;37;48;2;104;103;29m▄[38;2;124;124;38;48;2;128;127;38m▄[38;2;124;124;37;48;2;115;114;35m▄[38;2;119;118;36;48;2;121;120;38m▄[38;2;70;49;18;48;2;120;119;36m▄[38;2;66;6;15;48;2;74;61;19m▄[48;2;70;6;15m [38;2;71;6;15;48;2;72;6;15m▄[38;2;59;6;11;48;2;67;5;14m▄[38;2;65;7;11;48;2;51;5;10m▄[38;2;72;6;14;48;2;73;7;15m▄[38;2;64;6;13;48;2;69;12;18m▄[38;2;55;6;12;48;2;51;27;28m▄[0m[38;2;56;6;13m▄[38;2;65;9;17m▄[38;2;44;23;25m▄[0m
[38;2;97;15;16;48;2;43;5;9m▄[38;2;67;8;13;48;2;67;38;15m▄[38;2;106;101;29;48;2;126;125;36m▄[38;2;124;123;37;48;2;125;124;37m▄[38;2;124;122;37;48;2;125;123;36m▄[48;2;124;122;36m [38;2;123;121;35;48;2;124;122;37m▄[38;2;123;121;36;48;2;124;121;37m▄[38;2;124;122;37;48;2;124;122;36m▄[38;2;123;121;36;48;2;124;123;37m▄[38;2;122;120;35;48;2;125;123;37m▄[38;2;122;121;36;48;2;123;122;36m▄[38;2;124;122;37;48;2;122;121;36m▄[38;2;124;123;37;48;2;123;122;37m▄[38;2;115;116;34;48;2;122;122;38m▄[38;2;77;57;20;48;2;122;120;38m▄[38;2;64;8;14;48;2;102;98;29m▄[38;2;71;6;16;48;2;63;26;15m▄[38;2;70;6;15;48;2;74;6;16m▄[38;2;75;7;15;48;2;73;6;15m▄[38;2;71;8;12;48;2;71;6;16m▄[38;2;116;19;18;48;2;60;7;12m▄[38;2;137;23;23;48;2;124;22;20m▄[38;2;131;23;21;48;2;131;23;22m▄[38;2;69;8;14;48;2;74;12;12m▄[38;2;70;6;15;48;2;56;5;12m▄[38;2;71;7;15;48;2;69;6;15m▄[48;2;72;7;16m▄[38;2;70;6;15;48;2;74;7;16m▄[38;2;62;8;15;48;2;75;25;32m▄[0m
[38;2;104;15;16;48;2;122;19;18m▄[38;2;61;5;10;48;2;70;5;12m▄[38;2;71;7;15;48;2;62;31;14m▄[38;2;58;30;15;48;2;118;116;35m▄[38;2;105;101;31;48;2;121;119;36m▄[38;2;126;123;37;48;2;123;120;37m▄[38;2;126;124;39;48;2;124;122;36m▄[38;2;126;124;38m▄[38;2;122;119;37m▄[38;2;123;120;36;48;2;123;121;36m▄[38;2;101;94;27;48;2;122;121;35m▄[38;2;74;49;18;48;2;124;122;35m▄[38;2;62;10;14;48;2;116;114;33m▄[38;2;72;6;16;48;2;84;65;22m▄[38;2;71;6;15;48;2;61;13;14m▄[38;2;71;5;14;48;2;72;6;15m▄[48;2;73;6;16m▄[38;2;62;5;12;48;2;74;6;15m▄[38;2;64;6;13;48;2;68;6;14m▄[38;2;66;8;13;48;2;62;8;10m▄[38;2;100;16;16;48;2;128;23;20m▄[38;2;133;22;21;48;2;139;23;23m▄[38;2;109;19;18;48;2;134;23;22m▄[38;2;61;5;13;48;2;74;10;13m▄[38;2;71;6;15;48;2;74;6;16m▄[38;2;71;7;16;48;2;71;6;16m▄[48;2;70;6;15m▄[38;2;73;7;16;48;2;70;7;16m▄[48;2;71;7;16m [38;2;55;23;24;48;2;74;15;22m▄[0m
[38;2;75;6;16;48;2;77;6;16m▄[38;2;71;7;16;48;2;63;6;13m▄[38;2;62;6;13;48;2;51;5;11m▄[38;2;61;5;11;48;2;68;7;14m▄[38;2;71;6;13;48;2;61;9;12m▄[38;2;60;6;11;48;2;72;34;16m▄[38;2;64;6;13;48;2;80;49;18m▄[38;2;64;6;12;48;2;78;47;18m▄[38;2;78;7;16;48;2;56;37;14m▄[38;2;74;6;14;48;2;61;14;14m▄[38;2;72;5;14;48;2;71;7;15m▄[38;2;64;5;12;48;2;70;6;15m▄[38;2;56;4;11;48;2;70;6;14m▄[38;2;57;5;11;48;2;73;6;14m▄[38;2;67;6;13;48;2;66;5;13m▄[38;2;76;6;16;48;2;57;4;10m▄[38;2;74;6;16;48;2;57;4;11m▄[38;2;73;6;16;48;2;73;5;15m▄[38;2;74;6;16;48;2;77;6;16m▄[38;2;77;6;16;48;2;78;7;16m▄[38;2;75;6;16;48;2;70;7;14m▄[38;2;76;6;15;48;2;93;12;14m▄[38;2;60;5;12;48;2;85;11;15m▄[38;2;75;6;15;48;2;71;6;15m▄[48;2;70;6;15m [38;2;59;12;13;48;2;72;7;16m▄[38;2;76;62;21;48;2;74;7;16m▄[38;2;111;108;30;48;2;67;15;14m▄[38;2;121;118;33;48;2;80;62;20m▄[38;2;122;120;33;48;2;92;91;28m▄[0m
[7m[38;2;72;7;16m▄[38;2;75;7;16m▄[38;2;78;7;16m▄[38;2;79;7;16m▄[38;2;62;6;13m▄[38;2;70;7;15m▄[38;2;68;7;15m▄[38;2;60;6;12m▄[38;2;67;7;13m▄[38;2;60;6;12m▄[38;2;66;6;13m▄[38;2;77;7;16m▄[38;2;75;7;17m▄[38;2;77;7;16m▄[38;2;79;6;16m▄[38;2;79;7;17m▄[38;2;76;7;17m▄[38;2;73;7;16m▄▄[38;2;76;7;17m▄[38;2;76;7;16m▄[38;2;69;6;15m▄[38;2;57;5;11m▄[38;2;76;7;15m▄[38;2;77;47;19m▄[38;2;107;104;31m▄[38;2;118;115;34m▄[38;2;120;117;34m▄[38;2;116;114;32m▄[38;2;120;119;35m▄[0m
[?25h