[?25l[0m[38;2;134;140;143;48;2;177;185;192m▄[38;2;140;145;148;48;2;177;184;192m▄[38;2;141;146;149;48;2;179;186;194m▄[38;2;145;150;153m▄[38;2;147;153;157m▄[38;2;145;151;155m▄[38;2;143;149;154;48;2;178;186;193m▄[38;2;143;149;153;48;2;177;185;192m▄[38;2;145;151;155;48;2;176;185;193m▄[38;2;145;152;156;48;2;177;185;193m▄[38;2;136;141;144;48;2;148;154;159m▄[38;2;129;133;136;48;2;180;187;194m▄[38;2;137;142;145;48;2;178;185;193m▄[38;2;129;135;138;48;2;175;183;191m▄[38;2;128;134;135;48;2;174;182;190m▄[38;2;126;131;132m▄[38;2;143;150;150;48;2;165;172;177m▄[38;2;121;127;129;48;2;98;102;104m▄[0m[38;2;88;91;93m▄           [0m
[38;2;150;157;159;48;2;149;156;158m▄[48;2;148;155;158m▄[38;2;149;156;159;48;2;149;156;158m▄[38;2;149;157;159;48;2;148;156;158m▄[38;2;150;157;160;48;2;148;155;158m▄[38;2;150;157;159;48;2;147;155;158m▄[48;2;148;155;158m▄[48;2;148;156;158m▄[38;2;150;158;160;48;2;150;157;160m▄[38;2;151;159;162;48;2;153;161;163m▄[38;2;140;147;150;48;2;147;155;158m▄[38;2;127;134;136;48;2;130;136;138m▄[38;2;148;155;157;48;2;147;154;157m▄[38;2;150;156;158;48;2;146;153;155m▄[38;2;148;156;158;48;2;147;154;156m▄[48;2;149;156;158m▄[38;2;148;155;157;48;2;151;158;160m▄[38;2;120;126;129;48;2;122;128;130m▄[38;2;119;124;127;48;2;109;112;114m▄[0m[38;2;76;78;80m▄          [0m
[7m[38;2;104;109;110m▄[38;2;122;126;128m▄[38;2;120;125;127m▄[38;2;120;124;126m▄[38;2;120;125;127m▄[38;2;119;124;126m▄[38;2;121;125;127m▄[38;2;122;126;128m▄[38;2;118;123;125m▄[38;2;117;123;125m▄[38;2;108;113;116m▄[38;2;112;117;119m▄[38;2;119;124;125m▄[38;2;113;117;118m▄[38;2;81;85;86m▄[38;2;82;86;87m▄[0m    [38;2;0;0;0m          [0m
 [38;2;0;0;0m                  [38;2;102;114;72m▄[38;2;90;101;62m▄         [0m
  [38;2;134;154;80;48;2;117;131;76m▄[0m [38;2;35;38;28m            [0m  [38;2;47;51;36m▄[38;2;130;149;87;48;2;103;118;73m▄[38;2;81;93;57;48;2;73;83;51m▄[0m [38;2;19;20;18m [0m [38;2;78;85;57m▄     [0m
[38;2;86;98;60m▄[38;2;113;130;73m▄[38;2;143;168;85;48;2;137;161;86m▄[0m[38;2;116;134;75m▄[38;2;90;102;62m▄[0m  [38;2;117;139;72m▄[38;2;63;71;44m▄     [0m [38;2;95;110;63m▄[38;2;146;171;87;48;2;90;100;64m▄[38;2;147;171;88;48;2;139;162;85m▄[38;2;147;171;90;48;2;146;170;90m▄ [38;2;146;170;90;48;2;140;166;87m▄[38;2;146;170;89;48;2;134;158;85m▄[38;2;144;169;86;48;2;90;102;62m▄[38;2;147;168;88;48;2;115;130;74m▄[38;2;52;56;39;48;2;59;65;40m▄[0m[38;2;52;56;39m     [0m
[38;2;145;170;88;48;2;144;168;87m▄▄[38;2;146;170;89;48;2;145;169;88m▄[38;2;146;171;89;48;2;145;170;88m▄[38;2;147;171;89;48;2;146;170;88m▄[38;2;147;171;90;48;2;146;170;89m▄[38;2;146;171;90;48;2;131;152;84m▄[38;2;133;155;83;48;2;121;141;77m▄[0m [38;2;41;44;35m    [0m [38;2;124;144;76;48;2;67;75;49m▄[38;2;146;170;89;48;2;147;171;91m▄[48;2;146;171;89m [48;2;147;171;89m▄[48;2;146;171;90m  [38;2;146;171;90;48;2;146;170;89m▄▄[38;2;145;171;90;48;2;145;170;89m▄[38;2;146;170;90m▄[38;2;145;170;90;48;2;140;163;86m▄[0m[38;2;132;155;84m▄[0m [38;2;19;20;16m   [0m
[7m[38;2;146;171;89m [0m[38;2;146;171;89;48;2;146;170;89m▄[48;2;147;171;90m   [38;2;146;171;91m▄[38;2;146;171;90;48;2;146;171;89m▄[48;2;145;170;88m▄[38;2;145;171;90;48;2;130;152;84m▄[0m[38;2;102;118;71m▄[0m [38;2;2;2;2m  [38;2;73;82;52m▄[38;2;147;170;91;48;2;145;169;88m▄[48;2;146;170;89m [38;2;146;171;90;48;2;146;171;89m▄[48;2;146;170;89m▄[38;2;147;171;90;48;2;146;171;89m▄[38;2;147;172;90;48;2;146;171;90m▄[38;2;147;172;91m▄[48;2;147;171;91m▄[38;2;146;171;91;48;2;146;171;90m▄   [38;2;134;156;86;48;2;91;104;64m▄[0m [38;2;14;14;13m  [0m
[38;2;146;171;90;48;2;146;171;89m▄[48;2;147;171;90m  [48;2;147;172;90m  [38;2;147;171;90m▄[48;2;147;171;90m [48;2;146;171;89m [38;2;146;171;90m▄[38;2;146;171;89;48;2;143;168;86m▄[0m[38;2;86;98;58m▄  [38;2;85;95;61;48;2;77;87;52m▄[38;2;148;172;91;48;2;146;171;90m▄[38;2;147;171;90;48;2;146;171;89m▄[38;2;148;172;91;48;2;147;171;90m▄[48;2;147;172;90m▄[38;2;147;172;91m▄[38;2;147;171;90;48;2;146;171;90m▄[48;2;147;172;91m▄ [38;2;147;172;90;48;2;146;171;91m▄[38;2;146;171;90m▄[48;2;146;171;90m [48;2;145;171;90m▄[38;2;144;170;90;48;2;144;170;89m▄[0m[38;2;81;92;59m▄  [0m
[38;2;147;171;90;48;2;146;171;90m▄[48;2;147;171;90m  [38;2;147;172;89;48;2;147;171;89m▄▄[38;2;148;172;91;48;2;147;171;90m▄[38;2;146;169;89;48;2;146;171;90m▄[38;2;147;171;90;48;2;146;171;89m▄[38;2;147;172;90;48;2;147;171;90m▄[38;2;147;173;89;48;2;146;170;88m▄[38;2;145;171;89;48;2;127;146;79m▄[0m [38;2;32;34;28m [7m[38;2;56;64;40m▄[0m[38;2;147;172;90;48;2;146;170;87m▄[38;2;150;174;92;48;2;147;171;90m▄[38;2;149;174;93;48;2;148;173;91m▄[38;2;148;172;92m▄[38;2;148;172;91;48;2;147;172;91m▄[38;2;147;171;90;48;2;147;172;90m▄[38;2;148;172;91;48;2;147;172;91m▄[38;2;149;173;92m▄[38;2;149;173;93m▄[38;2;147;171;90;48;2;147;171;91m▄[38;2;147;171;89;48;2;146;171;89m▄[38;2;146;170;90;48;2;146;171;90m▄[48;2;145;171;90m▄[38;2;128;150;78;48;2;101;115;70m▄[0m [38;2;35;38;26m [0m
[38;2;138;161;84;48;2;147;172;91m▄[38;2;152;157;109;48;2;147;171;91m▄[38;2;186;188;134;48;2;146;170;88m▄[38;2;165;172;121;48;2;148;171;89m▄[38;2;146;157;101;48;2;150;174;92m▄[38;2;138;158;86;48;2;150;175;92m▄[38;2;152;175;93;48;2;143;165;88m▄[38;2;129;149;77;48;2;127;146;76m▄[38;2;147;171;90;48;2;146;170;88m▄[38;2;130;148;80;48;2;147;173;90m▄[38;2;124;136;79;48;2;146;172;87m▄[38;2;145;156;97;48;2;118;137;75m▄[0m[38;2;58;62;44m▄[0m [38;2;89;100;61;48;2;136;156;89m▄[38;2;145;170;88;48;2;149;174;92m▄[38;2;147;172;90;48;2;148;173;92m▄[38;2;190;193;141;48;2;140;150;95m▄[38;2;252;247;188;48;2;192;193;139m▄[38;2;192;190;150;48;2;173;179;126m▄[38;2;175;173;123;48;2;148;159;104m▄[38;2;236;233;167;48;2;130;149;82m▄[38;2;142;150;98;48;2;152;177;97m▄[38;2;126;147;78;48;2;132;154;84m▄[38;2;163;167;119;48;2;149;173;90m▄[38;2;238;235;174;48;2;122;142;73m▄[38;2;123;122;88;48;2;141;156;95m▄[38;2;243;239;183;48;2;155;166;106m▄[38;2;126;124;98;48;2;84;91;63m▄[0m[38;2;126;124;98m [0m
[38;2;149;174;92;48;2;137;161;83m▄[38;2;183;188;137;48;2;211;209;159m▄[48;2;251;247;190m [38;2;229;227;179;48;2;176;174;139m▄[38;2;238;235;176;48;2;197;195;150m▄[38;2;250;246;177;48;2;233;229;168m▄[38;2;148;158;100;48;2;130;137;87m▄[38;2;133;156;79;48;2;112;130;69m▄[38;2;228;226;170;48;2;180;182;132m▄[38;2;251;248;187;48;2;240;237;171m▄[38;2;215;213;159;48;2;124;123;90m▄[38;2;244;243;179;48;2;247;246;194m▄[0m[7m[38;2;92;92;77m▄[0m[38;2;56;55;47m [0m [38;2;123;139;80;48;2;143;168;86m▄[38;2;150;174;91;48;2;150;175;93m▄[38;2;143;167;86;48;2;168;179;118m▄[38;2;158;168;106;48;2;250;245;185m▄[38;2;193;194;135;48;2;233;229;167m▄[38;2;202;201;150;48;2;232;229;171m▄[38;2;179;183;134;48;2;250;246;182m▄[38;2;138;160;85;48;2;158;166;109m▄[38;2;143;168;85;48;2;137;161;80m▄[38;2;133;147;86;48;2;199;199;141m▄[38;2;187;189;132;48;2;250;247;181m▄[38;2;190;192;136;48;2;214;211;150m▄[38;2;133;140;99;48;2;247;245;190m▄[0m[7m[38;2;81;80;65m▄[0m[38;2;7;7;7m [0m
[38;2;147;171;88;48;2;149;174;91m▄[38;2;147;172;89;48;2;141;162;86m▄[38;2;146;171;89;48;2;173;179;122m▄[38;2;144;167;87;48;2;197;195;146m▄[38;2;143;166;87;48;2;199;197;143m▄[38;2;147;171;89;48;2;170;175;122m▄[38;2;146;171;89;48;2;139;162;85m▄[38;2;146;171;90;48;2;145;170;87m▄[38;2;144;168;88;48;2;144;154;99m▄[38;2;140;166;86;48;2;190;191;143m▄[38;2;141;166;86;48;2;187;188;141m▄[38;2;110;124;77;48;2;126;131;93m▄[0m [38;2;0;0;0m [38;2;59;64;44m▄[38;2;124;145;71;48;2;90;102;63m▄[38;2;143;166;87;48;2;143;167;86m▄[38;2;148;172;90;48;2;146;171;88m▄[48;2;147;171;88m▄[38;2;148;173;90;48;2;149;173;90m▄[38;2;148;173;91;48;2;148;171;89m▄[38;2;148;172;91;48;2;148;173;90m▄[48;2;147;172;90m [38;2;146;171;89m▄[38;2;146;170;89;48;2;145;170;88m▄[48;2;143;167;86m▄[38;2;145;170;89;48;2;146;171;88m▄[38;2;142;167;84;48;2;130;151;80m▄[0m[38;2;59;66;46m▄ [0m
[38;2;141;163;85;48;2;138;160;82m▄[38;2;146;169;87;48;2;146;170;88m▄ [38;2;146;171;89m▄[48;2;146;171;89m [38;2;145;170;89;48;2;146;170;89m▄[48;2;145;170;89m  [38;2;145;169;88;48;2;146;171;91m▄[38;2;145;170;89;48;2;144;169;87m▄[38;2;144;170;88;48;2;143;169;85m▄[38;2;127;148;80;48;2;96;107;69m▄[0m [38;2;25;25;22m [0m [38;2;75;81;57;48;2;133;155;80m▄[38;2;125;142;76;48;2;148;170;89m▄[38;2;132;152;79;48;2;147;171;89m▄[38;2;137;160;83;48;2;146;170;89m▄[38;2;125;142;83;48;2;147;171;91m▄[38;2;137;150;101;48;2;149;173;93m▄[38;2;118;131;82;48;2;150;174;93m▄[38;2;122;137;80;48;2;149;174;92m▄[38;2;126;147;77;48;2;148;173;91m▄[38;2;142;165;87;48;2;147;172;91m▄[38;2;142;164;84;48;2;145;170;89m▄[38;2;137;158;80;48;2;145;170;88m▄[38;2;133;153;84;48;2;144;169;88m▄[38;2;120;135;84;48;2;138;163;86m▄[0m [0m
[38;2;84;92;60;48;2;143;165;84m▄[38;2;145;167;88;48;2;145;169;87m▄[38;2;148;171;90;48;2;147;171;89m▄[38;2;147;171;90m▄[38;2;140;162;84;48;2;146;170;89m▄[38;2;121;140;72;48;2;145;170;88m▄[38;2;115;135;70m▄[38;2;119;139;72m▄[38;2;130;151;79m▄[38;2;132;153;80;48;2;144;169;88m▄[38;2;123;144;74;48;2;145;171;89m▄[38;2;120;139;75;48;2;148;174;92m▄[38;2;95;105;68;48;2;125;142;86m▄[0m [38;2;7;7;7m  [38;2;112;125;80;48;2;117;130;81m▄[38;2;134;157;83;48;2;127;147;77m▄[38;2;101;67;40;48;2;68;80;40m▄[38;2;85;32;23;48;2;18;19;18m▄[38;2;55;22;14;48;2;54;54;52m▄[38;2;4;1;1;48;2;37;36;34m▄[38;2;3;2;1;48;2;39;39;35m▄[38;2;106;125;63;48;2;51;62;33m▄[0m[7m[38;2;81;92;61m▄[0m   [38;2;0;0;0m  [0m
 [38;2;94;106;65;48;2;130;150;83m▄[38;2;147;172;87;48;2;149;173;90m▄[38;2;146;170;88;48;2;132;153;79m▄[38;2;147;170;89;48;2;132;152;79m▄[38;2;147;171;90;48;2;144;166;87m▄[48;2;145;168;88m▄[38;2;147;171;89;48;2;143;166;86m▄[38;2;147;171;90;48;2;141;163;87m▄[38;2;134;154;86;48;2;142;164;92m▄[0m[7m[38;2;85;93;67m▄[0m [38;2;0;0;0m   [0m [38;2;120;138;80;48;2;106;121;72m▄[38;2;146;170;89;48;2;143;168;86m▄[38;2;145;170;90;48;2;124;125;68m▄[38;2;137;160;86;48;2;138;117;104m▄[38;2;109;124;64;48;2;139;54;35m▄[38;2;130;146;93;48;2;91;68;58m▄[38;2;95;109;63;48;2;5;5;3m▄[38;2;141;156;101;48;2;136;141;106m▄[38;2;138;157;88;48;2;76;82;53m▄[0m [38;2;41;44;33m    [0m
[38;2;158;131;47;48;2;105;91;44m▄[38;2;117;99;31;48;2;108;103;48m▄[38;2;143;167;86;48;2;146;170;87m▄[38;2;147;172;90;48;2;147;172;89m▄[48;2;148;172;91m [38;2;148;172;90;48;2;147;171;90m▄[38;2;147;172;89;48;2;147;171;89m▄[48;2;146;171;89m▄[38;2;146;171;88m▄[38;2;142;167;86;48;2;129;150;82m▄[0m[38;2;151;129;47m▄[38;2;164;138;51m▄[38;2;169;143;52m▄[38;2;174;147;54m▄[38;2;166;140;51m▄[38;2;136;118;44m▄[38;2;146;170;89;48;2;134;157;87m▄[38;2;146;170;88;48;2;145;170;89m▄[38;2;146;171;89;48;2;145;169;88m▄[38;2;146;171;90;48;2;146;171;89m▄[48;2;145;171;89m▄[38;2;140;162;85;48;2;144;171;90m▄[38;2;110;101;53;48;2;134;154;86m▄[0m[7m[38;2;80;89;59m▄[0m  [38;2;0;0;0m    [0m
[38;2;159;131;50;48;2;168;139;51m▄[38;2;173;143;51;48;2;157;130;47m▄[38;2;169;141;51;48;2;129;132;60m▄[38;2;147;124;46;48;2;140;161;84m▄[38;2;130;125;55;48;2;148;171;90m▄[38;2;127;140;70;48;2;149;172;91m▄[38;2;146;167;87;48;2;148;172;91m▄[38;2;148;171;89;48;2;147;172;89m▄[38;2;148;172;91;48;2;146;171;88m▄[38;2;148;172;89;48;2;149;174;92m▄[38;2;106;138;79;48;2;118;122;57m▄[38;2;67;149;109;48;2;124;122;54m▄[38;2;66;147;107;48;2;129;125;54m▄[38;2;65;143;105;48;2;125;121;54m▄[38;2;68;151;110;48;2;118;116;53m▄[38;2;113;144;81;48;2;108;114;56m▄[38;2;146;171;90;48;2;144;169;87m▄[38;2;146;170;88;48;2;147;172;89m▄[38;2;147;171;89;48;2;147;173;90m▄[38;2;137;159;84;48;2;146;172;91m▄[38;2;136;140;70;48;2;144;170;89m▄[38;2;149;127;49;48;2;108;111;47m▄[38;2;154;130;50;48;2;160;134;48m▄[0m[7m[38;2;58;52;33m▄[0m[38;2;15;14;13m      [0m
[?25h