[?25l[0m [38;2;0;0;0m              [0m [38;2;219;216;205m▄[38;2;207;209;196;48;2;118;117;107m▄[0m[38;2;181;179;167m▄           [0m
 [38;2;0;0;0m              [0m [7m[38;2;209;212;197m▄[0m[38;2;123;123;115;48;2;199;207;189m▄[0m[7m[38;2;195;192;182m▄[0m[38;2;61;61;58m           [0m
 [38;2;0;0;0m             [0m   [38;2;0;0;0m             [0m
 [38;2;0;0;0m          [0m     [38;2;5;5;5m              [0m
 [38;2;0;0;0m         [0m [7m[38;2;68;73;63m▄[0m      [38;2;4;4;4m            [0m
 [38;2;0;0;0m     [0m      [38;2;0;0;0m    [0m   [38;2;0;0;0m           [0m
   [38;2;191;184;173m▄[38;2;203;195;185m▄[38;2;181;175;166m▄[0m  [38;2;4;4;3m          [0m  [38;2;0;0;0m          [0m
 [38;2;205;199;190m▄[38;2;236;227;217;48;2;231;222;208m▄[38;2;182;175;165;48;2;232;222;210m▄[38;2;192;184;174;48;2;237;228;217m▄[38;2;233;223;210;48;2;233;224;212m▄[38;2;235;224;212;48;2;235;226;214m▄[0m[38;2;218;209;197m▄[0m [38;2;39;38;36m        [0m [38;2;199;190;180m▄[38;2;232;222;209;48;2;126;122;117m▄[38;2;229;220;208;48;2;125;120;113m▄[38;2;233;224;212;48;2;126;122;114m▄[0m[38;2;214;207;196m▄[38;2;139;135;129m▄[0m [38;2;2;2;2m     [0m
 [38;2;219;210;199;48;2;228;219;207m▄[38;2;235;227;216;48;2;235;224;211m▄[38;2;213;204;192;48;2;52;49;47m▄[38;2;219;211;200;48;2;71;68;64m▄[38;2;232;224;213;48;2;234;223;209m▄[38;2;234;225;213;48;2;235;223;210m▄[38;2;221;213;203;48;2;233;223;212m▄[0m [38;2;38;37;35m        [38;2;217;209;199;48;2;153;148;142m▄[38;2;232;221;209;48;2;237;228;218m▄[38;2;234;224;212;48;2;239;229;218m▄[38;2;193;185;175;48;2;236;228;216m▄[38;2;45;44;41;48;2;234;225;212m▄[38;2;187;180;171;48;2;229;220;208m▄[38;2;223;215;204;48;2;221;214;206m▄[0m[38;2;136;131;125m▄     [0m
 [7m[38;2;133;129;123m▄[0m[38;2;149;143;135;48;2;231;223;210m▄[38;2;217;208;198;48;2;233;224;211m▄[38;2;225;214;202;48;2;234;223;210m▄[38;2;214;204;192;48;2;234;225;213m▄[38;2;133;128;122;48;2;233;224;212m▄[0m[38;2;98;84;42m▄[38;2;171;141;64m▄[38;2;160;134;62m▄[38;2;158;132;59m▄[38;2;173;142;66m▄[0m [38;2;81;69;32m    [38;2;196;188;178;48;2;219;212;202m▄[38;2;231;220;207;48;2;236;226;215m▄[38;2;236;228;217;48;2;236;228;216m▄[38;2;231;221;209;48;2;208;200;189m▄[38;2;235;224;211;48;2;105;101;94m▄[38;2;221;212;200;48;2;202;195;186m▄[38;2;214;207;196;48;2;222;214;204m▄[38;2;137;132;126;48;2;146;141;135m▄[0m[38;2;137;132;126m     [0m
 [38;2;0;0;0m [0m   [38;2;115;92;40m▄[38;2;121;96;42m▄[38;2;129;105;47;48;2;177;146;63m▄[38;2;168;135;59;48;2;82;67;30m▄[38;2;146;119;54;48;2;1;1;0m▄[38;2;152;123;55;48;2;1;0;0m▄[38;2;161;128;56;48;2;59;47;23m▄[38;2;106;87;39;48;2;182;152;74m▄[0m[38;2;126;101;42m▄[0m [38;2;18;15;6m  [0m [7m[38;2;205;197;187m▄[0m[38;2;110;105;97;48;2;234;224;212m▄[38;2;163;158;149;48;2;229;220;207m▄[38;2;162;158;149m▄[38;2;134;130;123;48;2;219;211;200m▄[0m[7m[38;2;174;168;159m▄[0m [38;2;0;0;0m     [0m
 [38;2;166;134;58m▄[38;2;218;176;80;48;2;132;110;53m▄[38;2;218;174;81;48;2;198;157;70m▄[38;2;227;182;88;48;2;215;171;77m▄[38;2;223;177;79;48;2;219;177;84m▄[38;2;228;181;83;48;2;221;176;79m▄[38;2;226;182;88;48;2;213;169;75m▄[38;2;230;184;87;48;2;224;177;78m▄[38;2;224;178;78;48;2;219;177;82m▄[38;2;228;182;85;48;2;223;178;77m▄[38;2;226;183;90;48;2;216;171;76m▄[38;2;227;181;85;48;2;214;173;81m▄[38;2;229;182;81;48;2;223;176;77m▄[38;2;222;175;74;48;2;206;166;79m▄[38;2;226;182;83;48;2;208;167;75m▄[38;2;216;176;84;48;2;104;84;37m▄[0m[38;2;200;160;72m▄[38;2;135;108;46m▄[0m [38;2;58;48;22m          [0m
 [7m[38;2;194;159;73m▄[0m[38;2;102;85;37;48;2;209;168;74m▄[38;2;112;93;42;48;2;205;166;76m▄[38;2;114;94;45;48;2;220;178;84m▄[0m[7m[38;2;210;169;75m▄[0m[38;2;107;89;39;48;2;221;178;81m▄[38;2;103;85;37;48;2;213;171;78m▄[38;2;106;86;37;48;2;219;176;79m▄[38;2;109;90;43;48;2;210;170;79m▄[38;2;108;87;40;48;2;224;182;86m▄[38;2;118;95;40;48;2;220;176;78m▄[38;2;121;97;42;48;2;222;177;78m▄[38;2;183;148;73;48;2;225;179;80m▄[38;2;215;172;81;48;2;218;175;83m▄[38;2;225;179;79;48;2;225;180;84m▄[38;2;222;176;78;48;2;216;172;79m▄[38;2;227;181;83;48;2;220;175;79m▄[38;2;224;179;82;48;2;221;176;81m▄[38;2;224;177;81;48;2;201;159;69m▄[38;2;215;171;75;48;2;135;110;47m▄[0m[38;2;141;111;47m▄        [0m
 [38;2;0;0;0m  [7m[38;2;117;113;107m▄[0m[38;2;153;148;140;48;2;167;160;150m▄[0m[7m[38;2;104;83;36m▄[0m[38;2;180;146;67;48;2;186;149;68m▄[38;2;215;174;78;48;2;188;152;73m▄[38;2;223;178;77;48;2;195;157;73m▄[38;2;222;178;81;48;2;186;147;65m▄[38;2;229;184;85;48;2;193;154;68m▄[38;2;227;184;85;48;2;187;151;70m▄[38;2;228;183;86;48;2;174;138;62m▄[0m[38;2;224;174;74m▄[38;2;161;123;48m▄[38;2;169;159;150m▄[38;2;148;140;133m▄[7m[38;2;196;157;73m▄[38;2;201;159;66m▄[38;2;213;171;83m▄[0m[38;2;206;162;69;48;2;214;172;80m▄[38;2;195;156;67;48;2;203;162;73m▄[0m [38;2;28;24;10m       [0m
 [38;2;0;0;0m  [0m  [38;2;0;0;0m [0m  [7m[38;2;177;144;62m▄[38;2;190;156;67m▄[0m[38;2;160;131;55;48;2;221;180;84m▄[38;2;179;144;66;48;2;224;180;81m▄[38;2;211;168;73;48;2;226;181;84m▄[38;2;222;179;84;48;2;226;180;83m▄[38;2;214;174;83;48;2;210;168;74m▄[38;2;166;135;61;48;2;103;96;84m▄[0m[38;2;181;145;65m▄[38;2;206;164;74;48;2;220;175;78m▄[38;2;193;153;64;48;2;211;169;76m▄[38;2;191;150;69;48;2;161;127;55m▄[0m[7m[38;2;197;158;71m▄[38;2;125;101;45m▄[0m[38;2;125;14;10m▄[38;2;127;19;14m▄[0m  [38;2;4;1;0m    [0m
 [38;2;0;0;0m       [0m [38;2;109;15;9m▄[38;2;133;18;10m▄[0m [7m[38;2;113;93;37m▄[38;2;121;100;42m▄[38;2;120;99;41m▄[38;2;129;106;47m▄[38;2;123;100;45m▄[0m[38;2;100;11;8m▄[38;2;124;16;10m▄[38;2;133;17;11m▄[38;2;138;17;11m▄[38;2;144;18;12;48;2;154;21;14m▄[38;2;123;14;9;48;2;142;17;12m▄[38;2;130;16;10;48;2;148;19;13m▄[38;2;133;18;11;48;2;149;20;12m▄[0m[38;2;143;20;13m▄[0m  [38;2;2;0;0m  [0m
 [38;2;0;0;0m       [0m  [7m[38;2;81;12;7m▄[0m [38;2;103;13;8m▄[38;2;123;14;8;48;2;136;15;10m▄[0m [7m[38;2;82;8;6m▄[38;2;141;17;12m▄[38;2;143;18;11m▄[38;2;110;15;8m▄[38;2;86;11;7m▄[0m [38;2;0;0;0m   [0m [7m[38;2;95;14;10m▄[0m[38;2;77;9;6;48;2;158;22;15m▄[0m[38;2;125;17;10m▄[0m [38;2;1;0;0m [0m
 [38;2;0;0;0m        [0m [38;2;96;14;8;48;2;78;9;5m▄[0m[7m[38;2;111;14;7m▄[0m[38;2;37;5;2m  [7m[38;2;95;9;6m▄[0m[38;2;108;13;8;48;2;130;17;9m▄[0m [38;2;34;4;2m         [0m [7m[38;2;128;19;11m▄[0m[38;2;121;17;11;48;2;105;16;10m▄[0m [0m
 [38;2;0;0;0m          [0m    [38;2;0;0;0m            [0m [7m[38;2;99;14;9m▄[0m [0m
 [38;2;0;0;0m     [0m     [38;2;109;96;32m▄[0m [38;2;130;117;38m▄[0m        [38;2;13;12;4m        [0m
[?25h