[?25l[0m  [38;2;237;181;132;48;2;159;127;97m▄[38;2;245;184;131;48;2;245;183;127m▄[38;2;245;184;130;48;2;246;184;129m▄[38;2;246;184;131;48;2;246;184;130m▄[38;2;246;184;130;48;2;245;183;129m▄[38;2;245;184;129;48;2;245;183;128m▄[38;2;246;184;130;48;2;245;184;129m▄[38;2;245;183;129;48;2;246;184;129m▄[38;2;188;142;102;48;2;154;121;91m▄[0m [38;2;8;8;9m [0m [7m[38;2;174;131;95m▄[0m[38;2;206;155;111;48;2;246;183;129m▄ [38;2;246;184;130;48;2;246;184;129m▄[38;2;246;184;129;48;2;246;183;129m▄[38;2;246;184;130;48;2;246;184;129m▄[48;2;246;185;131m▄[48;2;247;186;131m▄[38;2;247;186;131;48;2;242;182;127m▄[0m[38;2;71;60;51m▄[0m [7m[38;2;154;118;88m▄[0m[38;2;223;169;121;48;2;245;184;131m▄[38;2;244;180;125;48;2;236;180;131m▄[0m[38;2;121;96;75m▄ [0m
 [38;2;205;167;131;48;2;139;111;86m▄[38;2;247;195;150;48;2;246;188;137m▄[38;2;246;198;155;48;2;246;186;133m▄[38;2;245;196;151;48;2;246;184;131m▄[38;2;245;193;148m▄[38;2;247;196;151;48;2;246;185;131m▄[38;2;247;197;151;48;2;245;184;130m▄[38;2;247;194;147;48;2;246;183;130m▄[38;2;243;192;147;48;2;245;183;129m▄[38;2;204;164;129;48;2;200;149;105m▄[0m [38;2;4;4;4m   [0m [7m[38;2;205;153;108m▄[0m[38;2;154;124;97;48;2;246;184;129m▄[38;2;237;190;148;48;2;246;186;132m▄[38;2;246;193;147;48;2;246;185;131m▄[38;2;208;166;126;48;2;231;175;124m▄[38;2;242;194;151;48;2;245;183;128m▄[38;2;198;160;125;48;2;246;184;129m▄[0m [38;2;19;18;18m [0m [7m[38;2;113;88;68m▄[0m[38;2;204;163;129;48;2;245;180;125m▄[38;2;206;165;131;48;2;178;138;104m▄[0m [0m
 [38;2;0;0;0m                             [0m
 [38;2;0;0;0m                             [0m
 [38;2;0;0;0m                             [0m
 [38;2;0;0;0m                             [0m
 [38;2;0;0;0m        [0m [38;2;125;125;126m▄[38;2;248;248;248;48;2;79;80;80m▄[38;2;250;249;250;48;2;133;133;133m▄[38;2;209;210;209;48;2;88;88;88m▄[0m[38;2;137;137;137m▄[0m [38;2;1;1;1m              [0m
 [38;2;0;0;0m        [0m [38;2;192;192;192;48;2;207;207;207m▄[38;2;251;251;251;48;2;253;253;253m▄[38;2;253;252;253;48;2;251;251;251m▄[38;2;251;251;251;48;2;126;126;126m▄[38;2;194;194;194;48;2;186;186;186m▄[0m [38;2;10;10;10m              [0m
 [38;2;0;0;0m         [7m[38;2;68;67;68m▄[0m[38;2;10;10;10;48;2;197;197;197m▄[38;2;38;38;39;48;2;235;235;235m▄[0m[7m[38;2;203;204;203m▄[0m [38;2;0;0;0m               [0m
 [38;2;0;0;0m         [38;2;27;27;27;48;2;20;20;20m▄[38;2;28;28;29;48;2;18;18;18m▄[0m [38;2;0;0;0m                 [0m
 [38;2;0;0;0m       [0m [38;2;10;9;9m▄[38;2;6;4;2;48;2;21;21;21m▄[38;2;4;3;2;48;2;17;17;17m▄[0m[38;2;3;2;2m▄[38;2;23;23;23m▄                [0m
 [38;2;0;0;0m    [0m  [38;2;26;26;26m▄[38;2;4;4;4;48;2;29;29;29m▄[38;2;0;0;0;48;2;1;1;1m▄[48;2;1;0;0m▄[48;2;0;0;0m  [48;2;7;7;7m▄[48;2;34;34;34m▄[48;2;23;23;22m▄[48;2;25;25;24m▄[0m[38;2;3;2;2m▄[38;2;13;13;12m▄[38;2;33;33;33m▄[0m [38;2;21;21;21m         [0m
 [38;2;0;0;0m  [0m [38;2;14;14;14m▄[38;2;2;2;1;48;2;27;28;28m▄[38;2;0;0;0;48;2;2;1;1m▄[38;2;2;2;2;48;2;4;4;4m▄[38;2;4;3;3;48;2;9;11;11m▄[38;2;3;3;3;48;2;8;10;10m▄[38;2;2;2;2;48;2;4;6;6m▄[48;2;0;0;0m         [38;2;1;1;1;48;2;13;14;14m▄[38;2;6;4;4;48;2;27;27;27m▄[0m[38;2;7;5;3m▄[38;2;6;6;6m▄[38;2;37;37;37m▄     [0m
  [38;2;32;33;33m▄[38;2;1;1;1;48;2;11;11;11m▄[38;2;1;0;0;48;2;0;0;0m▄[38;2;3;2;2m▄[38;2;54;54;54m▄[38;2;226;225;226;48;2;21;21;21m▄[38;2;251;251;251;48;2;98;98;97m▄[38;2;253;253;253;48;2;124;124;124m▄[38;2;251;250;251;48;2;86;86;86m▄[38;2;197;197;197;48;2;9;9;9m▄[38;2;18;18;18;48;2;0;0;0m▄      [38;2;30;30;30m▄[38;2;223;223;223;48;2;30;30;30m▄[38;2;252;252;252;48;2;137;137;137m▄[38;2;251;251;252;48;2;181;182;181m▄[38;2;252;253;253;48;2;139;139;139m▄[38;2;224;224;224;48;2;56;56;56m▄[0m [38;2;42;42;42m    [0m
 [38;2;37;37;37m▄[38;2;2;2;2;48;2;5;5;5m▄[38;2;0;0;0;48;2;1;0;0m▄[48;2;0;0;0m [38;2;33;33;34;48;2;6;6;6m▄[38;2;247;247;247;48;2;206;206;207m▄[38;2;253;253;253;48;2;252;252;252m▄[38;2;214;214;214m▄[38;2;164;164;164;48;2;251;251;252m▄[38;2;250;250;250m▄[38;2;253;253;253;48;2;251;252;252m▄[38;2;223;223;223;48;2;151;151;150m▄[38;2;3;3;3;48;2;2;2;2m▄[48;2;0;0;0m   [38;2;1;0;0m▄[48;2;1;1;1m [38;2;172;172;172;48;2;134;134;134m▄[38;2;251;251;251;48;2;252;252;252m▄[38;2;233;233;233;48;2;253;253;253m▄[38;2;68;68;68;48;2;243;243;243m▄[38;2;248;248;248;48;2;251;250;251m▄[38;2;252;251;252;48;2;250;250;251m▄[38;2;167;167;167;48;2;146;146;146m▄[0m[38;2;167;167;167m    [0m
 [38;2;35;36;35;48;2;21;21;21m▄[38;2;0;0;0;48;2;1;1;0m▄[48;2;0;0;0m  [38;2;5;5;5;48;2;33;33;33m▄[38;2;201;201;201;48;2;247;247;247m▄[38;2;250;249;250;48;2;252;252;252m▄[38;2;252;252;252;48;2;214;214;214m▄[38;2;254;254;254;48;2;169;169;169m▄[38;2;253;253;253;48;2;251;250;251m▄[38;2;251;251;251;48;2;253;253;253m▄[38;2;144;145;145;48;2;221;221;221m▄[38;2;6;5;3;48;2;2;2;2m▄[48;2;0;0;0m▄[38;2;62;58;43m▄[38;2;183;171;121;48;2;2;1;1m▄[38;2;197;181;121;48;2;3;3;2m▄[38;2;190;174;118;48;2;6;5;3m▄[38;2;139;130;101;48;2;137;137;137m▄[38;2;224;224;224;48;2;250;250;251m▄[38;2;252;252;252;48;2;250;250;250m▄[38;2;254;254;254;48;2;244;244;244m▄[38;2;251;251;251;48;2;253;253;253m▄[38;2;205;206;205;48;2;251;251;251m▄[0m[7m[38;2;126;126;126m▄[0m[38;2;32;32;32m    [0m
 [38;2;31;31;31;48;2;30;30;30m▄[38;2;2;2;1;48;2;1;1;1m▄[48;2;0;0;0m   [38;2;1;1;0;48;2;42;42;42m▄[38;2;14;14;13;48;2;215;215;215m▄[38;2;91;91;91;48;2;252;252;252m▄[38;2;119;119;118m▄[38;2;76;76;76m▄[38;2;23;22;17;48;2;190;190;190m▄[38;2;82;79;54;48;2;15;16;16m▄[38;2;153;144;97;48;2;2;2;1m▄[38;2;200;185;123;48;2;8;7;4m▄[38;2;207;193;133;48;2;207;196;150m▄[38;2;218;201;136;48;2;80;74;52m▄[38;2;175;163;110;48;2;2;2;2m▄[38;2;199;185;128;48;2;19;17;11m▄[38;2;215;201;141;48;2;218;202;144m▄[38;2;205;192;135;48;2;35;34;30m▄[38;2;156;147;100;48;2;127;127;126m▄[38;2;67;63;41;48;2;162;162;161m▄[38;2;8;8;6;48;2;112;112;112m▄[0m [38;2;16;16;16m     [0m
  [38;2;23;23;23;48;2;2;2;2m▄[38;2;3;2;1;48;2;0;0;0m▄[38;2;1;1;0;48;2;1;0;0m▄[38;2;0;0;0;48;2;1;1;0m▄[48;2;1;0;0m▄[38;2;2;2;1;48;2;1;1;1m▄[38;2;62;58;41m▄[38;2;223;207;142;48;2;19;17;11m▄[38;2;249;228;152;48;2;129;120;80m▄[38;2;249;228;154;48;2;230;214;147m▄[38;2;249;229;155;48;2;248;230;159m▄[38;2;249;230;157;48;2;248;229;156m▄[48;2;248;229;155m▄[38;2;249;229;156;48;2;248;229;153m▄[38;2;249;229;155;48;2;248;228;153m▄[38;2;249;229;156;48;2;248;229;156m▄[38;2;249;229;157;48;2;249;230;158m▄[38;2;249;229;156;48;2;249;230;160m▄[38;2;249;230;156;48;2;249;230;158m▄[38;2;248;229;158;48;2;248;229;155m▄[38;2;248;230;159;48;2;247;229;157m▄[38;2;248;229;156;48;2;194;181;128m▄[38;2;234;216;144;48;2;79;75;63m▄[0m[38;2;90;85;68m▄    [0m
  [38;2;106;15;14m▄[38;2;99;1;0;48;2;7;3;3m▄[38;2;7;0;0;48;2;0;0;0m▄[38;2;1;1;0m▄[38;2;5;4;2m▄[38;2;132;124;88;48;2;42;39;26m▄[38;2;250;232;161;48;2;237;221;153m▄[38;2;246;228;162;48;2;250;230;160m▄[38;2;202;191;138;48;2;249;230;162m▄[38;2;169;163;131;48;2;249;230;161m▄[38;2;183;179;158;48;2;249;229;153m▄[38;2;154;148;118;48;2;249;231;153m▄[38;2;185;173;121;48;2;246;228;157m▄[38;2;191;180;121;48;2;237;223;157m▄[38;2;199;188;129;48;2;231;218;151m▄[38;2;202;190;132;48;2;228;213;144m▄[38;2;196;184;124;48;2;230;214;142m▄[38;2;190;179;125;48;2;238;222;149m▄[38;2;150;144;112;48;2;247;231;163m▄[38;2;189;187;177;48;2;249;233;163m▄[38;2;160;156;131;48;2;249;230;156m▄[38;2;183;172;114;48;2;248;227;151m▄[38;2;208;191;129;48;2;249;229;155m▄[38;2;115;110;83;48;2;202;189;134m▄[0m [38;2;5;5;5m   [0m
 [38;2;86;30;28;48;2;74;33;32m▄[38;2;156;3;1;48;2;141;3;2m▄[38;2;151;2;0;48;2;144;2;0m▄[38;2;146;2;0;48;2;90;1;0m▄[38;2;82;2;1;48;2;39;1;1m▄[38;2;11;0;0;48;2;2;3;2m▄[38;2;3;2;1;48;2;89;85;60m▄[38;2;96;90;67;48;2;248;233;174m▄[38;2;219;203;139;48;2;231;216;154m▄[38;2;247;228;150;48;2;239;225;152m▄[38;2;238;220;147;48;2;185;179;144m▄[38;2;176;167;133;48;2;232;232;232m▄[38;2;247;230;167;48;2;209;197;146m▄[38;2;249;230;160;48;2;249;231;159m▄[38;2;248;229;155;48;2;249;229;156m▄[38;2;248;229;157;48;2;249;230;157m▄[38;2;248;231;158;48;2;249;231;159m▄[38;2;245;230;163;48;2;249;232;161m▄[38;2;200;189;137;48;2;250;233;161m▄[38;2;136;132;106;48;2;229;216;157m▄[38;2;68;68;67;48;2;208;207;205m▄[0m[7m[38;2;123;121;113m▄[0m  [38;2;0;0;0m     [0m
 [38;2;105;21;20;48;2;54;36;35m▄[38;2;64;1;0;48;2;127;3;2m▄[38;2;44;0;0;48;2;142;0;0m▄[38;2;114;0;0;48;2;144;1;0m▄[38;2;149;1;0;48;2;147;2;0m▄[38;2;146;2;0;48;2;138;2;1m▄[38;2;142;2;0;48;2;76;1;1m▄[38;2;137;2;1;48;2;26;1;0m▄[38;2;126;2;0;48;2;10;8;5m▄[38;2;103;2;0;48;2;50;45;29m▄[38;2;155;2;0;48;2;137;85;56m▄[38;2;112;1;0;48;2;132;109;75m▄[38;2;66;2;1;48;2;128;120;82m▄[38;2;69;2;1;48;2;125;117;80m▄[38;2;123;3;2;48;2;147;106;71m▄[38;2;120;4;1;48;2;112;86;58m▄[38;2;154;3;1;48;2;124;53;35m▄[38;2;129;5;1;48;2;134;28;17m▄[38;2;52;31;31;48;2;115;25;23m▄[0m [38;2;0;0;0m       [38;2;53;45;25m▄[38;2;179;133;9m▄[0m
[?25h