[?25l[0m [38;2;0;0;0m                       [0m [38;2;115;73;40;48;2;188;95;14m▄[38;2;217;108;9;48;2;218;109;11m▄[38;2;220;108;10;48;2;212;106;12m▄[38;2;222;111;11;48;2;132;73;24m▄[0m
 [38;2;0;0;0m                        [0m [38;2;154;88;28;48;2;207;103;10m▄[38;2;221;109;9;48;2;220;108;10m▄[38;2;222;109;9;48;2;221;109;10m▄[0m
 [38;2;0;0;0m    [0m [38;2;1;1;1m        [0m [38;2;96;58;25m▄[38;2;163;83;15m▄[38;2;216;107;9m▄[38;2;225;110;9;48;2;79;53;31m▄[38;2;221;109;9;48;2;89;54;22m▄[38;2;220;107;10;48;2;82;47;18m▄[38;2;221;108;11;48;2;81;54;33m▄[0m[38;2;223;110;11m▄[38;2;188;94;12m▄[38;2;151;90;36m▄[38;2;55;38;27m▄[38;2;76;67;59;48;2;92;58;30m▄[38;2;219;108;9;48;2;226;112;9m▄[38;2;224;110;8;48;2;226;112;8m▄[0m
 [38;2;0;0;0m   [0m [38;2;156;85;24;48;2;99;69;47m▄[0m[38;2;176;93;18m▄[0m  [38;2;0;0;0m  [0m [38;2;116;66;23m▄[38;2;218;108;8;48;2;71;45;24m▄[38;2;223;110;8;48;2;193;101;17m▄[38;2;223;109;9;48;2;224;111;10m▄[48;2;222;110;9m▄[48;2;223;110;9m▄[48;2;223;109;9m [38;2;222;109;9m▄[48;2;222;108;9m▄[48;2;222;109;9m [38;2;223;110;10;48;2;222;109;10m▄[38;2;223;110;9;48;2;221;109;10m▄[48;2;221;109;11m▄[38;2;224;111;9;48;2;219;110;10m▄[38;2;209;103;8;48;2;139;72;13m▄[38;2;210;104;8;48;2;204;100;8m▄[38;2;223;110;9;48;2;222;109;9m▄[0m
 [38;2;0;0;0m    [38;2;91;56;23;48;2;130;78;31m▄[38;2;227;110;8;48;2;217;106;9m▄[38;2;227;110;9;48;2;208;103;12m▄[38;2;218;108;12;48;2;88;60;35m▄[0m[38;2;127;76;31m▄[38;2;119;68;22m▄[38;2;221;110;10;48;2;140;80;28m▄[38;2;223;110;9;48;2;223;110;10m▄[38;2;223;109;9;48;2;223;110;9m▄ [38;2;223;109;8;48;2;223;109;9m▄[48;2;223;109;8m [38;2;222;110;9;48;2;223;109;9m▄[38;2;223;110;9;48;2;222;109;9m▄[48;2;223;109;9m▄▄[48;2;223;110;9m  [48;2;224;110;9m▄[48;2;223;110;9m [38;2;223;110;10m▄[48;2;222;109;9m▄[48;2;222;109;10m▄[48;2;223;110;10m [0m
     [38;2;72;57;41;48;2;54;39;27m▄[38;2;203;100;8;48;2;216;105;10m▄[38;2;223;110;10;48;2;219;106;10m▄[38;2;221;109;11;48;2;220;108;11m▄[38;2;222;109;11;48;2;224;111;11m▄[38;2;223;110;11;48;2;222;110;10m▄[48;2;223;110;10m [38;2;224;110;10m▄[48;2;223;109;10m▄[48;2;223;110;9m▄[38;2;223;110;10m▄ [38;2;224;110;10m▄▄[38;2;224;111;10;48;2;223;111;9m▄[48;2;223;110;9m▄▄[38;2;224;110;9m▄ [38;2;224;110;10;48;2;223;110;10m▄▄[38;2;224;111;11m▄[38;2;223;110;10;48;2;224;111;10m▄[48;2;223;110;10m [0m
 [7m[38;2;94;53;23m▄[0m[38;2;128;70;18;48;2;205;104;11m▄[38;2;230;114;10;48;2;224;114;13m▄[38;2;223;110;11;48;2;227;113;12m▄[38;2;221;109;11;48;2;225;110;9m▄[38;2;223;109;10;48;2;226;111;9m▄[38;2;224;109;9;48;2;224;111;10m▄[38;2;223;109;10;48;2;223;110;11m▄[38;2;223;110;10;48;2;222;110;11m▄[48;2;223;110;10m  [38;2;224;111;11;48;2;224;110;10m▄ [38;2;224;111;10m▄[38;2;161;81;11;48;2;224;111;10m▄[38;2;164;90;27m▄[38;2;163;90;28;48;2;223;111;11m▄[38;2;160;89;27m▄[38;2;167;90;21;48;2;224;112;11m▄[38;2;180;92;11m▄[38;2;210;105;10m▄[38;2;226;112;12m▄[38;2;227;113;11;48;2;225;111;11m▄[38;2;226;113;12;48;2;224;111;11m▄[38;2;226;112;12m▄[38;2;225;112;11;48;2;224;111;10m▄[38;2;224;111;11m▄▄[0m
 [38;2;0;0;0m [0m [7m[38;2;100;62;29m▄[0m[38;2;68;49;34;48;2;207;102;10m▄[38;2;187;94;13;48;2;224;111;11m▄[38;2;224;110;9;48;2;224;110;11m▄[38;2;223;110;10;48;2;224;110;10m▄[38;2;223;109;10;48;2;223;110;10m▄ [38;2;224;110;10m▄[38;2;224;111;11;48;2;223;111;10m▄[48;2;224;111;11m [38;2;224;111;12;48;2;225;112;11m▄[38;2;227;112;12;48;2;224;111;11m▄[38;2;224;112;12;48;2;191;96;13m▄[38;2;177;92;15;48;2;187;136;90m▄[38;2;203;144;92;48;2;241;176;119m▄[38;2;241;177;122;48;2;241;176;120m▄[38;2;242;178;124;48;2;241;175;119m▄[38;2;241;177;124;48;2;233;169;116m▄[38;2;241;177;123;48;2;197;143;96m▄[38;2;241;176;123;48;2;176;120;73m▄[38;2;240;175;122;48;2;175;106;44m▄[38;2;233;169;116;48;2;166;85;14m▄[38;2;193;135;87;48;2;213;106;10m▄[38;2;169;106;48;48;2;226;112;11m▄[38;2;174;91;17;48;2;224;112;12m▄[38;2;218;109;10;48;2;224;111;11m▄[0m
 [38;2;0;0;0m   [0m [38;2;194;98;13;48;2;83;52;28m▄[38;2;222;108;9;48;2;217;106;10m▄[38;2;222;109;10;48;2;223;109;10m▄[38;2;223;109;10;48;2;223;110;10m▄[38;2;224;110;10m▄[38;2;223;110;11;48;2;224;110;10m▄[38;2;223;110;10;48;2;224;110;11m▄[38;2;224;111;11;48;2;223;110;11m▄[38;2;169;84;9;48;2;224;111;11m▄[38;2;133;77;31;48;2;226;112;12m▄[38;2;165;86;19;48;2;221;109;11m▄[38;2;212;106;11;48;2;221;111;11m▄[38;2;217;109;9;48;2;170;94;27m▄[38;2;178;119;69;48;2;236;174;122m▄[38;2;241;176;121;48;2;242;177;123m▄[38;2;241;176;122;48;2;241;175;121m▄[48;2;241;176;122m   [48;2;241;175;121m▄[38;2;240;176;122;48;2;240;175;120m▄[38;2;240;175;122;48;2;239;175;121m▄[38;2;241;176;122;48;2;232;169;116m▄[38;2;241;177;123;48;2;177;125;79m▄[0m
 [38;2;0;0;0m  [0m [38;2;185;91;13;48;2;119;70;32m▄[38;2;223;110;10;48;2;223;109;10m▄[48;2;223;109;9m [38;2;224;109;9m▄[48;2;223;110;9m▄[48;2;223;109;9m [38;2;223;109;9;48;2;224;110;10m▄[48;2;223;110;10m▄[38;2;223;110;10;48;2;222;110;10m▄[38;2;223;110;11;48;2;222;110;11m▄[38;2;217;109;12;48;2;152;85;27m▄[38;2;170;113;61;48;2;228;164;111m▄[38;2;242;179;126;48;2;183;130;84m▄[38;2;242;178;125;48;2;170;99;35m▄[38;2;196;142;95;48;2;145;81;23m▄[38;2;236;173;119;48;2;239;174;120m▄[38;2;241;175;121;48;2;242;177;123m▄[38;2;240;175;122;48;2;241;176;122m▄[38;2;241;176;122;48;2;241;176;123m▄[48;2;241;176;122m  [38;2;241;177;123m▄[38;2;242;177;124;48;2;241;176;123m▄[48;2;241;177;123m [38;2;241;176;122;48;2;240;176;123m▄[0m
 [38;2;0;0;0m  [38;2;73;44;19m▄[38;2;223;109;9;48;2;219;107;10m▄[38;2;223;109;10;48;2;222;109;10m▄[38;2;223;110;10;48;2;223;109;9m▄[48;2;223;109;10m [48;2;223;109;9m▄[48;2;222;109;9m▄[48;2;223;109;10m▄▄[48;2;224;110;10m▄[38;2;224;111;10;48;2;225;111;11m▄[38;2;225;112;11;48;2;225;112;12m▄[38;2;224;112;12;48;2;181;94;15m▄[38;2;172;115;64;48;2;217;160;110m▄[38;2;240;175;122;48;2;241;178;125m▄[38;2;241;174;121;48;2;241;177;124m▄[38;2;242;175;122;48;2;241;175;122m▄[38;2;241;177;124;48;2;241;176;123m▄[38;2;241;180;128;48;2;241;177;124m▄[38;2;227;169;121m▄[38;2;156;121;92;48;2;242;177;123m▄[38;2;80;63;49;48;2;241;176;122m▄[38;2;76;65;55;48;2;241;175;121m▄[38;2;95;74;57;48;2;242;175;120m▄[38;2;176;135;99;48;2;242;175;121m▄[38;2;234;175;125;48;2;242;178;123m▄[0m
 [38;2;0;0;0m  [38;2;65;40;19;48;2;102;64;33m▄[38;2;224;111;9;48;2;222;109;8m▄[38;2;224;110;10;48;2;223;110;10m▄[48;2;224;110;10m [48;2;223;110;10m [38;2;223;110;10;48;2;224;110;10m▄[38;2;224;111;11;48;2;223;110;10m▄[48;2;224;111;10m▄ [38;2;224;112;11;48;2;223;111;10m▄[48;2;224;111;10m [38;2;222;111;11m▄[38;2;223;112;11;48;2;225;113;12m▄[38;2;194;98;10;48;2;168;92;23m▄[38;2;206;149;102;48;2;238;173;120m▄[38;2;241;178;125;48;2;241;176;123m▄[38;2;241;179;127;48;2;242;177;125m▄[38;2;222;166;121;48;2;241;178;126m▄[0m[7m[38;2;198;147;106m▄[0m  [38;2;0;0;0m   [0m [7m[38;2;77;66;57m▄[0m
 [38;2;0;0;0m  [0m [38;2;129;74;29;48;2;205;102;10m▄[38;2;221;109;10;48;2;223;110;10m▄[38;2;221;109;11m▄[48;2;223;110;11m [38;2;225;111;11;48;2;224;111;11m▄[38;2;225;113;12m▄[38;2;223;112;12m▄[38;2;222;112;12;48;2;224;112;11m▄[38;2;230;116;11m▄[38;2;202;103;9m▄[38;2;214;107;9;48;2;223;112;12m▄[38;2;220;110;10;48;2;222;111;11m▄[38;2;217;110;10;48;2;218;110;10m▄[38;2;172;109;52;48;2;175;119;72m▄[38;2;240;175;124;48;2;240;174;121m▄[38;2;240;176;125;48;2;239;172;118m▄[38;2;91;74;61;48;2;143;112;88m▄[0m [38;2;0;0;0m  [0m [38;2;34;34;34m▄[0m [38;2;3;3;3m  [0m
 [38;2;0;0;0m   [0m [38;2;65;54;45;48;2;181;92;15m▄[38;2;190;98;17;48;2;225;111;12m▄[38;2;222;110;12;48;2;224;111;12m▄[38;2;220;110;13;48;2;224;112;12m▄[38;2;219;111;12m▄[38;2;166;95;30;48;2;221;111;12m▄[38;2;230;174;125;48;2;164;93;30m▄[38;2;241;181;128;48;2;176;121;72m▄[38;2;241;177;123;48;2;176;124;75m▄[38;2;236;175;124;48;2;133;81;35m▄[38;2;167;98;37;48;2;218;109;10m▄[38;2;227;114;9;48;2;229;115;9m▄[38;2;170;102;41;48;2;176;106;42m▄[38;2;241;174;119;48;2;242;182;131m▄[38;2;241;175;122;48;2;242;182;132m▄[38;2;135;108;86;48;2;81;65;53m▄[0m [38;2;0;0;0m  [0m [7m[38;2;36;36;36m▄[0m [38;2;0;0;0m  [0m
 [38;2;0;0;0m     [0m [7m[38;2;156;87;25m▄[0m[38;2;89;58;31;48;2;219;110;12m▄[38;2;170;86;14;48;2;212;107;11m▄[38;2;188;137;92;48;2;173;119;72m▄[38;2;233;173;122;48;2;218;161;113m▄[38;2;186;139;96;48;2;149;112;76m▄[38;2;242;179;124;48;2;165;120;80m▄[38;2;204;150;103;48;2;215;156;105m▄[38;2;243;182;130;48;2;220;158;104m▄[38;2;175;119;71;48;2;170;88;14m▄[38;2;165;110;62;48;2;167;103;48m▄[38;2;241;177;124;48;2;241;175;122m▄[38;2;241;177;125;48;2;242;180;127m▄[38;2;241;177;124;48;2;214;162;118m▄[0m[38;2;181;136;99m▄[0m  [38;2;1;1;1m   [0m  [0m
 [38;2;0;0;0m        [0m [38;2;93;74;59;48;2;174;131;94m▄[38;2;236;171;116;48;2;240;177;124m▄[38;2;226;164;109;48;2;172;125;84m▄[38;2;184;134;90;48;2;239;178;125m▄[38;2;243;180;128;48;2;243;180;129m▄[38;2;242;177;123;48;2;243;178;125m▄[38;2;241;175;121;48;2;236;172;118m▄[38;2;241;176;122;48;2;217;157;107m▄[48;2;241;176;122m [38;2;240;175;122;48;2;241;176;123m▄[38;2;241;176;122;48;2;240;175;121m▄[48;2;241;177;124m [38;2;241;176;123;48;2;218;163;117m▄[38;2;240;174;121;48;2;137;107;83m▄[38;2;240;177;124;48;2;77;65;53m▄[38;2;242;183;132;48;2;68;62;55m▄[38;2;240;177;126;48;2;85;72;60m▄[38;2;239;173;120;48;2;136;105;80m▄[38;2;240;174;121;48;2;220;160;112m▄[0m
 [38;2;0;0;0m         [0m [7m[38;2;137;108;83m▄[38;2;234;171;119m▄[0m[38;2;120;101;83;48;2;243;181;131m▄[38;2;179;128;88;48;2;224;168;120m▄[38;2;237;170;117;48;2;226;163;111m▄[38;2;240;176;122;48;2;241;175;121m▄[38;2;241;177;124;48;2;241;176;123m▄[38;2;241;177;123;48;2;241;175;122m▄[38;2;241;176;123;48;2;241;176;122m▄[48;2;242;176;123m▄[48;2;241;176;123m   [48;2;241;176;124m▄[48;2;241;177;124m▄[38;2;241;176;122;48;2;240;176;123m▄[38;2;241;175;122;48;2;240;175;122m▄ [0m
 [38;2;0;0;0m            [0m [38;2;204;151;108;48;2;219;157;109m▄[38;2;240;175;123;48;2;240;175;121m▄[38;2;240;176;122;48;2;241;177;124m▄[38;2;241;176;123m▄ [38;2;242;177;124m▄[38;2;242;178;125;48;2;241;177;123m▄[38;2;242;177;124;48;2;241;176;123m▄[38;2;242;177;123m▄[38;2;241;176;123;48;2;242;176;123m▄[38;2;241;175;122;48;2;241;176;123m▄[38;2;241;176;122m▄[48;2;241;176;122m  [48;2;241;175;122m▄[0m
 [38;2;0;0;0m            [0m [38;2;199;146;102;48;2;193;142;100m▄[38;2;241;178;126;48;2;240;177;124m▄[38;2;241;176;123;48;2;240;176;123m▄ [48;2;241;176;123m [38;2;241;175;122;48;2;241;178;125m▄[38;2;173;127;87;48;2;242;179;126m▄[38;2;197;145;100;48;2;243;178;124m▄[38;2;243;178;126;48;2;242;176;124m▄[38;2;243;178;125;48;2;242;176;123m▄[38;2;242;177;124m▄[38;2;242;177;123;48;2;241;176;123m▄ [38;2;241;176;123;48;2;241;176;122m▄[38;2;242;177;123m▄[0m
 [38;2;0;0;0m           [0m [38;2;51;42;38m▄[38;2;230;166;116;48;2;216;159;113m▄[38;2;240;174;122;48;2;240;175;123m▄[38;2;240;175;122;48;2;240;175;121m▄[38;2;241;175;122m▄[48;2;240;175;122m▄[38;2;241;176;123;48;2;239;176;124m▄[38;2;242;177;124;48;2;221;166;119m▄[38;2;242;176;123;48;2;201;150;107m▄[38;2;242;175;121;48;2;185;136;94m▄[38;2;231;168;115;48;2;180;131;89m▄[38;2;187;137;95;48;2;231;167;115m▄[38;2;174;129;90;48;2;242;176;122m▄[38;2;181;135;94;48;2;242;178;124m▄[38;2;205;152;106;48;2;242;177;124m▄[38;2;235;171;118m▄[0m
 [38;2;0;0;0m        [0m [38;2;48;24;24m▄[38;2;138;28;26;48;2;57;38;36m▄[38;2;152;31;27;48;2;115;30;30m▄[38;2;137;66;47;48;2;116;40;31m▄[38;2;240;171;118;48;2;239;172;120m▄[38;2;240;174;120;48;2;241;175;122m▄[38;2;241;175;122;48;2;241;176;123m▄[48;2;242;176;123m  [38;2;242;176;123;48;2;241;176;123m▄[48;2;241;176;122m▄[48;2;241;176;123m [38;2;242;177;123m▄[48;2;241;177;124m▄[38;2;242;177;124;48;2;241;178;125m▄[48;2;241;177;125m▄[38;2;241;176;124;48;2;243;180;128m▄[38;2;241;176;122;48;2;212;156;109m▄[38;2;241;177;124;48;2;169;121;82m▄[0m
 [38;2;0;0;0m       [0m [38;2;119;26;24;48;2;49;34;33m▄[38;2;154;29;25;48;2;137;26;23m▄[38;2;155;27;25;48;2;150;27;26m▄[38;2;98;15;14;48;2;134;25;22m▄[38;2;198;141;99;48;2;160;98;69m▄[38;2;242;177;125;48;2;241;175;122m▄[38;2;241;176;122;48;2;240;174;120m▄[38;2;241;175;122;48;2;241;175;121m▄[38;2;241;176;122;48;2;241;176;121m▄[48;2;241;176;122m [48;2;242;176;123m▄[38;2;241;176;123m▄ [48;2;242;177;123m [48;2;241;177;123m [48;2;242;177;124m  [38;2;242;178;126m▄[38;2;169;129;96;48;2;241;177;123m▄[0m[7m[38;2;208;157;114m▄[0m
[?25h