[?25l[0m [38;2;0;0;0m      [0m [38;2;233;170;120;48;2;170;127;93m▄[48;2;245;176;124m [48;2;246;177;125m [48;2;246;178;126m [48;2;247;178;126m [38;2;247;179;126m▄[38;2;247;179;128m▄[48;2;247;178;127m [38;2;238;173;124;48;2;243;178;130m▄[0m [38;2;27;24;22m  [0m [7m[38;2;180;134;99m▄[0m[38;2;203;150;110;48;2;246;178;126m▄[38;2;247;178;127;48;2;246;177;125m▄[38;2;246;179;127m▄[38;2;244;177;125;48;2;246;178;125m▄[38;2;247;179;125;48;2;246;177;126m▄[38;2;246;180;129;48;2;247;177;124m▄[38;2;102;80;61;48;2;155;120;91m▄[0m[38;2;102;80;61m [0m
 [38;2;0;0;0m      [38;2;159;124;97;48;2;97;77;61m▄[38;2;246;179;128;48;2;245;178;126m▄[38;2;246;179;127;48;2;246;178;127m▄[38;2;247;179;127;48;2;246;178;126m▄[38;2;247;180;128;48;2;247;179;126m▄[38;2;247;180;129;48;2;247;179;127m▄▄[38;2;221;162;115;48;2;247;180;129m▄[38;2;234;173;125;48;2;247;179;129m▄[38;2;174;132;99;48;2;212;153;108m▄[0m [38;2;5;5;5m    [0m [7m[38;2;155;116;85m▄[38;2;242;176;124m▄[0m[38;2;88;70;55;48;2;235;171;120m▄[38;2;52;43;33;48;2;216;156;107m▄[0m[7m[38;2;185;135;97m▄[0m [38;2;0;0;0m [0m
 [38;2;0;0;0m      [0m  [7m[38;2;187;144;113m▄[38;2;240;177;131m▄[38;2;248;181;130m▄[38;2;248;184;133m▄[38;2;248;183;132m▄[0m[38;2;121;96;76;48;2;190;140;98m▄[38;2;161;123;96;48;2;243;175;123m▄[0m[7m[38;2;96;76;61m▄[0m[38;2;16;15;14m             [0m
 [38;2;0;0;0m                             [0m
 [38;2;0;0;0m                             [0m
 [38;2;0;0;0m                             [0m
 [38;2;0;0;0m          [0m [38;2;64;64;55m▄[0m  [38;2;1;1;1m               [0m
 [38;2;0;0;0m         [38;2;114;114;98m▄[38;2;252;249;201;48;2;213;211;173m▄[38;2;212;210;168;48;2;250;248;193m▄[38;2;175;173;144;48;2;237;234;185m▄[38;2;164;163;143;48;2;81;80;69m▄[0m[38;2;164;163;143m               [0m
 [38;2;0;0;0m         [7m[38;2;95;94;81m▄[0m[38;2;160;159;135;48;2;251;249;210m▄[38;2;231;230;193;48;2;253;251;208m▄[38;2;187;185;153;48;2;251;249;205m▄[0m[7m[38;2;155;154;132m▄[0m[38;2;43;43;39m               [0m
 [38;2;0;0;0m          [38;2;8;8;8;48;2;32;32;32m▄[38;2;2;2;2;48;2;7;6;6m▄[0m [38;2;15;15;15m                [0m
 [38;2;0;0;0m        [0m [38;2;35;35;36m▄[38;2;4;4;4;48;2;16;16;16m▄[48;2;0;0;0m [38;2;5;5;5;48;2;26;26;26m▄[0m[38;2;30;30;29m▄[0m [38;2;3;3;3m              [0m
 [38;2;0;0;0m    [0m [38;2;32;32;31m▄[38;2;19;18;18m▄[38;2;3;2;2m▄[38;2;0;0;0;48;2;29;29;29m▄[48;2;2;2;2m▄[48;2;1;1;0m▄[48;2;0;0;0m  [48;2;2;1;1m▄[48;2;21;21;20m▄[48;2;22;22;22m▄[38;2;1;1;1;48;2;25;25;25m▄[0m[38;2;8;8;8m▄[38;2;32;31;31m▄[0m [38;2;15;14;14m         [0m
 [38;2;0;0;0m  [0m [38;2;20;20;20m▄[38;2;1;1;1;48;2;29;29;29m▄[38;2;0;0;0;48;2;1;1;1m▄[48;2;0;0;0m [38;2;1;1;1m▄[38;2;12;11;11m▄[38;2;22;23;23m▄[38;2;5;5;5m▄        [38;2;1;0;0;48;2;12;12;12m▄[38;2;6;4;3;48;2;38;37;37m▄[0m[38;2;6;5;4m▄[38;2;35;35;35m▄[0m [38;2;4;4;4m     [0m
 [38;2;0;0;0m [0m [38;2;7;7;7;48;2;27;27;28m▄[38;2;0;0;0;48;2;1;1;1m▄[48;2;0;0;0m [38;2;8;8;8m▄[38;2;197;197;198;48;2;23;23;23m▄[38;2;251;250;251;48;2;164;164;164m▄[38;2;252;252;253;48;2;240;240;241m▄[38;2;254;253;254;48;2;249;249;249m▄[38;2;253;252;253;48;2;215;215;215m▄[38;2;249;249;249;48;2;100;100;100m▄[38;2;94;94;94;48;2;1;1;1m▄[38;2;1;1;1;48;2;0;0;0m▄    [38;2;18;18;18m▄[38;2;204;203;204;48;2;14;14;14m▄[38;2;252;252;252;48;2;94;94;94m▄[38;2;250;250;250;48;2;116;116;116m▄[38;2;244;244;244;48;2;45;45;45m▄[0m[38;2;112;112;112m▄[0m [38;2;2;2;2m    [0m
 [38;2;0;0;0m [38;2;26;26;26;48;2;24;24;23m▄[48;2;0;0;0m  [38;2;1;1;1m▄[38;2;102;102;102;48;2;76;75;76m▄[38;2;252;252;252;48;2;251;251;251m▄[38;2;250;250;250;48;2;253;253;253m▄[38;2;70;70;70;48;2;224;224;224m▄[38;2;225;224;225;48;2;249;249;250m▄[48;2;252;252;252m [38;2;254;254;254;48;2;253;253;253m▄[38;2;234;234;234;48;2;208;208;208m▄[38;2;2;2;2;48;2;3;3;3m▄[38;2;1;0;0;48;2;0;0;0m▄▄[38;2;1;1;0m▄[38;2;3;3;3m▄[38;2;163;163;163;48;2;119;118;119m▄[38;2;253;253;253;48;2;252;251;252m▄[38;2;251;250;251;48;2;253;253;253m▄[38;2;137;137;137;48;2;246;245;246m▄[38;2;153;153;153;48;2;248;248;248m▄[38;2;249;249;249;48;2;229;229;229m▄[0m[38;2;70;69;70m▄    [0m
 [38;2;0;0;0m [38;2;27;28;27;48;2;24;24;24m▄[38;2;0;0;0;48;2;1;1;1m▄[48;2;0;0;0m  [38;2;1;1;1;48;2;50;50;50m▄[38;2;137;137;137;48;2;245;245;246m▄[38;2;251;251;251;48;2;250;249;250m▄[38;2;253;253;253;48;2;251;251;251m▄[38;2;254;253;253;48;2;253;253;253m▄[38;2;252;252;252;48;2;253;252;253m▄[38;2;233;233;233;48;2;252;252;252m▄[38;2;50;50;50;48;2;184;184;184m▄[38;2;59;56;38;48;2;2;2;2m▄[38;2;209;190;130;48;2;59;54;38m▄[38;2;74;69;47;48;2;111;103;70m▄[38;2;57;52;33;48;2;113;104;68m▄[38;2;147;132;87;48;2;82;73;48m▄[38;2;159;144;102;48;2;132;131;129m▄[38;2;212;212;212;48;2;250;250;250m▄[38;2;252;251;252;48;2;252;252;252m▄[38;2;253;253;253;48;2;247;247;247m▄[38;2;245;245;245;48;2;248;248;248m▄[38;2;117;117;117;48;2;228;228;228m▄[0m [38;2;2;2;2m    [0m
 [38;2;0;0;0m [7m[38;2;31;31;30m▄[0m[38;2;5;4;4;48;2;1;1;1m▄[38;2;1;1;0;48;2;0;0;0m▄ [38;2;0;0;0;48;2;2;1;1m▄[38;2;3;2;1;48;2;6;5;4m▄[38;2;23;20;13;48;2;72;72;71m▄[38;2;125;114;72;48;2;155;155;155m▄[38;2;218;198;128;48;2;173;173;171m▄[38;2;242;220;148;48;2;181;179;164m▄[38;2;241;219;150;48;2;142;134;103m▄[38;2;241;220;148;48;2;149;138;95m▄[38;2;241;220;147;48;2;168;154;104m▄[38;2;238;216;141;48;2;203;184;119m▄[38;2;240;217;143;48;2;113;102;64m▄[38;2;241;219;148;48;2;104;95;62m▄[38;2;239;217;145;48;2;178;162;108m▄[38;2;239;216;144;48;2;170;155;104m▄[38;2;241;218;147;48;2;124;116;83m▄[38;2;241;220;150;48;2;135;132;118m▄[38;2;197;180;120;48;2;119;119;117m▄[38;2;83;77;54;48;2;47;47;48m▄[0m [38;2;26;26;25m     [0m
 [38;2;66;30;31m▄[38;2;154;3;2;48;2;55;30;30m▄[38;2;142;1;0;48;2;34;4;5m▄[38;2;21;0;0;48;2;0;0;0m▄[38;2;2;1;0;48;2;1;0;0m▄[38;2;13;12;7;48;2;1;1;0m▄[38;2;224;208;139;48;2;67;62;42m▄[38;2;243;222;147;48;2;224;207;140m▄[38;2;244;224;154;48;2;242;221;149m▄[38;2;238;220;153;48;2;241;220;147m▄[38;2;219;201;134;48;2;242;219;145m▄[38;2;196;179;120;48;2;242;220;147m▄[38;2;185;170;115;48;2;242;221;149m▄[38;2;189;173;116;48;2;243;221;150m▄[38;2;191;175;116;48;2;243;221;149m▄[48;2;242;219;147m▄[38;2;189;173;114;48;2;242;219;149m▄[48;2;241;219;147m▄[38;2;192;177;121;48;2;240;218;146m▄[38;2;207;190;129m▄[38;2;222;204;134;48;2;241;219;148m▄[38;2;234;213;141;48;2;242;220;151m▄[38;2;238;216;140;48;2;242;221;152m▄[38;2;240;220;146;48;2;162;149;106m▄[0m[38;2;83;77;62m▄    [0m
 [38;2;165;2;2;48;2;141;12;11m▄[38;2;166;0;0;48;2;167;1;0m▄[38;2;161;0;0;48;2;157;1;0m▄[38;2;156;0;0;48;2;87;1;1m▄[38;2;131;0;1;48;2;3;0;0m▄[38;2;62;3;2;48;2;21;20;12m▄[38;2;86;74;48;48;2;236;219;150m▄[38;2;224;206;138;48;2;243;223;150m▄[38;2;244;224;160;48;2;209;194;135m▄[38;2;242;222;152;48;2;173;161;117m▄[38;2;189;180;145;48;2;199;200;200m▄[38;2;189;181;158;48;2;229;230;232m▄[38;2;240;219;146;48;2;201;187;133m▄[38;2;240;220;148;48;2;240;219;143m▄[38;2;240;221;148;48;2;239;219;146m▄[38;2;240;220;147;48;2;240;220;148m▄[38;2;240;220;148;48;2;241;220;148m▄[38;2;240;220;149;48;2;241;221;150m▄[38;2;241;220;146;48;2;241;222;150m▄[38;2;236;218;149;48;2;204;192;136m▄[38;2;168;165;157;48;2;197;197;197m▄[38;2;152;152;152;48;2;183;183;181m▄[0m[7m[38;2;111;104;76m▄[38;2;128;118;83m▄[0m [38;2;0;0;0m [0m   [0m
 [38;2;78;34;35;48;2;140;7;7m▄[38;2;93;1;1;48;2;121;1;0m▄[38;2;10;0;0;48;2;121;0;0m▄[38;2;12;0;0;48;2;158;0;0m▄[38;2;70;0;0;48;2;160;0;0m▄[38;2;133;0;0;48;2;157;1;0m▄[38;2;165;1;0;48;2;149;2;1m▄[38;2;161;1;0;48;2;116;15;9m▄[38;2;154;1;1;48;2;141;94;63m▄[38;2;147;2;2;48;2;177;156;102m▄[38;2;130;2;1;48;2;213;194;128m▄[38;2;113;17;8;48;2;228;207;142m▄[38;2;121;41;26;48;2;243;223;153m▄[38;2;125;47;30;48;2;243;223;152m▄[38;2;116;42;27;48;2;244;222;154m▄[38;2;129;21;12;48;2;239;216;145m▄[38;2;135;3;2;48;2;223;203;135m▄[38;2;147;8;5;48;2;188;163;107m▄[0m[7m[38;2;138;120;88m▄[0m   [38;2;0;0;0m  [0m [38;2;86;66;23m▄[38;2;103;71;4;48;2;126;98;30m▄[38;2;117;82;3;48;2;155;110;6m▄[38;2;177;125;4;48;2;190;136;5m▄[0m
[?25h