[?25l[0m [38;2;0;0;0m       [0m [38;2;7;7;7m [0m [38;2;26;26;26m  [0m   [38;2;18;18;18m  [0m   [38;2;2;2;2m   [0m [38;2;7;7;7m  [0m   [38;2;11;11;11m      [0m
 [38;2;0;0;0m     [0m   [38;2;46;46;46m [0m [38;2;195;194;194;48;2;142;142;142m▄[0m[7m[38;2;150;150;150m▄[0m   [38;2;223;223;223m▄[0m             [38;2;0;0;0m      [0m
 [38;2;0;0;0m     [0m       [38;2;128;128;128m▄[38;2;201;201;201m▄[0m   [38;2;100;100;100m▄[38;2;29;29;29m▄[0m          [38;2;66;66;66m      [0m
 [38;2;0;0;0m     [0m       [7m[38;2;187;187;187m▄[38;2;227;227;226m▄[0m  [38;2;59;60;59m▄[38;2;4;4;4;48;2;20;20;20m▄[0m[7m[38;2;87;87;87m▄[0m       [7m[38;2;128;128;128m▄[38;2;159;159;159m▄[0m [38;2;0;0;0m      [0m
 [38;2;0;0;0m     [0m          [38;2;83;83;83;48;2;224;223;223m▄[38;2;15;15;14;48;2;90;90;89m▄[38;2;0;0;0;48;2;2;2;2m▄[0m[38;2;32;32;32m▄[38;2;105;104;104m▄[7m[38;2;138;138;138m▄[0m      [38;2;20;20;20m [0m [38;2;20;20;20m      [0m
 [38;2;0;0;0m     [0m       [38;2;47;46;46;48;2;178;179;178m▄[38;2;2;2;1;48;2;105;105;105m▄[38;2;0;0;0;48;2;35;36;36m▄[48;2;4;4;4m▄[48;2;0;0;0m   [48;2;22;21;21m▄[48;2;39;38;38m▄[0m[38;2;20;20;20m▄[38;2;69;69;69m▄[0m  [38;2;19;20;20m [0m [38;2;134;134;134m▄[0m [38;2;46;46;46m      [0m
 [38;2;0;0;0m     [0m     [7m[38;2;47;47;47m▄[38;2;30;30;30m▄▄[38;2;5;5;4m▄[0m[38;2;6;6;6;48;2;0;0;0m▄    [38;2;1;1;1m▄[38;2;43;43;43;48;2;4;3;3m▄[0m[7m[38;2;22;22;22m▄[38;2;26;26;26m▄[38;2;30;30;30m▄[38;2;61;61;61m▄[0m[38;2;147;146;147m▄[0m [38;2;9;9;10m        [0m
 [38;2;0;0;0m       [0m [7m[38;2;73;73;73m▄[0m   [38;2;19;19;19m  [38;2;36;36;36;48;2;27;27;27m▄[38;2;2;1;1;48;2;0;0;0m▄   [38;2;31;31;31;48;2;25;25;26m▄[0m  [38;2;38;38;38;48;2;39;39;39m▄[0m [38;2;8;8;8m [0m    [38;2;31;31;31m      [0m
 [38;2;0;0;0m     [38;2;126;126;126m▄[38;2;199;199;199m▄[0m    [38;2;3;3;3m [0m  [38;2;49;42;31;48;2;29;29;28m▄[38;2;171;147;101;48;2;7;5;3m▄[38;2;105;92;64;48;2;32;27;19m▄[38;2;97;86;61;48;2;37;32;22m▄[38;2;151;129;90;48;2;15;12;7m▄[38;2;84;72;50;48;2;20;20;20m▄[0m[38;2;33;33;33m▄[0m [38;2;7;7;7m [0m    [38;2;4;4;4m [0m [38;2;0;0;0m      [0m
 [38;2;0;0;0m     [0m [7m[38;2;159;159;159m▄[0m  [38;2;122;120;118m▄[38;2;151;132;95;48;2;34;34;34m▄[38;2;236;204;145;48;2;58;54;46m▄[38;2;239;206;145;48;2;140;124;96m▄[38;2;240;206;145;48;2;171;148;107m▄[38;2;242;209;149;48;2;193;167;122m▄[38;2;241;209;149;48;2;196;169;118m▄[38;2;239;207;144;48;2;136;117;81m▄[38;2;240;207;145;48;2;122;103;71m▄[38;2;241;210;149;48;2;185;159;114m▄[38;2;240;207;145;48;2;187;161;113m▄[38;2;239;207;144;48;2;169;144;97m▄[38;2;240;208;147;48;2;139;124;91m▄[38;2;239;208;148;48;2;70;65;54m▄[38;2;174;150;106;48;2;38;38;38m▄[38;2;55;51;44;48;2;94;94;94m▄[0m[7m[38;2;207;208;208m▄[0m   [38;2;38;38;38m      [0m
 [38;2;0;0;0m     [0m    [38;2;156;140;109;48;2;175;157;121m▄[38;2;215;186;131;48;2;241;208;146m▄[38;2;187;163;118;48;2;241;207;146m▄[38;2;156;137;101;48;2;241;207;145m▄[38;2;174;153;112;48;2;241;208;146m▄[38;2;207;181;130;48;2;241;208;147m▄[38;2;201;175;124m▄[38;2;195;171;122;48;2;241;207;146m▄[38;2;193;169;120;48;2;242;209;147m▄[38;2;196;170;118;48;2;241;208;145m▄[38;2;204;178;126;48;2;241;208;146m▄[38;2;189;167;120;48;2;241;209;149m▄[38;2;157;140;107;48;2;241;208;145m▄[38;2;184;162;117;48;2;241;207;144m▄[38;2;218;189;130;48;2;240;207;143m▄[38;2;181;158;116;48;2;201;176;123m▄[0m  [7m[38;2;126;126;126m▄[0m [38;2;14;14;14m      [0m
 [38;2;0;0;0m     [0m   [38;2;78;43;44m▄[38;2;124;30;34m▄[38;2;150;16;23;48;2;127;88;71m▄[38;2;131;25;29;48;2;85;61;51m▄[0m [38;2;84;42;31;48;2;190;170;131m▄[38;2;115;98;65;48;2;239;207;146m▄[38;2;166;143;99;48;2;239;206;145m▄[38;2;190;164;113;48;2;239;208;148m▄[38;2;193;166;115;48;2;239;207;145m▄[38;2;174;152;109;48;2;240;208;145m▄[38;2;131;113;79;48;2;239;207;145m▄[38;2;70;53;35;48;2;218;186;126m▄[0m[38;2;63;41;42m▄[38;2;102;32;34m▄[38;2;150;17;22;48;2;138;103;83m▄[0m[38;2;118;35;38m▄[38;2;161;148;148;48;2;131;132;132m▄[0m   [38;2;18;18;18m      [0m
 [38;2;0;0;0m       [38;2;106;42;45m▄[38;2;163;16;22;48;2;162;17;22m▄[38;2;55;4;5;48;2;133;14;17m▄[38;2;9;1;1;48;2;154;14;19m▄[38;2;62;5;8;48;2;155;17;21m▄[38;2;128;11;16;48;2;120;31;36m▄[38;2;158;14;20;48;2;75;6;9m▄[38;2;127;12;16;48;2;2;0;0m▄[38;2;58;5;7;48;2;1;1;1m▄[38;2;26;2;2;48;2;1;1;0m▄[38;2;14;1;2m▄[38;2;47;4;5;48;2;1;1;1m▄[38;2;101;9;13;48;2;1;1;0m▄[38;2;154;14;20;48;2;51;5;7m▄[38;2;147;13;18;48;2;128;30;33m▄[38;2;84;8;11;48;2;143;17;22m▄[38;2;14;1;2;48;2;150;16;21m▄[38;2;44;3;5;48;2;120;12;16m▄[38;2;148;16;18;48;2;124;30;33m▄[0m[38;2;116;116;116m▄[38;2;226;226;226;48;2;139;139;139m▄[0m [38;2;68;68;67m      [0m
 [38;2;0;0;0m      [0m [38;2;137;23;27;48;2;128;38;42m▄[38;2;31;3;4;48;2;104;10;14m▄[38;2;0;0;0;48;2;1;0;0m▄[38;2;1;3;4;48;2;0;0;0m▄ [38;2;0;0;0;48;2;1;0;0m▄[48;2;34;2;3m▄[48;2;69;5;8m▄[48;2;69;6;9m▄[38;2;1;1;0;48;2;32;2;3m▄[38;2;1;0;0;48;2;14;1;1m▄[48;2;63;4;7m▄[38;2;0;0;0;48;2;71;5;8m▄[48;2;42;3;5m▄[48;2;6;0;0m▄[48;2;1;0;0m▄[38;2;1;3;4;48;2;2;1;0m▄[38;2;1;1;0;48;2;1;0;0m▄[38;2;50;4;5;48;2;104;11;14m▄[0m   [38;2;0;0;0m      [0m
 [38;2;0;0;0m      [38;2;69;39;40m▄[38;2;78;8;9;48;2;104;10;14m▄[38;2;0;0;0;48;2;1;0;0m▄[38;2;0;1;1;48;2;0;0;0m▄[38;2;4;9;11;48;2;4;10;12m▄[48;2;0;0;0m  [38;2;26;22;15m▄[38;2;190;162;113;48;2;4;3;2m▄[38;2;240;205;140;48;2;81;70;47m▄[38;2;240;205;141;48;2;150;129;88m▄[48;2;162;141;99m▄[38;2;241;206;141;48;2;126;108;75m▄[38;2;233;200;138;48;2;33;28;19m▄[38;2;98;84;57;48;2;0;0;0m▄[38;2;1;1;1m▄ [38;2;2;4;5;48;2;3;7;10m▄[38;2;1;3;4;48;2;1;0;0m▄[38;2;1;1;1;48;2;7;1;1m▄[38;2;86;84;85;48;2;65;34;34m▄[0m[38;2;183;183;183m▄[0m [38;2;49;49;49m      [0m
 [38;2;0;0;0m     [0m [38;2;136;33;37;48;2;100;36;39m▄[38;2;12;1;1;48;2;36;3;5m▄[48;2;0;0;0m [38;2;3;7;9;48;2;3;7;8m▄[38;2;0;0;0;48;2;1;3;3m▄[38;2;2;1;1;48;2;0;0;0m▄[38;2;119;102;72;48;2;10;8;5m▄[38;2;240;204;140;48;2;195;166;113m▄[38;2;240;205;141;48;2;241;206;141m▄[38;2;241;205;141;48;2;241;207;143m▄[38;2;241;207;143;48;2;241;206;143m▄[38;2;241;207;144;48;2;241;206;142m▄[38;2;241;207;145m▄[38;2;242;207;145;48;2;241;206;143m▄[38;2;241;206;143;48;2;240;207;145m▄[38;2;216;184;124;48;2;80;68;47m▄[38;2;11;10;6;48;2;0;0;0m▄[38;2;0;0;0;48;2;1;1;0m▄[38;2;2;7;9;48;2;3;7;9m▄[38;2;1;1;0;48;2;0;0;0m▄[38;2;28;28;28;48;2;62;62;62m▄[0m[7m[38;2;126;126;126m▄[0m [38;2;0;0;0m      [0m
 [38;2;0;0;0m     [0m [7m[38;2;127;13;18m▄[38;2;4;2;2m▄[0m[38;2;112;112;111;48;2;2;2;2m▄[38;2;148;145;145;48;2;14;6;7m▄[0m[7m[38;2;2;2;2m▄[38;2;6;5;4m▄[0m[38;2;208;200;186;48;2;211;182;130m▄[38;2;205;198;185;48;2;239;206;145m▄[0m[7m[38;2;240;206;143m▄[38;2;240;205;141m▄[38;2;241;206;143m▄[38;2;242;207;146m▄[38;2;242;208;147m▄[38;2;241;207;144m▄[38;2;240;205;142m▄[38;2;241;208;148m▄[38;2;87;75;53m▄[38;2;2;2;2m▄[38;2;4;8;9m▄[38;2;3;2;2m▄[38;2;20;20;20m▄[0m[38;2;149;149;149m▄[0m [38;2;56;56;56m      [0m
 [38;2;0;0;0m        [0m  [38;2;0;0;0m  [0m   [38;2;0;0;0m            [0m  [38;2;0;0;0m      [0m
[?25h