[?25l[0m [38;2;0;0;0m                [0m  [38;2;2;2;2m                 [0m
 [38;2;0;0;0m              [0m [38;2;207;204;188m▄[38;2;204;200;183;48;2;216;212;196m▄[38;2;240;236;217;48;2;187;184;170m▄[0m[38;2;104;101;91m▄                [0m
 [38;2;0;0;0m              [0m [7m[38;2;173;169;154m▄[0m[38;2;101;98;88;48;2;249;244;223m▄[38;2;80;78;72;48;2;245;239;218m▄[0m [38;2;1;1;1m                [0m
 [38;2;0;0;0m                [0m [38;2;26;26;27;48;2;24;24;25m▄[0m [38;2;10;10;10m                [0m
 [38;2;0;0;0m        [38;2;19;19;20m▄[38;2;24;24;25m▄[0m [38;2;2;1;2m  [0m  [38;2;27;27;28m▄[38;2;26;26;28;48;2;21;21;22m▄[38;2;27;27;28;48;2;26;26;28m▄[38;2;26;26;27;48;2;17;17;18m▄[0m[38;2;21;20;21m▄[0m [38;2;6;6;6m  [0m [38;2;24;24;25m▄[0m [38;2;16;16;17m         [0m
 [38;2;0;0;0m        [38;2;20;20;21;48;2;24;24;25m▄[38;2;26;26;28;48;2;26;27;28m▄[38;2;26;27;28;48;2;19;20;20m▄[0m[38;2;26;26;28m▄[38;2;26;27;28;48;2;23;23;24m▄[38;2;27;27;28;48;2;29;29;30m▄[38;2;27;27;29;48;2;25;26;27m▄[48;2;26;27;28m▄[48;2;27;27;28m [38;2;27;27;28;48;2;27;27;29m▄▄[48;2;27;27;28m [38;2;26;27;28;48;2;26;27;28m▄[38;2;26;26;28;48;2;27;27;28m▄[0m[38;2;26;26;27m▄[38;2;26;26;28;48;2;23;23;25m▄[48;2;26;26;28m [0m[7m[38;2;17;17;18m▄[0m[38;2;14;14;15m         [0m
 [38;2;0;0;0m       [0m [38;2;27;27;28;48;2;17;17;17m▄[38;2;99;99;100;48;2;26;26;27m▄[38;2;178;178;178;48;2;27;27;28m▄[38;2;184;184;184m▄[38;2;132;132;133m▄[38;2;36;36;37m▄[38;2;26;26;28m▄ [38;2;27;27;29m▄  [38;2;26;27;28m▄[38;2;40;40;41;48;2;26;27;28m▄[38;2;120;121;121m▄[38;2;148;148;148;48;2;26;26;28m▄[38;2;108;108;108;48;2;27;27;28m▄[38;2;31;31;33;48;2;26;26;27m▄[0m[38;2;26;26;28m▄[0m [38;2;6;6;6m        [0m
 [38;2;0;0;0m      [0m [38;2;49;49;50;48;2;22;23;23m▄[38;2;249;249;249;48;2;142;142;142m▄[48;2;253;253;253m  [38;2;253;252;252;48;2;252;252;252m▄[38;2;253;253;252;48;2;252;252;253m▄[38;2;253;253;253;48;2;206;206;207m▄[38;2;118;118;119;48;2;34;34;35m▄[38;2;26;26;28;48;2;27;27;28m▄[48;2;27;27;29m▄[48;2;26;27;28m ▄[38;2;170;170;171;48;2;52;52;53m▄[38;2;252;253;252;48;2;226;226;226m▄[48;2;252;252;252m  [38;2;252;252;252;48;2;253;253;253m▄[48;2;200;200;200m▄[38;2;127;127;127;48;2;33;33;35m▄[38;2;25;25;26;48;2;19;19;19m▄[0m[38;2;25;25;26m        [0m
 [38;2;0;0;0m      [0m [38;2;69;69;70;48;2;89;89;90m▄[38;2;253;252;252;48;2;253;253;253m▄[38;2;252;252;252m▄[48;2;251;251;251m▄[38;2;250;250;250;48;2;120;120;120m▄[38;2;252;252;252;48;2;253;253;253m▄[48;2;253;253;252m▄[38;2;137;137;138;48;2;164;164;164m▄[38;2;26;26;27;48;2;26;26;28m▄ [38;2;26;26;28;48;2;27;27;28m▄[48;2;26;26;28m [38;2;206;206;206;48;2;226;226;226m▄[48;2;252;252;252m  [38;2;245;245;245;48;2;125;125;125m▄[48;2;252;252;252m  [38;2;161;161;161;48;2;178;178;178m▄[38;2;25;25;26;48;2;24;24;25m▄[0m [38;2;4;4;4m       [0m
 [38;2;0;0;0m      [0m [38;2;22;22;22;48;2;29;29;30m▄[38;2;40;40;41;48;2;197;197;197m▄[38;2;168;168;168;48;2;253;252;252m▄[38;2;239;239;238;48;2;252;252;252m▄[38;2;245;245;245m▄[38;2;192;192;192m▄[38;2;89;88;81;48;2;236;236;236m▄[38;2;161;151;114;48;2;67;65;61m▄[38;2;117;109;81;48;2;136;128;99m▄[38;2;3;3;2;48;2;155;147;112m▄[38;2;120;112;84;48;2;135;127;99m▄[38;2;162;152;115;48;2;43;42;38m▄[38;2;39;38;35;48;2;114;114;114m▄[38;2;127;127;128;48;2;253;253;252m▄[38;2;234;234;234;48;2;252;252;252m▄ [38;2;220;220;220m▄[38;2;97;97;97;48;2;249;249;249m▄[38;2;25;26;27;48;2;74;74;75m▄[0m[7m[38;2;25;24;26m▄[0m[38;2;18;18;18m        [0m
 [38;2;0;0;0m       [0m [7m[38;2;25;25;26m▄[0m[38;2;58;45;39;48;2;26;26;27m▄[38;2;224;208;155;48;2;43;42;38m▄[38;2;250;230;171;48;2;146;137;103m▄[48;2;224;207;155m▄[48;2;249;230;172m▄[48;2;247;229;171m [38;2;239;223;167;48;2;249;230;172m▄[38;2;236;220;165;48;2;245;227;169m▄[38;2;242;225;169;48;2;250;230;172m▄[38;2;248;230;172;48;2;246;228;170m▄[38;2;249;230;173;48;2;247;229;171m▄[38;2;249;230;172;48;2;210;195;147m▄[48;2;128;120;93m▄[38;2;211;196;148;48;2;44;44;42m▄[38;2;44;43;39;48;2;25;25;27m▄[38;2;60;24;24;48;2;26;26;28m▄[0m[7m[38;2;23;23;24m▄[0m [38;2;1;1;1m        [0m
 [38;2;0;0;0m      [0m [7m[38;2;109;26;23m▄[0m[38;2;172;32;26;48;2;190;32;26m▄[38;2;188;40;32;48;2;196;111;84m▄[38;2;208;142;106;48;2;243;225;168m▄[38;2;237;218;163;48;2;219;206;157m▄[38;2;220;219;211;48;2;232;226;207m▄[38;2;237;220;166;48;2;210;199;158m▄[38;2;249;230;171;48;2;234;218;162m▄[48;2;243;225;167m▄[38;2;249;230;172;48;2;244;226;169m▄[38;2;250;230;173;48;2;241;223;167m▄[38;2;249;230;173;48;2;230;214;160m▄[38;2;249;231;173;48;2;213;200;152m▄[38;2;224;222;216;48;2;228;222;199m▄[38;2;231;216;168;48;2;225;212;168m▄[38;2;222;187;139;48;2;243;225;169m▄[38;2;190;64;50;48;2;180;128;97m▄[38;2;191;32;26;48;2;188;31;26m▄[38;2;171;31;26;48;2;191;32;26m▄[38;2;93;20;17;48;2;111;25;21m▄[0m [38;2;3;3;3m       [0m
 [38;2;0;0;0m        [0m [38;2;157;29;25;48;2;126;26;23m▄[38;2;166;26;21;48;2;191;32;26m▄[38;2;184;31;25;48;2;166;47;37m▄[38;2;175;30;24;48;2;135;115;88m▄[38;2;80;25;24;48;2;195;182;137m▄[38;2;25;25;26;48;2;240;222;167m▄[38;2;43;42;38;48;2;249;230;172m▄[38;2;60;58;50m▄[38;2;50;48;42;48;2;249;231;173m▄[38;2;45;25;24;48;2;244;227;171m▄[38;2;129;26;23;48;2;214;199;150m▄[38;2;189;31;26;48;2;173;136;105m▄[38;2;183;30;24;48;2;188;78;60m▄[38;2;171;28;22;48;2;191;33;27m▄[38;2;175;29;23;48;2;181;30;24m▄[38;2;181;32;26;48;2;110;25;22m▄[0m [38;2;51;14;13m         [0m
 [38;2;0;0;0m       [38;2;105;23;20m▄[38;2;192;33;27;48;2;161;32;27m▄[38;2;192;34;28;48;2;192;33;27m▄[38;2;193;34;28;48;2;193;33;27m▄[38;2;188;32;26;48;2;185;32;26m▄[38;2;143;27;24;48;2;177;29;23m▄[38;2;136;24;20;48;2;186;31;24m▄[38;2;180;28;23;48;2;139;25;21m▄[38;2;176;29;23;48;2;128;26;22m▄[38;2;192;32;26;48;2;144;28;24m▄[38;2;172;28;22;48;2;108;23;20m▄[38;2;155;25;20;48;2;186;31;25m▄[38;2;148;28;23;48;2;180;29;23m▄[38;2;187;31;25;48;2;180;28;23m▄[38;2;192;33;27;48;2;186;31;25m▄[48;2;192;33;27m [38;2;192;34;28m▄ [38;2;192;33;27;48;2;176;32;27m▄[0m[38;2;121;29;25m▄        [0m
 [38;2;0;0;0m      [38;2;88;20;18m▄[38;2;191;32;27;48;2;185;32;26m▄[38;2;180;31;26;48;2;192;33;27m▄[38;2;62;24;24;48;2;190;33;27m▄[38;2;25;25;27;48;2;115;28;25m▄[38;2;27;27;29;48;2;38;25;26m▄[38;2;38;24;24;48;2;26;26;27m▄[38;2;191;32;26;48;2;164;28;23m▄[38;2;120;27;23;48;2;185;30;25m▄[38;2;27;27;29;48;2;67;23;23m▄[48;2;59;24;24m▄[38;2;76;25;24;48;2;166;28;23m▄[38;2;190;33;27;48;2;187;32;26m▄[38;2;90;26;25;48;2;42;24;25m▄[38;2;27;27;29;48;2;35;25;26m▄[48;2;92;27;25m▄[38;2;30;26;27;48;2;170;32;26m▄[38;2;101;26;24;48;2;192;34;28m▄[38;2;187;33;27;48;2;191;34;28m▄[38;2;192;34;27;48;2;192;33;27m▄[38;2;191;33;27;48;2;186;33;27m▄[0m[38;2;84;20;17m▄       [0m
 [38;2;0;0;0m     [0m [38;2;178;31;25;48;2;146;30;26m▄[38;2;105;26;23;48;2;188;33;27m▄[38;2;26;26;28;48;2;59;25;25m▄[48;2;24;24;25m [48;2;27;27;29m [38;2;27;27;29;48;2;27;28;29m▄[48;2;31;26;27m▄[48;2;92;26;24m▄[48;2;29;26;27m▄[48;2;27;28;29m▄ [38;2;28;28;29;48;2;27;27;29m▄[38;2;27;27;29;48;2;68;25;25m▄[48;2;55;25;25m▄[48;2;27;27;29m  [38;2;25;25;26;48;2;24;25;26m▄[38;2;26;26;28;48;2;27;27;29m▄[38;2;27;27;29;48;2;61;25;25m▄[38;2;65;24;24;48;2;180;31;26m▄[38;2;190;33;27;48;2;192;33;27m▄[38;2;168;32;26;48;2;135;26;22m▄[0m [38;2;2;2;2m      [0m
 [38;2;0;0;0m     [0m  [7m[38;2;32;21;21m▄[38;2;30;30;32m▄[38;2;24;23;25m▄[38;2;27;27;29m▄[0m[38;2;21;21;21;48;2;27;27;29m▄[38;2;27;27;28m▄[38;2;28;28;30m▄[38;2;31;31;33m▄[38;2;32;32;33m▄[38;2;31;31;33;48;2;27;28;29m▄[38;2;30;30;31m▄[38;2;32;32;33;48;2;27;27;29m▄[38;2;32;32;34m▄[38;2;30;30;31m▄[38;2;26;26;28m▄[38;2;24;24;25;48;2;27;27;28m▄[0m[7m[38;2;23;23;25m▄[38;2;27;27;29m▄▄[38;2;119;25;21m▄[0m  [38;2;0;0;0m      [0m
 [38;2;0;0;0m               [0m     [38;2;0;0;0m               [0m
[?25h