[?25l[0m [38;2;0;0;0m [0m          [38;2;0;0;0m               [0m   [0m
 [38;2;0;0;0m                             [0m
 [38;2;0;0;0m                             [0m
 [38;2;0;0;0m         [0m    [38;2;8;8;8m                [0m
 [38;2;0;0;0m       [0m [38;2;150;150;150m▄[38;2;248;249;249;48;2;186;186;187m▄[38;2;251;251;251;48;2;248;248;248m▄[38;2;232;232;232m▄[38;2;174;174;174;48;2;193;192;193m▄[0m[38;2;165;165;165m▄[0m [38;2;8;8;8m              [0m
 [38;2;0;0;0m       [0m [38;2;198;198;198;48;2;212;212;212m▄[38;2;253;253;253;48;2;251;251;251m▄▄[48;2;184;184;184m▄[38;2;248;248;248;48;2;53;52;53m▄[38;2;199;198;198;48;2;213;213;213m▄[0m [38;2;15;15;15m              [0m
 [38;2;0;0;0m        [7m[38;2;92;92;92m▄[0m[38;2;65;64;64;48;2;242;242;242m▄[38;2;148;147;147;48;2;249;249;249m▄[38;2;168;168;169;48;2;250;250;250m▄[38;2;77;77;77;48;2;243;243;243m▄[0m[7m[38;2;101;101;101m▄[0m[38;2;7;7;7m               [0m
 [38;2;0;0;0m         [38;2;12;12;12;48;2;15;15;15m▄[38;2;16;16;16;48;2;21;20;21m▄[0m [38;2;13;13;13m                 [0m
 [38;2;0;0;0m         [38;2;21;21;21;48;2;16;16;16m▄[38;2;6;4;4;48;2;6;6;6m▄[0m [38;2;20;20;20m                 [0m
 [38;2;0;0;0m         [38;2;36;36;36;48;2;28;28;28m▄[38;2;0;0;1;48;2;2;2;1m▄[38;2;21;20;20;48;2;29;28;28m▄[0m [38;2;4;4;4m                [0m
 [38;2;0;0;0m     [0m  [38;2;30;31;31m▄[38;2;4;4;4;48;2;19;19;19m▄[38;2;2;1;1;48;2;12;11;11m▄[48;2;1;0;0m [38;2;1;0;0;48;2;2;2;1m▄[38;2;1;1;1;48;2;26;26;25m▄[38;2;1;1;0;48;2;27;27;27m▄[0m[38;2;2;2;2m▄[38;2;21;21;20m▄[38;2;24;24;24m▄[0m  [38;2;6;6;5m          [0m
 [38;2;0;0;0m  [0m [38;2;42;42;42m▄[38;2;5;4;4;48;2;22;23;23m▄[38;2;22;23;23;48;2;25;25;25m▄[38;2;5;5;5;48;2;25;25;24m▄[38;2;2;2;2;48;2;25;25;25m▄[38;2;3;3;3;48;2;24;25;24m▄[38;2;2;3;3;48;2;4;5;4m▄[48;2;0;0;0m       [38;2;5;5;4;48;2;4;4;4m▄[38;2;6;5;5;48;2;43;43;43m▄[38;2;1;1;1;48;2;27;27;27m▄[38;2;5;5;5;48;2;26;26;26m▄[0m[38;2;30;30;30m▄       [0m
 [38;2;0;0;0m [38;2;31;31;32m▄[38;2;2;2;2;48;2;30;30;31m▄[38;2;0;0;0;48;2;1;1;1m▄[38;2;1;1;1;48;2;2;1;1m▄[38;2;126;126;127;48;2;3;3;3m▄[38;2;248;248;248;48;2;73;73;74m▄[38;2;252;252;252;48;2;158;158;158m▄[38;2;253;253;253;48;2;174;174;174m▄[38;2;252;252;252;48;2;127;127;127m▄[38;2;223;223;223;48;2;21;21;21m▄[38;2;37;37;37;48;2;0;0;0m▄     [38;2;16;15;15;48;2;1;0;0m▄[38;2;200;200;200;48;2;13;13;14m▄[38;2;251;251;252;48;2;118;118;118m▄[38;2;253;253;253;48;2;173;173;173m▄[38;2;251;251;251;48;2;166;166;166m▄[38;2;242;242;241;48;2;72;72;72m▄[0m[38;2;90;90;90m▄     [0m
 [38;2;27;27;27m▄[38;2;2;2;1;48;2;17;16;16m▄[38;2;1;0;0;48;2;2;1;0m▄[38;2;2;2;2;48;2;3;2;1m▄[38;2;118;117;118;48;2;49;49;49m▄[38;2;251;250;251;48;2;247;247;247m▄[38;2;252;252;251;48;2;254;254;254m▄[38;2;87;87;87;48;2;250;250;250m▄[38;2;146;146;146;48;2;250;250;251m▄[48;2;252;252;253m [38;2;252;252;253;48;2;253;253;253m▄[38;2;242;242;241;48;2;177;177;177m▄[38;2;10;10;10;48;2;2;2;2m▄[48;2;0;0;0m   [48;2;1;1;1m [38;2;151;151;152;48;2;105;105;105m▄[38;2;250;250;251;48;2;252;252;252m▄[38;2;253;253;253;48;2;254;254;254m▄[38;2;251;250;251;48;2;253;253;253m▄[38;2;85;86;85;48;2;211;211;211m▄[38;2;123;123;123;48;2;223;223;223m▄[38;2;237;237;237;48;2;206;206;206m▄[0m [38;2;39;39;39m    [0m
 [38;2;30;30;30;48;2;20;20;20m▄[38;2;3;2;1;48;2;1;0;0m▄[48;2;0;0;0m [38;2;1;1;0;48;2;2;2;2m▄[38;2;45;44;45;48;2;118;117;118m▄[38;2;244;244;244;48;2;251;251;251m▄[38;2;252;251;252m▄[38;2;253;253;253;48;2;188;188;188m▄[48;2;217;217;217m▄[38;2;252;252;252;48;2;253;253;253m▄[38;2;251;251;251;48;2;254;253;254m▄[38;2;169;168;168;48;2;241;241;240m▄[38;2;13;11;7;48;2;9;9;9m▄[38;2;172;141;92;48;2;3;2;1m▄[38;2;170;138;85;48;2;26;21;11m▄[38;2;151;125;76;48;2;40;32;18m▄[38;2;173;141;87;48;2;32;26;16m▄[38;2;181;155;108;48;2;135;135;133m▄[38;2;232;233;234;48;2;252;252;252m▄[38;2;253;252;253;48;2;253;253;253m▄[38;2;254;254;254;48;2;252;252;252m▄[38;2;252;251;251;48;2;247;247;247m▄[38;2;251;251;251;48;2;250;250;250m▄[38;2;127;127;127;48;2;219;219;219m▄[0m [38;2;1;1;1m    [0m
 [38;2;24;24;24;48;2;32;32;32m▄[38;2;1;1;1;48;2;2;1;1m▄[48;2;0;0;0m  [38;2;1;0;0;48;2;1;1;1m▄[38;2;4;4;3;48;2;112;112;112m▄[38;2;54;54;54;48;2;247;247;247m▄[38;2;135;134;134;48;2;253;253;253m▄[38;2;158;159;157;48;2;253;252;252m▄[38;2;146;145;133;48;2;250;249;250m▄[38;2;127;123;89;48;2;216;216;215m▄[38;2;189;180;121;48;2;33;33;32m▄[38;2;223;211;148;48;2;44;37;22m▄[38;2;188;168;107;48;2;216;177;108m▄[38;2;220;199;123;48;2;17;14;8m▄[38;2;234;221;150;48;2;4;5;2m▄[38;2;230;212;141;48;2;47;41;27m▄[38;2;200;183;119;48;2;191;156;92m▄[38;2;227;214;144;48;2;74;74;74m▄[38;2;172;165;114;48;2;203;203;203m▄[38;2;86;83;58;48;2;244;244;244m▄[38;2;11;11;8;48;2;214;215;213m▄[0m[7m[38;2;124;124;123m▄[0m [38;2;0;0;0m     [0m
 [7m[38;2;31;31;31m▄[0m[38;2;17;17;16;48;2;2;2;2m▄[38;2;1;1;0;48;2;0;0;0m▄ ▄[38;2;2;2;2m▄[38;2;96;91;62m▄[38;2;240;226;145;48;2;44;42;29m▄[38;2;251;236;157;48;2;176;168;118m▄[38;2;252;236;159;48;2;247;235;164m▄[38;2;253;237;158;48;2;251;237;160m▄[38;2;253;236;159;48;2;251;236;155m▄[38;2;253;236;158m▄[38;2;252;235;156;48;2;252;235;157m▄[38;2;252;236;157;48;2;251;235;155m▄[38;2;252;235;155;48;2;252;235;157m▄[38;2;252;234;153;48;2;252;235;155m▄[38;2;252;235;154;48;2;251;233;152m▄[38;2;252;235;157;48;2;252;234;155m▄[38;2;252;235;156;48;2;252;235;158m▄[38;2;253;236;156;48;2;251;235;155m▄[38;2;252;239;163;48;2;206;196;137m▄[38;2;223;214;154;48;2;77;75;61m▄[0m [38;2;35;35;33m     [0m
 [38;2;0;0;0m [7m[38;2;47;47;47m▄[0m[38;2;59;16;17;48;2;12;12;11m▄[38;2;8;1;1;48;2;1;1;0m▄[38;2;2;1;1;48;2;1;0;0m▄[38;2;102;100;70;48;2;53;51;36m▄[38;2;251;239;165;48;2;245;234;164m▄[38;2;241;229;153;48;2;251;237;160m▄[38;2;187;179;117;48;2;208;199;134m▄[38;2;174;169;116;48;2;230;218;146m▄[38;2;150;148;120;48;2;250;235;155m▄[38;2;179;176;141;48;2;252;236;159m▄[38;2;173;168;122;48;2;252;238;163m▄[38;2;183;179;127;48;2;252;238;160m▄[38;2;185;178;122;48;2;252;236;155m▄[38;2;186;178;121;48;2;252;235;153m▄[38;2;183;177;123;48;2;252;235;155m▄[38;2;176;170;121;48;2;253;236;160m▄[38;2;185;180;145m▄[38;2;168;166;138;48;2;251;234;154m▄[38;2;76;75;60;48;2;250;234;154m▄[0m[7m[38;2;230;219;148m▄[38;2;140;137;103m▄[0m [38;2;0;0;0m   [0m [38;2;116;92;33m▄[0m
  [38;2;151;19;19;48;2;127;24;25m▄[38;2;130;14;14;48;2;120;16;13m▄[38;2;110;13;12;48;2;94;12;11m▄[38;2;148;21;18;48;2;45;7;6m▄[38;2;98;10;11;48;2;23;21;14m▄[38;2;58;22;16;48;2;206;198;136m▄[38;2;149;138;93;48;2;251;236;154m▄[38;2;237;226;151;48;2;252;237;155m▄[38;2;250;236;156;48;2;250;238;165m▄[38;2;237;227;156;48;2;194;190;159m▄[38;2;202;196;144;48;2;220;220;219m▄[38;2;249;235;153;48;2;213;203;140m▄[38;2;250;236;151;48;2;249;237;154m▄[38;2;251;237;155;48;2;249;238;165m▄[38;2;249;236;161;48;2;249;239;173m▄[38;2;219;209;143;48;2;249;240;166m▄[38;2;152;116;80;48;2;237;230;154m▄[38;2;56;53;52;48;2;194;194;188m▄[0m[7m[38;2;137;137;137m▄[0m[38;2;16;16;16m       [38;2;78;67;32;48;2;88;72;35m▄[38;2;112;80;8;48;2;201;148;23m▄[0m
  [38;2;92;33;33;48;2;117;31;31m▄[38;2;142;17;15;48;2;132;13;14m▄[38;2;17;2;2;48;2;159;16;18m▄[38;2;4;0;0;48;2;145;17;18m▄[38;2;29;2;3;48;2;153;18;19m▄[38;2;70;7;7;48;2;157;19;19m▄[38;2;96;10;10;48;2;149;18;18m▄[38;2;115;13;12;48;2;118;23;18m▄[38;2;116;12;12;48;2;145;79;52m▄[38;2;110;12;11;48;2;156;117;80m▄[38;2;63;19;21;48;2;145;134;92m▄[38;2;34;45;52;48;2;138;135;93m▄[38;2;36;46;53;48;2;134;130;88m▄[38;2;65;12;10;48;2;148;111;72m▄[38;2;77;12;8;48;2;122;53;36m▄[38;2;41;6;6;48;2;122;16;14m▄[38;2;32;5;5;48;2;138;18;16m▄[0m[38;2;57;36;36m▄        [38;2;68;27;34;48;2;63;51;32m▄[38;2;113;4;29;48;2;82;21;16m▄[0m
 [38;2;122;25;24m▄[38;2;46;5;4;48;2;137;17;17m▄[38;2;0;0;0;48;2;22;3;3m▄[48;2;1;1;1m▄[38;2;1;1;1;48;2;1;0;0m▄[38;2;13;14;14;48;2;0;0;0m▄[38;2;1;1;0m▄[38;2;0;0;0;48;2;1;0;0m▄[48;2;1;1;1m▄[48;2;1;0;0m▄[38;2;2;2;1;48;2;3;2;1m▄[38;2;29;27;19;48;2;2;2;1m▄[38;2;90;89;60;48;2;12;17;20m▄[38;2;99;96;65;48;2;13;19;22m▄[38;2;57;54;37;48;2;2;1;0m▄[38;2;2;1;1m▄[38;2;0;0;0;48;2;1;1;1m▄[38;2;22;22;22m▄[38;2;10;10;10;48;2;22;21;22m▄[0m [38;2;17;17;17m       [38;2;74;26;34;48;2;70;25;33m▄[38;2;124;3;28;48;2;115;3;29m▄[0m
[?25h