[?25l[0m [38;2;0;0;0m   [7m[38;2;75;64;56m▄[38;2;221;163;128m▄[38;2;239;166;121m▄[38;2;239;165;120m▄[0m[38;2;120;91;72;48;2;239;168;122m▄[38;2;145;109;87;48;2;239;169;123m▄[38;2;153;113;89;48;2;239;167;123m▄[38;2;123;94;74;48;2;207;144;104m▄[38;2;179;132;104;48;2;225;159;118m▄[0m[7m[38;2;141;103;81m▄[0m [38;2;0;0;0m       [0m [38;2;0;0;0m     [0m [7m[38;2;183;126;93m▄[0m
 [38;2;0;0;0m                             [0m
 [38;2;0;0;0m                             [0m
 [38;2;0;0;0m                             [0m
 [38;2;0;0;0m                             [0m
 [38;2;0;0;0m            [0m [38;2;90;91;90m▄[38;2;63;64;64m▄[0m [38;2;13;13;13m             [0m
 [38;2;0;0;0m          [0m [38;2;142;142;142m▄[38;2;252;252;252;48;2;210;210;210m▄[38;2;230;230;230;48;2;250;250;250m▄[38;2;167;167;168;48;2;246;246;246m▄[38;2;221;217;209;48;2;132;130;126m▄[0m[38;2;55;54;54m▄            [0m
 [38;2;0;0;0m          [0m [38;2;81;81;81;48;2;160;160;160m▄[38;2;237;237;238;48;2;253;253;253m▄[38;2;250;250;250;48;2;225;225;225m▄[38;2;251;251;251;48;2;161;160;161m▄[38;2;188;188;188;48;2;248;248;248m▄[0m[7m[38;2;65;64;65m▄[0m[38;2;17;16;17m            [0m
 [38;2;0;0;0m           [38;2;20;20;20m▄[38;2;2;2;2;48;2;40;40;40m▄[0m[7m[38;2;121;121;121m▄[38;2;112;112;112m▄[0m [38;2;0;0;0m             [0m
 [38;2;0;0;0m          [0m [38;2;8;8;8;48;2;21;21;21m▄[38;2;2;2;2;48;2;5;4;3m▄[0m [38;2;22;22;22m               [0m
 [38;2;0;0;0m       [0m  [38;2;20;20;20m▄[38;2;4;3;3;48;2;20;19;19m▄[38;2;0;0;0;48;2;1;1;1m▄[48;2;0;0;0m [48;2;20;20;20m▄[0m[38;2;7;7;6m▄[38;2;22;22;22m▄[38;2;23;23;23m▄[0m  [38;2;10;10;10m          [0m
 [38;2;0;0;0m    [0m [38;2;20;20;20m▄[38;2;2;2;1;48;2;21;21;21m▄[38;2;0;0;0m▄[48;2;1;1;1m▄[48;2;0;0;0m        [48;2;1;1;1m▄[48;2;14;14;14m▄[38;2;1;1;1;48;2;29;29;28m▄[0m[38;2;11;11;10m▄[38;2;27;27;27m▄[0m  [38;2;2;2;2m     [0m
 [38;2;0;0;0m  [0m [38;2;25;25;25m▄[38;2;0;0;0;48;2;10;11;11m▄[48;2;0;0;0m  [38;2;1;1;1m▄[38;2;68;68;68m▄[38;2;151;151;151;48;2;2;1;1m▄[38;2;155;155;155;48;2;1;1;1m▄[38;2;83;83;83;48;2;0;0;0m▄[38;2;3;3;3m▄       [38;2;15;15;15m▄[38;2;71;71;71;48;2;2;1;1m▄[38;2;65;66;65;48;2;9;8;7m▄[38;2;10;10;10;48;2;25;25;25m▄[0m[38;2;23;23;23m▄    [0m
 [38;2;0;0;0m  [38;2;27;28;28m▄[38;2;1;1;1;48;2;3;3;2m▄[48;2;0;0;0m  [38;2;7;7;7;48;2;1;1;1m▄[38;2;232;232;232;48;2;109;108;109m▄[38;2;253;253;253;48;2;249;249;249m▄[38;2;201;200;201;48;2;253;253;253m▄[38;2;186;186;186;48;2;250;249;251m▄[38;2;251;251;252;48;2;249;250;250m▄[38;2;246;246;246;48;2;140;140;140m▄[38;2;31;31;31;48;2;2;2;2m▄[38;2;1;1;0;48;2;0;0;0m▄   [38;2;2;2;2;48;2;1;0;0m▄[38;2;191;191;191;48;2;59;59;59m▄[38;2;253;253;253;48;2;226;226;226m▄[38;2;218;218;218;48;2;249;249;249m▄[38;2;195;195;195;48;2;250;250;250m▄[38;2;251;251;251;48;2;210;210;210m▄[38;2;152;152;152;48;2;50;50;50m▄[0m [38;2;7;7;7m   [0m
 [38;2;0;0;0m  [38;2;33;33;33;48;2;30;30;30m▄[48;2;0;0;0m   [38;2;3;3;3;48;2;17;16;17m▄[38;2;187;187;187;48;2;244;244;244m▄[38;2;251;250;251;48;2;250;250;250m▄[38;2;251;251;251;48;2;151;151;150m▄[38;2;252;252;252;48;2;133;132;133m▄[48;2;251;251;252m [38;2;212;212;212;48;2;249;249;249m▄[38;2;9;9;9;48;2;48;48;48m▄[38;2;40;35;23;48;2;1;0;0m▄[38;2;137;122;80;48;2;1;1;0m▄[38;2;162;144;91m▄[38;2;149;129;78m▄[38;2;105;92;60;48;2;7;7;7m▄[38;2;167;166;164;48;2;222;222;222m▄[38;2;250;250;250;48;2;251;251;251m▄[48;2;163;163;163m▄[38;2;252;252;252;48;2;121;121;121m▄[38;2;250;250;250;48;2;249;249;249m▄[38;2;112;112;112;48;2;175;175;175m▄[0m [38;2;0;0;0m   [0m
 [38;2;0;0;0m  [7m[38;2;26;26;26m▄[0m[38;2;2;2;2;48;2;1;1;1m▄[48;2;0;0;0m   [38;2;1;1;0;48;2;28;28;28m▄[38;2;3;3;3;48;2;179;179;179m▄[38;2;22;22;22;48;2;248;248;248m▄[38;2;34;33;30;48;2;250;250;250m▄[38;2;72;65;42;48;2;200;200;199m▄[38;2;111;99;63;48;2;44;45;44m▄[38;2;151;134;85;48;2;3;2;1m▄[38;2;181;159;98;48;2;183;162;104m▄[38;2;195;172;106;48;2;120;107;71m▄[38;2;146;128;80;48;2;30;26;16m▄[38;2;156;138;85;48;2;32;28;18m▄[38;2;204;178;109;48;2;180;159;103m▄[38;2;144;127;78;48;2;92;84;61m▄[38;2;110;98;63;48;2;150;150;149m▄[38;2;55;49;31;48;2;224;224;224m▄[38;2;4;4;3;48;2;212;212;212m▄[38;2;32;32;32;48;2;115;115;116m▄[0m [38;2;0;0;0m    [0m
 [38;2;0;0;0m  [0m [7m[38;2;22;22;22m▄[0m[38;2;8;7;7;48;2;1;1;1m▄[38;2;1;1;0;48;2;0;0;0m▄[38;2;2;2;1;48;2;1;0;0m▄[38;2;56;49;30;48;2;0;0;0m▄[38;2;212;186;114;48;2;23;20;12m▄[38;2;227;198;121;48;2;128;113;67m▄[38;2;228;201;126;48;2;214;190;118m▄[38;2;228;203;129;48;2;228;203;131m▄[38;2;227;201;125;48;2;227;202;130m▄[38;2;228;202;127m▄[38;2;229;203;129;48;2;227;201;127m▄[38;2;228;201;125;48;2;227;200;126m▄[38;2;228;201;126;48;2;227;201;127m▄[38;2;229;204;130;48;2;227;202;128m▄[38;2;229;204;132;48;2;227;201;126m▄[38;2;227;201;125;48;2;227;201;128m▄[38;2;226;199;121;48;2;228;202;129m▄[38;2;225;198;121;48;2;227;200;124m▄[38;2;228;202;128;48;2;179;159;99m▄[38;2;219;194;125;48;2;77;71;55m▄[0m[38;2;57;53;44m▄    [0m
 [38;2;0;0;0m  [0m [38;2;50;27;28m▄[38;2;59;12;15;48;2;34;34;35m▄[38;2;84;9;12;48;2;1;0;0m▄[38;2;12;4;2;48;2;2;2;1m▄[38;2;107;95;59;48;2;169;150;94m▄[38;2;228;202;124;48;2;230;204;131m▄[38;2;229;205;128;48;2;223;198;125m▄[38;2;230;208;135;48;2;183;162;104m▄[38;2;209;189;121;48;2;155;139;93m▄[38;2;188;185;178;48;2;172;162;133m▄[38;2;192;191;187;48;2;166;157;132m▄[38;2;199;175;107;48;2;130;117;78m▄[38;2;224;199;121;48;2;159;140;86m▄[38;2;225;200;127;48;2;160;141;89m▄[38;2;226;200;125;48;2;157;138;86m▄[38;2;227;202;128;48;2;152;134;84m▄[38;2;164;153;126;48;2;140;135;117m▄[38;2;208;208;208;48;2;167;162;146m▄[38;2;57;56;51;48;2;132;122;92m▄[0m[7m[38;2;172;151;94m▄[38;2;161;142;94m▄[0m [38;2;0;0;0m   [38;2;36;34;31m▄[0m
  [38;2;61;23;26m▄[38;2;126;16;24;48;2;66;17;19m▄[38;2;81;10;13;48;2;140;18;25m▄[38;2;67;7;10;48;2;140;18;24m▄[38;2;94;11;16;48;2;137;18;24m▄[38;2;132;16;23;48;2;96;12;17m▄[38;2;138;18;24;48;2;27;4;5m▄[38;2;89;11;14;48;2;78;67;41m▄[38;2;26;5;4;48;2;189;171;108m▄[38;2;37;30;16;48;2;228;206;130m▄[38;2;96;84;50;48;2;225;202;122m▄[38;2;137;112;70;48;2;189;167;103m▄[38;2;154;134;82;48;2;175;154;101m▄[38;2;155;134;80;48;2;224;196;121m▄[38;2;137;118;72;48;2;225;199;125m▄[38;2;115;99;63;48;2;225;198;124m▄[38;2;101;67;46;48;2;225;199;124m▄[38;2;84;19;21;48;2;219;195;126m▄[38;2;59;23;23;48;2;134;119;80m▄[0m[7m[38;2;44;44;44m▄[0m [38;2;0;0;0m      [7m[38;2;49;45;38m▄[0m
 [38;2;86;22;27;48;2;43;36;36m▄[38;2;114;14;21;48;2;112;14;23m▄[38;2;56;6;9;48;2;81;11;13m▄[38;2;0;0;0;48;2;18;1;2m▄[48;2;0;0;0m [48;2;1;0;0m▄[48;2;23;2;3m▄[48;2;81;9;13m▄[38;2;1;0;0;48;2;121;14;20m▄[38;2;24;2;4;48;2;124;16;22m▄[38;2;55;6;8;48;2;95;13;16m▄[38;2;106;17;20;48;2;51;7;8m▄[38;2;135;22;24;48;2;136;20;22m▄[38;2;72;33;27;48;2;101;63;51m▄[38;2;64;52;40;48;2;121;114;87m▄[38;2;95;13;15;48;2;85;13;15m▄[38;2;93;13;15;48;2;93;13;16m▄[38;2;5;1;1;48;2;115;12;18m▄[38;2;0;1;0;48;2;34;5;6m▄[38;2;6;6;5;48;2;26;18;18m▄[0m [38;2;27;27;27m       [0m [0m
[?25h