[?25l[0m [38;2;0;0;0m [38;2;81;68;58;48;2;100;85;70m▄[38;2;184;135;97;48;2;246;177;123m▄[38;2;185;138;101m▄[38;2;185;139;102;48;2;246;178;123m▄[38;2;185;138;100m▄[38;2;185;138;101;48;2;246;177;122m▄[38;2;184;138;100;48;2;245;174;117m▄[0m[7m[38;2;166;123;85m▄[38;2;83;70;61m▄[0m [38;2;0;0;0m              [0m [38;2;93;72;55;48;2;180;141;109m▄[0m[7m[38;2;82;69;57m▄[0m[38;2;60;49;39m [0m
 [38;2;0;0;0m                             [0m
 [38;2;0;0;0m                             [0m
 [38;2;0;0;0m       [0m   [38;2;28;27;27m                   [0m
 [38;2;0;0;0m      [0m [38;2;179;179;178;48;2;88;87;87m▄[38;2;180;179;175;48;2;224;224;222m▄[38;2;196;195;190;48;2;207;207;205m▄[0m[38;2;99;99;98m▄                  [0m
 [38;2;0;0;0m       [7m[38;2;94;94;94m▄[38;2;236;235;227m▄[38;2;208;207;185m▄[0m[38;2;22;22;23m▄                  [0m
 [38;2;0;0;0m         [0m [38;2;21;21;21;48;2;32;32;32m▄[0m[38;2;22;23;23m▄[0m [38;2;0;0;0m                [0m
 [38;2;0;0;0m         [0m [38;2;21;22;21;48;2;26;26;26m▄[48;2;4;5;5m [0m[38;2;22;22;22m▄[38;2;33;32;32m▄[0m [38;2;31;31;30m              [0m
 [38;2;0;0;0m       [0m [38;2;25;27;26m▄[38;2;7;13;13;48;2;24;24;24m▄[38;2;0;1;1;48;2;5;6;6m▄[38;2;1;2;2;48;2;4;5;4m▄[48;2;1;2;2m [38;2;4;5;5;48;2;1;3;3m▄[38;2;3;4;3;48;2;13;17;17m▄[38;2;4;5;4;48;2;20;20;20m▄[0m[38;2;6;7;7m▄[38;2;8;8;9m▄[38;2;24;24;24m▄[0m    [38;2;5;5;5m      [0m
 [38;2;0;0;0m     [0m [38;2;6;6;7m▄[38;2;0;1;1;48;2;14;14;14m▄[38;2;4;7;7;48;2;5;7;6m▄[38;2;4;9;9;48;2;15;25;25m▄[38;2;11;12;13;48;2;13;24;23m▄[38;2;64;65;65;48;2;7;14;14m▄[38;2;71;72;71;48;2;11;20;18m▄[38;2;19;20;20;48;2;13;22;22m▄[38;2;5;11;11;48;2;5;8;7m▄[38;2;2;3;2;48;2;3;4;3m▄[38;2;1;2;2;48;2;2;3;3m▄[38;2;1;3;2;48;2;1;2;1m▄[38;2;2;3;3;48;2;2;4;4m▄[38;2;66;68;68;48;2;5;9;9m▄[38;2;213;213;213;48;2;10;11;10m▄[38;2;245;245;245;48;2;23;23;23m▄[38;2;218;218;218;48;2;27;27;27m▄[0m[38;2;84;84;84m▄[0m [38;2;0;0;0m    [0m
 [38;2;0;0;0m   [0m [38;2;18;18;18m▄[38;2;2;3;3;48;2;12;13;13m▄[38;2;2;3;2;48;2;3;4;3m▄[38;2;2;3;3;48;2;1;1;1m▄[38;2;46;46;46m▄[38;2;242;242;242;48;2;79;78;79m▄[38;2;251;251;252;48;2;227;227;227m▄[38;2;252;252;252;48;2;252;252;251m▄[48;2;252;252;252m [38;2;251;250;251;48;2;237;237;237m▄[38;2;246;246;246;48;2;100;100;100m▄[38;2;58;58;58;48;2;2;2;2m▄[38;2;3;4;3;48;2;1;2;2m▄[38;2;5;7;6;48;2;3;4;3m▄[38;2;50;50;50;48;2;14;15;15m▄[38;2;251;251;251;48;2;224;224;225m▄[38;2;252;251;252;48;2;252;252;253m▄[38;2;220;220;219;48;2;251;251;251m▄[38;2;70;70;70;48;2;251;252;252m▄[38;2;246;246;246;48;2;237;237;237m▄[0m[38;2;127;127;127m▄    [0m
 [38;2;0;0;0m   [38;2;28;29;28m▄[38;2;3;5;4;48;2;3;4;3m▄[38;2;2;3;3;48;2;1;2;2m▄[48;2;2;3;3m [48;2;4;5;5m [38;2;151;151;151;48;2;136;136;136m▄[38;2;253;252;253;48;2;253;253;253m▄[48;2;252;251;252m [38;2;222;223;223;48;2;200;199;200m▄[38;2;172;172;172;48;2;119;118;118m▄[38;2;251;250;251;48;2;251;251;251m▄[38;2;250;250;250m▄[38;2;154;154;154;48;2;147;148;147m▄[38;2;8;10;8;48;2;6;8;7m▄[38;2;41;42;31;48;2;4;5;4m▄[38;2;77;75;55;48;2;29;29;29m▄[38;2;170;167;152;48;2;244;244;244m▄[38;2;209;209;206;48;2;252;252;253m▄[38;2;253;253;253;48;2;249;249;248m▄[38;2;251;251;250;48;2;212;213;212m▄[38;2;234;234;234;48;2;251;251;251m▄[0m[7m[38;2;124;124;124m▄[0m[38;2;49;49;49m    [0m
 [38;2;0;0;0m  [0m [38;2;25;25;25;48;2;17;17;17m▄[38;2;2;2;2;48;2;2;3;3m▄▄[48;2;2;3;2m [38;2;2;3;3;48;2;1;2;2m▄[38;2;6;7;6;48;2;84;84;84m▄[38;2;155;155;155;48;2;249;249;249m▄[38;2;250;250;250;48;2;251;251;252m▄[38;2;251;251;251;48;2;252;252;252m▄[38;2;252;252;252;48;2;253;253;253m▄▄[38;2;165;165;164;48;2;249;249;249m▄[38;2;71;69;53;48;2;97;96;93m▄[38;2;247;238;173;48;2;183;176;131m▄[38;2;78;75;53;48;2;232;224;173m▄[38;2;37;36;24;48;2;180;174;126m▄[38;2;118;115;85;48;2;199;192;139m▄[38;2;211;206;153;48;2;220;214;164m▄[38;2;98;95;73;48;2;218;218;216m▄[38;2;27;27;21;48;2;210;210;210m▄[38;2;29;29;28;48;2;96;96;96m▄[0m [38;2;0;0;0m    [0m
 [38;2;0;0;0m   [38;2;29;30;29;48;2;29;30;30m▄[48;2;3;4;4m [38;2;2;2;2;48;2;2;3;3m▄[48;2;2;3;2m [38;2;1;3;2m▄[38;2;1;2;2;48;2;3;5;4m▄[48;2;6;7;7m▄[38;2;4;6;6;48;2;74;74;73m▄[38;2;48;50;39;48;2;138;138;138m▄[38;2;177;173;130;48;2;138;139;138m▄[38;2;246;237;170;48;2;112;111;100m▄[38;2;250;238;163;48;2;124;120;86m▄[38;2;252;239;169;48;2;192;186;140m▄[38;2;251;240;170;48;2;205;200;147m▄[38;2;251;240;167;48;2;245;235;165m▄[38;2;252;240;170;48;2;250;240;167m▄[38;2;251;240;173;48;2;250;240;175m▄[38;2;251;240;172;48;2;229;220;160m▄[38;2;251;239;170;48;2;250;239;168m▄[38;2;252;240;170;48;2;240;231;167m▄[38;2;251;239;173;48;2;183;178;139m▄[0m[38;2;226;217;162m▄[0m [38;2;49;48;43m   [0m
 [38;2;0;0;0m   [0m [7m[38;2;20;20;20m▄[0m[38;2;8;9;8;48;2;3;4;4m▄[38;2;2;4;3;48;2;2;3;3m▄[38;2;1;2;2m▄ [38;2;44;43;28;48;2;3;3;3m▄[38;2;240;231;168;48;2;84;82;59m▄[38;2;149;145;103;48;2;239;231;166m▄[38;2;102;98;67;48;2;250;239;170m▄[38;2;146;141;97;48;2;251;239;166m▄[38;2;187;182;142;48;2;251;239;168m▄[38;2;193;188;149;48;2;252;240;171m▄[38;2;158;154;112;48;2;252;240;168m▄[38;2;148;143;100;48;2;252;240;167m▄[38;2;151;146;106;48;2;251;240;173m▄[38;2;188;181;126m▄[38;2;140;137;109;48;2;251;239;172m▄[38;2;181;180;164;48;2;251;241;177m▄[38;2;137;136;127;48;2;248;238;176m▄[0m[7m[38;2;221;211;149m▄[38;2;144;138;107m▄[0m [38;2;0;0;0m   [0m
 [38;2;0;0;0m  [0m [38;2;106;30;32m▄[38;2;155;17;21;48;2;82;31;32m▄[38;2;132;14;16;48;2;93;12;15m▄[38;2;82;8;9;48;2;4;0;0m▄[38;2;10;16;15;48;2;1;1;1m▄[38;2;6;8;9;48;2;3;5;4m▄[38;2;104;100;70;48;2;132;128;90m▄[38;2;243;230;158;48;2;239;229;166m▄[38;2;62;45;30;48;2;20;21;13m▄[38;2;86;26;22;48;2;2;2;1m▄[38;2;47;16;10;48;2;17;16;17m▄[38;2;141;115;110;48;2;231;231;232m▄[38;2;76;78;77;48;2;208;208;208m▄[38;2;3;4;3;48;2;10;13;13m▄[38;2;74;71;46;48;2;16;17;13m▄[38;2;157;98;68;48;2;172;164;114m▄[38;2;132;29;27;48;2;73;71;57m▄[0m [38;2;74;74;74;48;2;230;230;230m▄[0m[7m[38;2;83;83;83m▄[0m[38;2;10;10;10m      [0m
 [38;2;0;0;0m [0m [38;2;123;35;37;48;2;77;37;38m▄[38;2;161;16;20;48;2;164;18;22m▄[38;2;163;17;19;48;2;158;17;21m▄[38;2;163;16;19;48;2;160;18;21m▄[38;2;161;15;19;48;2;119;13;14m▄[38;2;157;16;20;48;2;41;10;10m▄[38;2;117;11;16;48;2;9;14;13m▄[38;2;60;7;8;48;2;9;10;7m▄[38;2;21;11;8;48;2;177;168;113m▄[38;2;119;114;83;48;2;216;201;135m▄[38;2;223;212;155;48;2;150;92;65m▄[38;2;226;218;150;48;2;156;54;38m▄[38;2;181;170;112;48;2;165;51;39m▄[38;2;173;164;112;48;2;41;11;8m▄[38;2;190;180;125;48;2;2;2;1m▄[38;2;198;186;127;48;2;60;57;37m▄[38;2;139;93;66;48;2;178;163;105m▄[38;2;160;21;22;48;2;153;21;19m▄[38;2;110;40;40;48;2;117;36;35m▄[0m [38;2;1;1;1m     [0m [38;2;118;88;19m▄[0m
 [38;2;0;0;0m [0m [7m[38;2;114;42;45m▄[0m[38;2;134;14;16;48;2;122;11;14m▄[38;2;56;6;7;48;2;132;11;14m▄[38;2;10;2;2;48;2;156;15;19m▄[38;2;32;4;4m▄[38;2;65;8;9;48;2;156;17;20m▄[38;2;105;12;14;48;2;158;18;20m▄[38;2;126;12;15;48;2;163;17;20m▄[38;2;137;13;16;48;2;158;19;20m▄[38;2;137;15;18;48;2;104;15;16m▄[38;2;123;12;15;48;2;53;13;11m▄[38;2;109;12;13;48;2;48;40;27m▄[38;2;142;16;19;48;2;110;73;51m▄[38;2;128;15;17;48;2;107;76;54m▄[38;2;87;9;9;48;2;120;44;33m▄[38;2;45;7;6;48;2;146;26;23m▄[38;2;10;7;6;48;2;136;22;20m▄[0m[7m[38;2;92;42;41m▄[0m [38;2;0;0;0m      [0m [38;2;151;111;11;48;2;175;127;6m▄[0m
 [38;2;0;0;0m [0m [38;2;152;19;20;48;2;90;32;33m▄[38;2;60;8;9;48;2;122;13;14m▄[38;2;2;3;3;48;2;3;4;4m▄[38;2;3;4;4;48;2;3;4;3m▄[38;2;3;6;5m▄[38;2;5;8;7m▄[38;2;2;3;2;48;2;3;5;4m▄[38;2;1;2;1;48;2;3;5;3m▄[38;2;1;2;2;48;2;3;4;3m▄[38;2;5;5;5;48;2;4;4;3m▄[38;2;133;17;16;48;2;92;12;12m▄[38;2;69;11;10;48;2;149;20;19m▄[38;2;4;4;3;48;2;39;5;5m▄[38;2;11;3;3;48;2;87;10;12m▄[38;2;85;10;10;48;2;143;14;15m▄[38;2;11;5;5;48;2;15;6;5m▄[38;2;6;10;10;48;2;7;13;13m▄[38;2;2;2;2;48;2;24;24;24m▄[0m [38;2;28;28;29m       [7m[38;2;109;86;28m▄[0m
  [38;2;148;22;25;48;2;108;35;37m▄[38;2;127;16;18;48;2;169;20;22m▄[38;2;3;3;3;48;2;19;4;4m▄[38;2;2;3;3;48;2;1;2;2m▄[38;2;2;3;2;48;2;2;3;3m▄[38;2;10;19;18;48;2;9;18;18m▄[38;2;3;4;3;48;2;3;5;5m▄[38;2;2;4;3;48;2;2;3;2m▄[38;2;2;3;3;48;2;1;2;2m▄[38;2;3;3;2;48;2;1;3;2m▄[38;2;106;104;83;48;2;2;3;3m▄[38;2;236;232;181;48;2;24;22;17m▄[38;2;250;246;189;48;2;101;100;78m▄[38;2;251;246;192;48;2;149;148;122m▄[38;2;252;246;190;48;2;137;137;108m▄[38;2;250;245;192;48;2;65;64;48m▄[38;2;178;175;137;48;2;4;5;4m▄[38;2;18;20;16;48;2;6;12;11m▄[38;2;5;9;9;48;2;2;3;2m▄[38;2;7;8;7;48;2;32;33;32m▄[0m [38;2;27;27;27m     [0m [38;2;110;79;27m▄[0m
 [38;2;140;24;27;48;2;88;37;37m▄[38;2;169;18;20;48;2;163;20;22m▄[38;2;35;7;7;48;2;85;10;10m▄[38;2;2;3;3;48;2;2;2;2m▄[38;2;2;3;2;48;2;2;3;3m▄[38;2;5;10;9;48;2;3;5;5m▄[38;2;2;3;3;48;2;5;10;9m▄[38;2;1;2;2;48;2;2;3;2m▄[38;2;2;2;2;48;2;2;3;3m▄[38;2;85;84;66;48;2;4;5;5m▄[38;2;249;244;192;48;2;138;136;107m▄[38;2;252;247;190;48;2;250;245;188m▄[38;2;252;247;191;48;2;252;247;189m▄[38;2;252;247;190;48;2;252;247;191m▄[38;2;252;247;191;48;2;252;247;190m▄[48;2;252;247;191m [38;2;252;247;193m▄[38;2;253;248;194;48;2;251;246;191m▄[38;2;248;245;194;48;2;172;170;136m▄[38;2;61;63;49;48;2;11;20;21m▄[38;2;1;2;2;48;2;3;5;5m▄[38;2;16;16;17;48;2;27;27;28m▄[0m [38;2;9;9;9m    [38;2;98;70;28m▄[38;2;167;105;2;48;2;153;97;5m▄[0m
[?25h