[?25l[0m [38;2;0;0;0m  [7m[38;2;125;98;77m▄[38;2;242;178;129m▄[38;2;243;180;131m▄[38;2;243;179;129m▄[38;2;242;175;125m▄[38;2;242;175;124m▄[38;2;243;178;129m▄[38;2;176;131;94m▄[38;2;241;172;121m▄[38;2;103;80;65m▄[0m[38;2;16;14;13m    [0m  [7m[38;2;142;111;86m▄[38;2;171;129;96m▄[38;2;108;85;66m▄[0m [38;2;0;0;0m   [0m [7m[38;2;137;106;83m▄[38;2;204;150;112m▄[0m [0m
 [38;2;0;0;0m                             [0m
 [38;2;0;0;0m           [0m  [38;2;4;4;4m                [0m
 [38;2;0;0;0m         [0m [38;2;236;235;236;48;2;78;78;78m▄[38;2;252;252;252;48;2;182;182;182m▄[48;2;180;180;180m▄[0m[38;2;193;193;193m▄[0m [38;2;5;5;5m              [0m
 [38;2;0;0;0m         [0m [38;2;119;120;120;48;2;241;241;242m▄[38;2;212;212;212;48;2;252;252;252m▄[38;2;202;202;202;48;2;253;253;253m▄[38;2;72;72;72;48;2;196;196;197m▄[0m [38;2;0;0;0m              [0m
 [38;2;0;0;0m           [38;2;13;14;14;48;2;24;24;24m▄[38;2;17;17;18;48;2;21;21;21m▄[0m [38;2;13;13;13m               [0m
 [38;2;0;0;0m         [0m  [38;2;36;50;53;48;2;18;19;18m▄[38;2;19;35;38;48;2;6;6;5m▄[0m[38;2;39;46;48m▄[38;2;21;21;21m▄[0m [38;2;16;16;16m             [0m
 [38;2;0;0;0m       [0m [38;2;24;25;24m▄[38;2;6;6;5;48;2;21;21;21m▄[38;2;1;0;0;48;2;4;5;5m▄[38;2;0;0;0;48;2;5;5;4m▄[48;2;3;3;3m▄[48;2;0;0;0m [38;2;3;5;6;48;2;5;8;8m▄[38;2;3;5;5;48;2;34;40;41m▄[0m[38;2;16;16;15m▄[38;2;25;25;25m▄[0m  [38;2;5;5;5m         [0m
 [38;2;0;0;0m    [0m [38;2;12;12;12m▄[38;2;4;5;4;48;2;23;23;23m▄[38;2;1;1;1;48;2;4;3;3m▄[38;2;2;4;4m▄[38;2;9;13;14;48;2;13;15;14m▄[38;2;2;2;2;48;2;21;30;31m▄[48;2;19;28;30m▄[38;2;8;11;12;48;2;15;22;23m▄[38;2;15;21;22;48;2;3;3;2m▄[38;2;2;2;2;48;2;3;2;2m▄[38;2;1;1;1;48;2;2;1;1m▄[48;2;1;1;1m [38;2;1;0;1;48;2;0;1;0m▄[38;2;2;2;1;48;2;1;1;1m▄[38;2;4;6;5;48;2;23;28;29m▄[38;2;0;1;0;48;2;39;44;45m▄[0m[38;2;4;4;3m▄[38;2;27;28;27m▄[0m [38;2;7;7;7m     [0m
 [38;2;0;0;0m   [0m [38;2;7;7;7;48;2;29;29;30m▄[48;2;1;1;1m [38;2;0;0;0m▄ [38;2;40;40;40;48;2;3;2;2m▄[38;2;208;208;208;48;2;5;5;5m▄[38;2;251;251;251;48;2;56;57;56m▄[38;2;253;253;253;48;2;65;65;65m▄[38;2;231;232;233;48;2;20;24;23m▄[38;2;75;81;81;48;2;3;5;5m▄[48;2;1;1;1m     [38;2;30;33;35;48;2;2;2;2m▄[38;2;186;190;191;48;2;17;29;32m▄[38;2;238;238;238;48;2;28;46;48m▄[38;2;209;210;210;48;2;15;24;25m▄[0m[38;2;92;92;92m▄[0m [38;2;3;3;3m    [0m
 [38;2;0;0;0m   [38;2;31;31;31;48;2;28;28;28m▄[48;2;1;1;1m [38;2;1;1;1;48;2;1;0;0m▄[48;2;0;0;0m▄[38;2;31;31;31;48;2;4;4;4m▄[38;2;251;251;251;48;2;202;202;202m▄[38;2;253;252;253;48;2;253;253;253m▄[38;2;217;216;217m▄[38;2;170;169;170;48;2;252;252;252m▄[38;2;251;251;251;48;2;252;251;252m▄[48;2;236;236;236m▄[38;2;91;91;91;48;2;23;23;23m▄[38;2;3;3;2;48;2;1;1;1m▄[38;2;2;1;1m▄[38;2;2;2;1;48;2;0;0;0m▄[38;2;11;11;10;48;2;2;3;2m▄[38;2;238;237;238;48;2;178;178;178m▄[38;2;251;251;251;48;2;253;253;253m▄[38;2;170;170;170;48;2;252;252;252m▄[38;2;212;212;212;48;2;251;251;251m▄[38;2;248;247;248;48;2;242;241;242m▄[0m[38;2;125;125;125m▄    [0m
 [38;2;0;0;0m   [38;2;26;26;26;48;2;17;17;17m▄[38;2;1;1;1;48;2;2;2;2m▄[48;2;1;1;1m [38;2;1;1;0m▄[38;2;2;2;2;48;2;27;27;27m▄[38;2;183;183;184;48;2;247;247;247m▄[38;2;251;251;251;48;2;253;253;253m▄[38;2;253;252;252;48;2;229;229;229m▄[38;2;253;253;253;48;2;194;194;195m▄[48;2;251;251;251m▄[38;2;226;226;226;48;2;249;248;249m▄[38;2;40;39;34;48;2;83;83;83m▄[38;2;161;153;115;48;2;4;4;3m▄[38;2;202;193;144;48;2;2;3;1m▄[38;2;208;197;139;48;2;3;3;2m▄[38;2;197;184;134;48;2;9;9;8m▄[38;2;179;173;149;48;2;225;225;225m▄[38;2;249;248;248;48;2;251;251;251m▄[38;2;253;253;253;48;2;214;215;214m▄[38;2;252;252;252;48;2;239;239;239m▄[38;2;217;218;218;48;2;251;251;251m▄[0m[7m[38;2;116;116;116m▄[0m[38;2;35;35;35m    [0m
 [38;2;0;0;0m   [7m[38;2;28;28;28m▄[0m[38;2;7;7;7;48;2;1;1;1m▄[38;2;0;0;0;48;2;1;1;0m▄[48;2;1;1;1m▄[38;2;1;1;1;48;2;2;2;2m▄[48;2;27;26;26m▄[48;2;175;175;175m▄[38;2;20;20;20;48;2;245;245;245m▄[38;2;52;51;44;48;2;248;248;248m▄[38;2;113;108;81;48;2;199;199;199m▄[38;2;178;169;122;48;2;50;50;49m▄[38;2;205;196;149;48;2;118;111;82m▄[38;2;210;201;149;48;2;211;199;149m▄[38;2;243;228;164;48;2;159;148;103m▄[38;2;245;228;159;48;2;199;183;128m▄[38;2;240;223;155;48;2;160;148;106m▄[38;2;193;181;127;48;2;202;187;132m▄[38;2;233;222;163;48;2;110;110;107m▄[38;2;183;173;127;48;2;170;170;170m▄[38;2;107;102;74;48;2;131;132;131m▄[0m [38;2;48;47;44m     [0m
 [38;2;0;0;0m    [7m[38;2;29;29;29m▄[0m[38;2;29;29;29;48;2;2;2;2m▄[38;2;3;2;2;48;2;1;1;1m▄▄[38;2;9;8;7m▄[38;2;145;140;107;48;2;13;12;9m▄[38;2;229;215;159;48;2;140;132;95m▄[38;2;238;223;156;48;2;240;227;167m▄[38;2;249;233;166;48;2;249;234;171m▄[38;2;249;235;171;48;2;249;234;168m▄[38;2;249;234;171;48;2;249;235;171m▄[38;2;249;233;167;48;2;248;233;169m▄[48;2;248;232;168m▄[38;2;249;233;168m▄[38;2;249;233;169;48;2;248;232;165m▄▄[48;2;248;233;167m [38;2;248;232;167;48;2;248;231;164m▄[38;2;246;230;165;48;2;247;231;164m▄[38;2;231;215;155;48;2;229;216;160m▄[38;2;146;138;109;48;2;91;87;70m▄[0m [38;2;2;2;2m   [0m
 [38;2;0;0;0m [0m [38;2;62;34;27m▄[38;2;141;38;11m▄[38;2;167;39;4;48;2;84;40;29m▄[38;2;157;36;4;48;2;113;30;10m▄[38;2;128;28;4;48;2;65;22;10m▄[38;2;109;44;27;48;2;6;8;7m▄[38;2;64;43;34;48;2;69;65;47m▄[38;2;197;182;130;48;2;247;232;174m▄[38;2;248;231;170;48;2;172;162;117m▄[38;2;239;226;170;48;2;176;168;122m▄[38;2;200;198;194;48;2;183;175;137m▄[38;2;241;240;240;48;2;194;184;137m▄[38;2;169;164;130;48;2;206;196;144m▄[38;2;213;202;144;48;2;222;209;151m▄[38;2;205;196;145;48;2;230;217;155m▄[38;2;207;197;146;48;2;232;219;162m▄[38;2;214;202;144;48;2;223;212;157m▄[38;2;179;169;123;48;2;205;194;142m▄[38;2;214;214;214;48;2;192;182;136m▄[38;2;222;222;222;48;2;189;182;150m▄[0m[7m[38;2;98;95;78m▄[0m  [38;2;0;0;0m    [0m
  [38;2;56;33;28;48;2;79;35;24m▄[38;2;62;35;28;48;2;160;36;3m▄[38;2;59;30;21;48;2;166;38;4m▄[38;2;63;13;2;48;2;166;39;5m▄[38;2;100;22;3;48;2;166;40;5m▄[38;2;143;34;5;48;2;156;37;5m▄[38;2;167;40;4;48;2;106;24;3m▄[38;2;166;40;3;48;2;119;27;2m▄[38;2;133;31;4;48;2;137;39;9m▄[38;2;122;28;2;48;2;144;80;43m▄[38;2;118;27;2;48;2;164;131;92m▄[38;2;98;46;12;48;2;126;122;103m▄[38;2;194;162;58;48;2;146;147;142m▄[38;2;180;151;53;48;2;192;186;129m▄[38;2;112;37;11;48;2;200;190;132m▄[38;2;123;29;5;48;2;172;162;116m▄[38;2;135;33;5;48;2;154;132;93m▄[38;2;83;43;31;48;2;106;91;69m▄[0m [7m[38;2;86;87;86m▄[38;2;97;97;97m▄[0m[38;2;0;0;0m    [0m [38;2;93;75;35m▄[38;2;120;93;34m▄[0m
  [38;2;27;28;28m▄[38;2;3;3;3;48;2;20;21;21m▄[48;2;1;1;1m [38;2;1;1;1;48;2;2;1;1m▄[38;2;9;13;14m▄[38;2;12;18;19;48;2;4;2;1m▄[38;2;2;1;1;48;2;31;10;4m▄[48;2;73;17;2m▄[38;2;2;2;1;48;2;89;19;2m▄[38;2;2;1;1;48;2;90;19;2m▄[38;2;2;2;2;48;2;88;19;2m▄[38;2;1;1;1;48;2;88;50;14m▄[38;2;8;6;2;48;2;203;169;54m▄[38;2;6;5;2;48;2;201;168;58m▄[38;2;2;2;2;48;2;62;30;11m▄[38;2;3;3;3;48;2;41;9;2m▄[38;2;19;30;34;48;2;23;24;25m▄[38;2;5;7;8;48;2;19;18;18m▄[0m[38;2;16;16;16m▄[0m [38;2;9;9;9m     [0m [38;2;170;130;45;48;2;187;135;28m▄[38;2;185;136;27;48;2;180;132;27m▄[0m
 [38;2;25;27;27m▄[38;2;1;1;0;48;2;3;4;4m▄[38;2;0;0;0;48;2;1;1;1m▄[38;2;19;24;25;48;2;2;2;2m▄[38;2;21;33;36;48;2;16;23;25m▄[38;2;3;3;3;48;2;17;25;27m▄[38;2;2;1;1;48;2;3;5;5m▄[48;2;1;1;1m [38;2;1;0;0;48;2;2;1;1m▄[38;2;1;1;1m▄[38;2;3;3;2;48;2;2;2;2m▄[38;2;5;5;4;48;2;3;3;2m▄[38;2;49;48;35;48;2;2;2;2m▄[38;2;138;133;95;48;2;1;1;1m▄[38;2;169;162;115;48;2;1;1;0m▄[38;2;140;135;99m▄[38;2;56;55;43;48;2;4;4;4m▄[38;2;21;32;33;48;2;12;17;18m▄[38;2;22;34;38;48;2;23;34;36m▄[38;2;0;0;0;48;2;3;3;3m▄[38;2;9;9;9;48;2;31;31;31m▄[0m [38;2;20;20;20m     [38;2;63;28;33;48;2;57;40;33m▄[38;2;98;8;24;48;2;122;77;16m▄[0m
 [38;2;3;3;3;48;2;7;7;7m▄[38;2;2;1;1;48;2;0;0;0m▄[38;2;13;19;19;48;2;2;3;3m▄[38;2;83;34;30;48;2;79;50;45m▄[38;2;6;10;10;48;2;9;15;15m▄[48;2;1;1;1m [38;2;0;0;0;48;2;2;2;1m▄[38;2;20;26;27;48;2;3;3;2m▄[38;2;17;22;22;48;2;9;13;13m▄[38;2;2;2;2;48;2;1;1;1m▄[38;2;84;79;56;48;2;3;2;2m▄[38;2;247;233;166;48;2;120;115;85m▄[38;2;249;236;171;48;2;244;232;168m▄[38;2;250;237;174;48;2;249;236;171m▄[38;2;249;236;175;48;2;248;236;172m▄[38;2;249;237;174;48;2;249;236;176m▄[38;2;249;234;170;48;2;244;232;174m▄[38;2;232;219;157;48;2;100;94;68m▄[38;2;22;25;22;48;2;19;26;29m▄[38;2;19;28;30;48;2;1;3;3m▄[38;2;4;3;2;48;2;3;2;2m▄[38;2;19;19;19;48;2;32;32;32m▄[0m[38;2;19;19;19m     [38;2;78;28;37;48;2;70;29;36m▄[38;2;93;5;22;48;2;92;6;21m▄[0m
[?25h