[?25l[0m [38;2;0;0;0m      [38;2;62;49;40m▄[38;2;241;175;131;48;2;221;160;119m▄[48;2;241;174;129m [38;2;242;174;129;48;2;241;173;128m▄[38;2;242;175;129;48;2;242;174;128m▄[38;2;242;175;130;48;2;242;174;129m▄[48;2;242;175;130m [48;2;243;175;130m [38;2;211;153;114;48;2;216;157;117m▄[0m [38;2;23;23;23m  [7m[38;2;89;70;58m▄[0m[38;2;95;75;61;48;2;236;169;124m▄[38;2;226;167;127;48;2;242;174;129m▄[38;2;243;179;136;48;2;237;174;131m▄[38;2;185;135;99;48;2;229;169;128m▄[38;2;196;143;107;48;2;236;174;132m▄[0m  [7m[38;2;123;93;74m▄[0m[38;2;187;141;109;48;2;243;178;134m▄[38;2;242;177;131;48;2;209;157;120m▄[0m
 [38;2;0;0;0m      [7m[38;2;111;87;69m▄[0m[38;2;121;92;72;48;2;241;172;126m▄[38;2;121;90;68;48;2;242;173;127m▄[38;2;122;90;68;48;2;242;175;130m▄[38;2;121;89;67;48;2;243;176;131m▄[38;2;121;90;68m▄[38;2;123;91;70;48;2;242;175;130m▄[38;2;180;145;122;48;2;243;174;128m▄[38;2;107;88;77;48;2;187;138;106m▄[0m [38;2;0;0;0m   [0m  [7m[38;2;114;85;65m▄[38;2;95;70;53m▄[0m [38;2;0;0;0m   [0m [38;2;122;100;86;48;2;226;164;123m▄[0m
 [38;2;0;0;0m                             [0m
 [38;2;0;0;0m                             [0m
 [38;2;18;18;18m               [0m [38;2;161;161;161m▄[38;2;163;162;163m▄[0m [38;2;45;44;45m          [0m
 [38;2;0;0;0m               [38;2;157;156;157;48;2;154;154;154m▄[38;2;251;251;251;48;2;252;252;253m▄[38;2;252;252;252;48;2;253;252;253m▄[38;2;172;172;172;48;2;173;172;173m▄[0m[38;2;172;172;172m          [0m
[38;2;26;26;26m▄               [38;2;27;30;29;48;2;45;46;46m▄[38;2;8;10;10;48;2;155;155;155m▄[0m[7m[38;2;170;170;170m▄[0m [38;2;0;0;0m          [0m
[7m[38;2;28;27;28m▄[0m[38;2;23;22;23m              [0m [38;2;7;10;8;48;2;16;18;17m▄[38;2;6;8;7;48;2;7;9;8m▄[0m [38;2;18;18;18m           [0m
 [38;2;0;0;0m          [0m  [38;2;19;21;20m▄[38;2;17;20;18m▄[38;2;7;10;8;48;2;11;12;11m▄[38;2;6;9;8;48;2;5;8;7m▄[38;2;7;10;9;48;2;8;12;10m▄[38;2;7;11;10;48;2;22;26;25m▄[0m[38;2;21;22;22m▄[0m  [38;2;5;5;5m        [0m
 [38;2;0;0;0m        [38;2;25;26;26m▄[38;2;7;10;9m▄[38;2;7;10;8;48;2;17;20;19m▄[48;2;7;10;8m [38;2;6;10;8;48;2;6;9;8m▄[48;2;6;10;8m  [48;2;7;10;9m▄▄  [38;2;7;10;8;48;2;6;10;8m▄[38;2;6;10;8;48;2;16;18;17m▄[0m[38;2;7;9;8m▄[38;2;30;31;30m▄[0m  [38;2;1;1;1m    [0m
 [38;2;0;0;0m      [0m [38;2;22;24;23m▄[38;2;6;10;8;48;2;11;14;12m▄[48;2;6;9;8m [38;2;6;9;8;48;2;6;9;7m▄[38;2;18;20;19;48;2;7;10;8m▄[38;2;93;94;94m▄[38;2;135;136;136m▄[38;2;102;103;102;48;2;7;10;9m▄[38;2;26;29;28m▄[38;2;7;10;9;48;2;6;10;9m▄[48;2;7;10;9m [38;2;7;10;8m▄[38;2;7;10;9;48;2;6;10;8m▄[38;2;6;9;8m▄[38;2;11;13;12m▄[38;2;74;76;75;48;2;10;14;12m▄[38;2;105;107;106;48;2;13;16;15m▄[38;2;70;72;71;48;2;24;25;25m▄[0m[38;2;16;17;17m▄[0m [38;2;16;16;16m  [0m
 [38;2;0;0;0m      [38;2;28;28;28m▄[38;2;7;12;10;48;2;7;9;8m▄[38;2;7;10;8;48;2;6;9;7m▄[38;2;8;12;11;48;2;7;10;9m▄[38;2;183;184;183;48;2;44;46;45m▄[38;2;253;253;253;48;2;219;219;219m▄[38;2;254;253;254;48;2;251;251;251m▄[48;2;253;253;253m [48;2;252;252;252m [38;2;253;253;253;48;2;233;233;233m▄[38;2;213;213;213;48;2;62;64;63m▄[38;2;13;17;15;48;2;7;11;9m▄[38;2;8;11;9;48;2;7;10;9m▄[38;2;8;12;10;48;2;7;11;9m▄[38;2;167;168;168;48;2;35;38;37m▄[38;2;253;253;253;48;2;204;205;205m▄[48;2;251;251;251m▄[48;2;251;251;252m▄[48;2;251;250;251m▄[38;2;252;252;252;48;2;185;186;185m▄[0m[38;2;140;140;140m▄[0m [38;2;2;2;2m [0m
 [38;2;0;0;0m      [7m[38;2;21;22;22m▄[0m[38;2;23;24;24;48;2;7;11;9m [38;2;6;10;8;48;2;5;8;7m▄[38;2;10;12;11;48;2;13;14;14m▄[38;2;229;229;229;48;2;239;239;239m▄[38;2;254;253;253;48;2;252;252;252m▄[38;2;253;253;253;48;2;251;252;252m▄[38;2;212;213;212;48;2;113;112;113m▄[38;2;240;240;240;48;2;191;191;191m▄[38;2;253;253;253;48;2;252;251;253m▄[38;2;246;246;246;48;2;249;248;248m▄[38;2;27;32;30;48;2;36;38;37m▄[38;2;8;12;10;48;2;6;9;8m▄[38;2;12;17;14;48;2;11;13;12m▄[38;2;220;220;220;48;2;232;232;232m▄[48;2;253;252;253m [38;2;254;254;254;48;2;253;253;253m▄[38;2;229;229;229;48;2;161;161;161m▄[38;2;226;226;226;48;2;149;149;149m▄[38;2;253;253;253;48;2;250;250;250m▄[38;2;180;180;180;48;2;190;190;190m▄[0m [38;2;4;4;4m [0m
 [38;2;0;0;0m      [0m [38;2;24;27;26;48;2;8;10;9m▄[38;2;7;10;9;48;2;6;9;7m▄[38;2;8;11;9;48;2;7;11;9m▄[38;2;13;17;15;48;2;132;133;132m▄[38;2;124;123;123;48;2;252;252;252m▄[38;2;226;225;225;48;2;253;253;253m▄[38;2;245;245;245;48;2;252;252;252m▄[38;2;213;213;213;48;2;253;253;253m▄[38;2;163;162;157;48;2;251;251;252m▄[38;2;49;50;40;48;2;155;155;155m▄[38;2;156;133;116;48;2;4;6;5m▄[38;2;195;159;137;48;2;19;17;14m▄[38;2;156;125;108;48;2;25;23;18m▄[38;2;209;173;156;48;2;129;129;126m▄[38;2;158;148;142;48;2;252;252;251m▄[38;2;210;209;209;48;2;253;253;253m▄[38;2;245;245;245;48;2;253;252;252m▄[38;2;219;219;219;48;2;252;252;252m▄[38;2;109;109;109;48;2;249;249;249m▄[0m[7m[38;2;95;95;95m▄[0m[38;2;13;13;13m  [0m
 [38;2;0;0;0m       [0m [7m[38;2;12;15;14m▄[0m[38;2;9;11;9;48;2;8;12;10m▄[38;2;49;50;36;48;2;8;11;10m▄[38;2;221;212;145;48;2;18;19;13m▄[38;2;246;234;158;48;2;108;105;73m▄[38;2;246;234;164;48;2;187;180;134m▄[38;2;245;233;163;48;2;220;210;147m▄[38;2;246;233;162;48;2;243;231;157m▄[38;2;247;234;164;48;2;239;227;162m▄[38;2;248;232;160;48;2;218;197;157m▄[38;2;247;232;160;48;2;156;142;103m▄[38;2;248;233;164;48;2;80;76;54m▄[38;2;248;233;163;48;2;203;182;143m▄[38;2;247;232;160;48;2;191;177;128m▄[38;2;247;233;162;48;2;219;208;141m▄[38;2;247;233;161;48;2;174;166;120m▄[38;2;247;234;165;48;2;82;79;55m▄[38;2;191;180;128;48;2;35;35;33m▄[0m [38;2;22;20;18m  [0m
 [38;2;0;0;0m      [0m [38;2;118;29;29m▄[38;2;151;24;24;48;2;85;30;31m▄[38;2;142;22;22;48;2;111;17;18m▄[38;2;136;36;29;48;2;126;111;80m▄[38;2;182;161;110;48;2;248;238;168m▄[38;2;234;225;155;48;2;233;223;151m▄[38;2;236;227;160;48;2;172;162;108m▄[38;2;170;164;127;48;2;181;172;119m▄[38;2;216;216;215;48;2;186;177;131m▄[38;2;199;191;134;48;2;187;178;125m▄[38;2;238;230;162;48;2;188;178;118m▄[38;2;235;228;163;48;2;198;187;128m▄[38;2;229;221;151;48;2;205;197;141m▄[38;2;224;216;146;48;2;209;199;138m▄[38;2;220;213;152;48;2;214;204;143m▄[38;2;162;161;144;48;2;220;210;150m▄[38;2;168;168;168;48;2;221;210;144m▄[38;2;52;51;50;48;2;219;207;139m▄[0m[7m[38;2;193;183;125m▄[0m [38;2;0;0;0m  [0m
 [38;2;0;0;0m     [0m [38;2;178;29;28;48;2;115;34;33m▄[38;2;170;26;25;48;2;182;29;28m▄[38;2;86;13;13;48;2;176;27;28m▄[38;2;14;2;2;48;2;175;27;27m▄[38;2;1;0;0;48;2;161;27;25m▄[38;2;2;1;1;48;2;156;26;25m▄[38;2;9;1;1;48;2;147;55;40m▄[38;2;52;7;7;48;2;165;127;89m▄[38;2;102;14;13;48;2;175;163;108m▄[38;2;106;17;16;48;2;149;143;108m▄[38;2;83;17;14;48;2;240;229;151m▄[38;2;93;30;24;48;2;244;235;161m▄[38;2;101;30;25;48;2;244;235;165m▄[38;2;80;15;13;48;2;241;234;166m▄[38;2;133;24;20;48;2;211;204;140m▄[38;2;157;32;28;48;2;160;150;108m▄[0m[7m[38;2;85;83;75m▄[38;2;77;77;78m▄[0m[38;2;0;0;0m     [0m
 [38;2;0;0;0m    [0m [38;2;162;24;25;48;2;117;35;35m▄[38;2;170;26;27;48;2;173;28;28m▄[38;2;36;10;10;48;2;75;12;12m▄[48;2;7;11;10m [38;2;7;12;10;48;2;3;5;4m▄[38;2;0;1;1;48;2;0;0;0m▄   [38;2;0;0;0;48;2;3;0;0m▄[38;2;13;1;1;48;2;146;24;22m▄[38;2;4;1;1;48;2;115;18;17m▄[38;2;0;0;0;48;2;61;8;9m▄[38;2;1;0;0;48;2;140;24;22m▄[38;2;0;0;0;48;2;10;2;2m▄[38;2;1;4;4;48;2;8;6;5m▄[38;2;14;6;6;48;2;104;16;15m▄[38;2;100;32;32;48;2;75;33;31m▄[0m[38;2;100;32;32m      [0m
[?25h