[?25l[0m [38;2;0;0;0m          [0m [38;2;143;142;124m▄[0m [38;2;83;82;77m          [0m
 [38;2;0;0;0m         [0m [7m[38;2;109;109;95m▄[0m[38;2;147;147;129;48;2;204;204;165m▄[0m[7m[38;2;154;153;138m▄[0m [38;2;10;10;10m         [0m
 [38;2;0;0;0m      [0m    [38;2;18;18;18;48;2;23;23;23m▄[0m[38;2;33;33;32m▄[0m   [38;2;17;17;17m        [0m
 [38;2;0;0;0m    [0m    [7m[38;2;50;50;50m▄[0m[38;2;26;26;26;48;2;6;6;5m▄[48;2;0;0;0m [38;2;0;0;0;48;2;2;2;1m▄[48;2;6;6;6m▄[48;2;32;32;32m▄[38;2;3;2;2;48;2;48;49;48m▄[0m[38;2;29;29;29m▄▄[0m [38;2;16;16;16m     [0m
 [38;2;0;0;0m    [0m   [7m[38;2;41;41;41m▄[0m  [38;2;2;2;1;48;2;2;2;2m▄[38;2;1;0;0;48;2;0;0;0m▄ [38;2;1;1;0m▄[38;2;22;22;22;48;2;6;6;6m▄[0m     [38;2;2;2;2m   [0m
 [38;2;0;0;0m    [0m [38;2;2;2;2;48;2;21;21;21m▄[0m[38;2;11;11;10m▄[38;2;26;26;26m▄[38;2;22;21;18m▄[38;2;70;61;40;48;2;24;24;24m▄[38;2;117;102;67;48;2;4;3;2m▄[38;2;203;175;115;48;2;112;97;66m▄[38;2;95;83;54;48;2;132;114;76m▄[38;2;162;139;90;48;2;87;74;47m▄[38;2;69;60;41;48;2;24;24;23m▄[0m     [38;2;2;2;2m   [0m
 [38;2;0;0;0m    [0m [7m[38;2;15;15;15m▄[0m[38;2;64;55;35;48;2;3;3;2m▄[38;2;230;200;132;48;2;107;94;63m▄[38;2;215;187;123;48;2;217;189;124m▄[38;2;194;172;122;48;2;232;202;135m▄[38;2;185;162;108m▄[38;2;199;176;118;48;2;233;203;135m▄[38;2;205;180;120;48;2;232;202;135m▄[38;2;203;177;120;48;2;231;202;138m▄[38;2;211;183;121;48;2;232;203;139m▄[38;2;234;204;138;48;2;186;163;111m▄[38;2;234;205;138;48;2;94;86;67m▄[38;2;141;127;97;48;2;72;72;72m▄[0m [38;2;3;3;3m    [0m
 [38;2;0;0;0m    [0m [38;2;135;24;33;48;2;98;73;74m▄[38;2;155;16;25;48;2;119;44;36m▄[38;2;147;46;41;48;2;224;197;136m▄[38;2;185;135;91;48;2;216;191;128m▄[0m[38;2;211;188;131m▄[38;2;232;204;138;48;2;184;166;119m▄[38;2;232;203;135;48;2;233;205;141m▄[38;2;233;205;138;48;2;232;204;136m▄[38;2;235;206;140;48;2;228;198;128m▄[38;2;214;188;129;48;2;212;185;122m▄[38;2;80;76;66;48;2;75;70;57m▄[0m[7m[38;2;167;150;107m▄[38;2;175;151;104m▄[0m [38;2;0;0;0m [0m [38;2;1;1;1m  [0m
 [38;2;0;0;0m  [0m [38;2;104;53;57m▄[38;2;107;12;17;48;2;145;21;27m▄[38;2;2;1;0;48;2;68;6;11m▄[38;2;3;3;3;48;2;52;5;7m▄[38;2;0;0;0;48;2;64;6;11m▄[48;2;97;10;15m▄[48;2;113;19;20m▄[38;2;2;1;1;48;2;99;48;32m▄[38;2;103;67;12;48;2;147;104;51m▄[38;2;66;42;5;48;2;148;99;55m▄[38;2;2;1;0;48;2;130;52;41m▄[38;2;2;1;1;48;2;105;16;19m▄[38;2;50;34;35;48;2;63;31;32m▄[0m[38;2;50;34;35m  [0m   [38;2;0;0;0m  [0m
 [38;2;0;0;0m  [0m [38;2;131;14;20;48;2;126;34;40m▄[38;2;3;0;0;48;2;43;5;7m▄[38;2;4;4;4;48;2;0;0;0m▄[38;2;2;2;2;48;2;6;6;6m▄[48;2;0;0;0m [38;2;27;23;15m▄[38;2;199;173;114;48;2;15;13;9m▄[38;2;233;203;138;48;2;110;97;66m▄[38;2;232;202;136;48;2;158;139;94m▄[48;2;139;120;79m▄[38;2;231;202;136;48;2;54;47;30m▄[38;2;96;83;56;48;2;7;6;6m▄[38;2;7;7;7;48;2;20;20;20m▄[0m   [38;2;0;0;0m    [0m
 [38;2;0;0;0m [0m [38;2;137;52;57;48;2;78;24;29m▄[38;2;88;23;27;48;2;103;8;15m▄[38;2;17;17;16;48;2;1;0;0m▄[38;2;87;86;69;48;2;5;5;5m▄[38;2;86;85;65;48;2;1;1;0m▄[38;2;51;48;37;48;2;1;1;1m▄[38;2;233;205;142;48;2;169;148;101m▄[38;2;234;204;138;48;2;233;203;137m▄[38;2;234;204;140;48;2;233;202;136m▄[38;2;233;204;142;48;2;234;203;137m▄[38;2;233;203;139;48;2;234;203;138m▄[38;2;232;203;136;48;2;234;203;137m▄[38;2;230;203;140;48;2;223;195;128m▄[38;2;115;106;85;48;2;28;25;17m▄[38;2;36;36;36;48;2;21;20;21m▄[0m[38;2;36;36;36m      [0m
 [38;2;0;0;0m  [0m              [38;2;0;0;0m       [0m
[?25h