[?25l[0m[7m[38;2;238;171;118m [0m[38;2;238;172;119;48;2;238;171;118m▄[38;2;217;160;114;48;2;175;129;93m▄[0m [38;2;123;94;72;48;2;200;147;107m▄[38;2;239;173;120;48;2;238;171;119m▄[38;2;239;171;116;48;2;234;170;118m▄[0m[38;2;161;123;90m▄[0m [38;2;4;4;4m    [0m [38;2;127;145;148m▄[38;2;109;127;130;48;2;93;107;109m▄[38;2;140;161;166;48;2;141;163;167m▄[38;2;142;163;167;48;2;134;153;157m▄[48;2;113;129;131m▄[38;2;143;163;168;48;2;120;135;137m▄[38;2;144;164;168;48;2;133;147;151m▄[38;2;142;162;166;48;2;135;150;155m▄[38;2;128;146;149;48;2;153;171;177m▄[38;2;115;131;133;48;2;165;184;190m▄[38;2;115;130;131;48;2;169;189;194m▄[38;2;120;135;137;48;2;169;189;195m▄[38;2;117;131;134;48;2;170;189;195m▄[38;2;117;132;135;48;2;169;189;195m▄[38;2;118;133;136;48;2;168;189;195m▄[48;2;167;187;194m▄[0m
[38;2;239;174;121;48;2;238;172;119m▄[38;2;239;174;120m▄[38;2;238;174;121;48;2;236;173;122m▄[0m  [38;2;114;86;64;48;2;220;155;102m▄[38;2;239;173;118;48;2;239;172;116m▄[38;2;239;177;122;48;2;221;163;111m▄[0m[38;2;73;61;50m▄    [38;2;70;80;82;48;2;69;76;77m▄[38;2;142;161;165;48;2;134;155;159m▄[38;2;112;129;132;48;2;111;127;130m▄[38;2;138;158;163;48;2;145;165;169m▄[38;2;106;121;124;48;2;142;162;167m▄[38;2;129;146;149;48;2;143;163;167m▄[38;2;147;166;170;48;2;143;163;168m▄[38;2;145;164;168;48;2;143;163;167m▄[38;2;144;164;168m▄[48;2;144;164;167m▄[38;2;143;164;168;48;2;145;164;168m▄[38;2;144;164;169;48;2;144;164;168m▄[38;2;145;165;169;48;2;143;163;167m▄[38;2;143;164;168m▄[38;2;144;164;168;48;2;143;163;168m▄[38;2;145;165;169;48;2;143;163;167m▄▄[0m
[38;2;224;161;110;48;2;212;156;108m▄[38;2;199;140;94;48;2;240;176;124m▄[38;2;195;140;99;48;2;237;170;116m▄[0m [38;2;5;5;5m [0m [7m[38;2;192;142;99m▄[0m[38;2;225;161;109;48;2;238;177;125m▄[38;2;149;110;80;48;2;112;87;66m▄[0m[38;2;149;110;80m   [0m [38;2;57;65;66;48;2;72;81;82m▄[38;2;128;149;153;48;2;137;157;162m▄[38;2;104;120;124;48;2;108;125;128m▄[38;2;139;158;162;48;2;131;151;156m▄[38;2;120;137;140;48;2;116;133;137m▄[38;2;147;166;170;48;2;140;157;160m▄[38;2;144;164;169;48;2;120;134;137m▄[38;2;144;164;168;48;2;115;131;133m▄[38;2;143;163;168;48;2;112;128;130m▄[38;2;145;165;170;48;2;114;130;132m▄[38;2;147;167;171;48;2;112;128;130m▄[38;2;143;162;165;48;2;115;130;133m▄[38;2;136;155;159;48;2;125;141;144m▄[38;2;132;149;153;48;2;135;152;155m▄[38;2;131;149;152;48;2;138;156;159m▄[38;2;129;146;150;48;2;138;157;161m▄[38;2;127;144;148m▄[0m
[7m[38;2;199;144;100m▄[38;2;145;108;77m▄[0m [38;2;0;0;0m    [7m[38;2;111;83;62m▄[0m[38;2;173;132;101;48;2;186;137;99m▄[0m [38;2;15;15;15m  [0m [38;2;94;108;112;48;2;89;105;108m▄[38;2;98;113;117;48;2;104;119;121m▄[38;2;81;92;95;48;2;113;130;133m▄[38;2;141;162;168;48;2;144;162;167m▄[38;2;108;124;129;48;2;116;133;137m▄[48;2;143;164;168m [38;2;146;165;169;48;2;144;164;168m▄[38;2;146;166;170;48;2;145;165;168m▄[48;2;146;166;169m▄[48;2;146;165;169m▄[48;2;146;166;170m [38;2;147;167;170;48;2;146;165;170m▄[48;2;146;166;170m▄ ▄[38;2;147;167;171;48;2;145;166;170m▄[38;2;146;166;170m▄[0m
 [38;2;0;0;0m       [0m [38;2;0;0;0m   [0m [7m[38;2;69;78;80m▄[38;2;100;113;117m▄[38;2;89;103;106m▄[38;2;146;165;171m▄[38;2;113;129;133m▄[38;2;146;165;170m▄[38;2;146;166;170m▄[0m[38;2;81;91;92;48;2;146;166;170m▄[38;2;86;97;99;48;2;147;167;171m▄[38;2;86;96;98;48;2;148;167;170m▄[38;2;114;125;127;48;2;147;167;171m▄[38;2;119;132;135;48;2;148;167;171m▄[38;2;118;131;134m▄[38;2;116;130;132;48;2;148;167;172m▄[38;2;116;129;132;48;2;148;168;172m▄[48;2;148;168;171m▄[48;2;148;168;172m▄[0m
 [38;2;0;0;0m                             [0m
 [38;2;0;0;0m            [0m [38;2;149;133;70m▄[38;2;196;172;79m▄[38;2;227;195;78m▄[38;2;240;207;84m▄[38;2;237;204;79m▄[38;2;222;190;71m▄[38;2;183;159;74m▄[38;2;103;92;51m▄[0m [38;2;14;13;11m       [0m
 [38;2;0;0;0m       [0m  [38;2;113;101;54m▄[38;2;141;125;57m▄[38;2;240;209;82;48;2;129;115;57m▄[38;2;241;208;80;48;2;231;199;74m▄[48;2;243;210;84m [38;2;243;210;83;48;2;243;209;82m▄[38;2;243;209;82;48;2;243;208;81m▄[38;2;242;209;82;48;2;243;209;82m▄▄[48;2;242;208;82m [38;2;243;209;82;48;2;243;209;84m▄[38;2;243;209;83;48;2;244;211;87m▄[38;2;243;209;82;48;2;207;179;77m▄[38;2;228;196;78;48;2;71;64;43m▄[0m[38;2;87;78;52m▄[38;2;196;171;71m▄[0m [38;2;35;33;23m   [0m
 [38;2;0;0;0m       [7m[38;2;72;68;49m▄[0m[38;2;116;104;58;48;2;181;156;70m▄[38;2;205;175;68;48;2;198;167;60m▄[38;2;162;122;67;48;2;226;194;77m▄[38;2;170;130;67;48;2;230;197;75m▄[38;2;199;146;82;48;2;194;164;61m▄[38;2;225;165;97;48;2;184;154;67m▄[38;2;187;145;75;48;2;238;204;78m▄[38;2;209;179;75;48;2;243;209;84m▄[38;2;217;187;75;48;2;242;208;83m▄[38;2;225;193;78;48;2;243;209;84m▄[38;2;243;210;85m▄[38;2;243;209;85;48;2;243;209;83m▄[48;2;242;208;83m [38;2;243;209;83;48;2;243;209;84m▄[38;2;243;209;82;48;2;244;211;87m▄[48;2;217;186;76m▄[38;2;239;207;80;48;2;170;149;66m▄[0m[38;2;231;200;81m▄[38;2;170;144;59m▄[0m [38;2;36;34;27m [0m
 [38;2;0;0;0m       [0m [38;2;74;61;47;48;2;123;109;62m▄[38;2;200;147;88;48;2;135;107;65m▄[38;2;226;167;99;48;2;225;164;97m▄[38;2;227;169;102;48;2;224;165;98m▄[48;2;225;166;100m▄[38;2;226;168;101;48;2;226;169;102m▄[38;2;225;167;101;48;2;227;171;104m▄[38;2;226;168;102;48;2;221;167;101m▄[38;2;226;170;104;48;2;206;155;86m▄[38;2;226;169;102;48;2;191;153;69m▄[38;2;222;165;98;48;2;206;176;72m▄[38;2;189;139;83;48;2;234;203;82m▄[38;2;154;125;61;48;2;238;205;86m▄[38;2;239;207;82;48;2;239;206;83m▄[38;2;242;209;82;48;2;243;209;82m▄[48;2;243;209;83m [38;2;243;208;82;48;2;243;210;84m▄[38;2;240;206;79;48;2;163;141;65m▄[0m[38;2;96;86;52m▄  [0m
 [38;2;0;0;0m     [0m [38;2;123;144;143m▄[38;2;192;231;228;48;2;65;76;74m▄[38;2;188;231;226;48;2;135;134;113m▄[38;2;152;189;185;48;2;150;121;78m▄[38;2;126;151;141;48;2;214;159;97m▄[38;2;213;155;91;48;2;228;170;103m▄[38;2;203;152;94;48;2;228;171;104m▄[38;2;167;188;180;48;2;211;157;95m▄[38;2;189;230;227;48;2;172;141;99m▄[38;2;189;230;226;48;2;164;131;87m▄[38;2;131;165;161;48;2;190;144;90m▄[38;2;136;142;119;48;2;228;171;106m▄[38;2;219;161;93;48;2;225;168;101m▄[38;2;225;168;101;48;2;213;158;92m▄[38;2;193;157;75;48;2;156;132;53m▄[48;2;242;209;83m [48;2;243;210;84m [38;2;243;210;83;48;2;243;209;83m▄[38;2;243;209;83;48;2;244;210;84m▄[38;2;232;198;76;48;2;243;211;86m▄[38;2;161;141;70;48;2;160;142;72m▄[0m[38;2;161;141;70m  [0m
 [38;2;0;0;0m     [0m [38;2;194;231;227;48;2;184;225;220m▄[38;2;180;215;212;48;2;183;219;215m▄[38;2;173;209;206;48;2;183;214;211m▄[38;2;188;228;224;48;2;194;233;230m▄[38;2;111;124;112;48;2;124;166;163m▄[38;2;215;166;102;48;2;134;111;73m▄[38;2;160;170;153;48;2;157;152;127m▄[48;2;191;232;228m [38;2;126;152;149;48;2;192;229;225m▄[38;2;182;221;217;48;2;195;232;228m▄[38;2;185;230;227;48;2;181;224;221m▄[38;2;136;177;173;48;2;120;167;164m▄[38;2;136;148;126;48;2;165;147;108m▄[38;2;207;151;90;48;2;226;171;106m▄[38;2;208;152;88;48;2;189;147;79m▄[38;2;221;193;80;48;2;242;209;83m▄[38;2;243;210;85;48;2;243;211;85m▄[38;2;243;210;83m▄[38;2;242;209;81;48;2;243;211;86m▄[38;2;93;83;43;48;2;180;158;74m▄[0m[7m[38;2;68;61;40m▄[0m[38;2;5;4;4m  [0m
 [38;2;0;0;0m     [0m [7m[38;2;149;180;178m▄[0m[38;2;113;128;122;48;2;184;230;226m▄[38;2;146;136;109;48;2;166;204;199m▄[38;2;223;168;102;48;2;165;134;93m▄[38;2;223;167;101;48;2;216;158;93m▄[38;2;218;162;96;48;2;223;165;99m▄[38;2;201;151;92;48;2;171;162;134m▄[38;2;158;171;156;48;2;197;233;229m▄[38;2;188;227;223;48;2;189;230;226m▄[38;2;176;212;207;48;2;191;232;228m▄[38;2;142;175;169;48;2;180;217;214m▄[38;2;138;161;143;48;2;134;177;170m▄[38;2;209;156;93;48;2;156;147;112m▄[38;2;226;169;102;48;2;189;141;87m▄[38;2;197;146;84;48;2;153;112;62m▄[38;2;198;147;84;48;2;159;133;51m▄[38;2;174;129;76;48;2;189;155;77m▄[38;2;200;151;92;48;2;193;162;73m▄[0m[7m[38;2;179;155;70m▄[0m [38;2;0;0;0m   [0m
 [38;2;0;0;0m       [7m[38;2;75;61;46m▄[0m[38;2;221;164;97;48;2;188;139;83m▄[38;2;223;166;98;48;2;176;131;76m▄[38;2;224;167;102;48;2;187;141;84m▄[38;2;226;167;100;48;2;171;128;76m▄[38;2;225;167;99;48;2;212;157;91m▄[38;2;225;168;102;48;2;221;164;99m▄[38;2;226;169;102;48;2;184;143;92m▄[38;2;227;169;102;48;2;162;129;84m▄[38;2;228;170;104;48;2;180;149;103m▄[48;2;221;164;101m▄[38;2;227;168;102;48;2;225;166;99m▄[38;2;228;170;104;48;2;226;168;101m▄[38;2;229;171;104;48;2;227;170;103m▄[38;2;227;168;100;48;2;211;160;98m▄[38;2;188;142;88;48;2;182;138;83m▄[38;2;197;148;94;48;2;209;153;89m▄[0m [38;2;19;18;16m    [0m
 [38;2;0;0;0m      [0m [38;2;220;163;98;48;2;134;106;73m▄[48;2;226;169;102m [38;2;227;169;101;48;2;226;168;100m▄[48;2;226;167;100m▄[38;2;227;168;101;48;2;226;168;100m▄[38;2;228;170;104;48;2;225;168;102m▄[38;2;226;169;103;48;2;227;170;103m▄[38;2;223;166;100;48;2;226;169;103m▄[38;2;179;135;84;48;2;228;169;103m▄[38;2;121;89;55;48;2;227;169;102m▄[38;2;218;162;97m▄[48;2;227;170;103m [38;2;228;171;103;48;2;228;171;104m▄[38;2;229;172;106;48;2;226;171;106m▄[38;2;78;63;47;48;2;163;124;77m▄[0m[7m[38;2;166;128;86m▄[0m [38;2;0;0;0m     [0m
 [38;2;0;0;0m      [0m [7m[38;2;149;116;78m▄[38;2;193;146;91m▄[38;2;200;149;89m▄[38;2;197;144;84m▄[38;2;183;140;91m▄[38;2;148;113;75m▄[0m[38;2;165;121;73;48;2;149;111;67m▄[38;2;15;10;6;48;2;25;19;9m▄[38;2;143;76;60;48;2;22;10;9m▄[38;2;171;116;76;48;2;89;40;40m▄[38;2;225;167;100;48;2;180;131;79m▄[38;2;228;170;103;48;2;227;169;102m▄[48;2;227;168;102m▄[38;2;225;169;102;48;2;225;168;101m▄[0m [38;2;36;30;24m       [0m
 [38;2;0;0;0m            [7m[38;2;105;85;63m▄[38;2;215;158;97m▄[0m[38;2;186;138;85;48;2;218;157;92m▄[38;2;225;166;99;48;2;224;166;100m▄[38;2;226;168;101;48;2;226;168;102m▄[38;2;227;168;102;48;2;226;168;101m▄[38;2;228;170;102;48;2;227;169;102m▄[48;2;228;170;103m▄[38;2;229;171;104;48;2;227;168;100m▄[38;2;100;100;77;48;2;78;97;83m▄[38;2;53;119;107;48;2;40;58;55m▄[0m[38;2;40;60;57m▄     [0m
 [38;2;0;0;0m            [0m [38;2;48;61;56m▄[38;2;76;95;92;48;2;77;93;75m▄[38;2;189;140;84;48;2;225;169;104m▄[38;2;226;168;100;48;2;226;169;101m▄[38;2;228;171;104;48;2;227;170;102m▄[38;2;215;161;99;48;2;227;169;102m▄[38;2;198;146;86m▄[38;2;173;140;100;48;2;229;170;101m▄[38;2;172;192;202;48;2;146;130;109m▄[38;2;52;116;104;48;2;49;108;97m▄[38;2;59;133;118;48;2;53;118;105m▄[0m[38;2;48;89;81m▄[0m [38;2;26;34;32m   [0m
[?25h