[?25l[0m [38;2;0;0;0m    [0m   [38;2;92;110;111m▄[38;2;108;129;130m▄[38;2;107;132;134m▄[38;2;133;155;157m▄[38;2;131;156;158m▄[38;2;109;132;134m▄[38;2;112;131;133m▄[38;2;90;107;109m▄[0m   [38;2;6;6;6m     [0m
 [38;2;0;0;0m   [0m [38;2;181;225;230;48;2;157;187;190m▄[38;2;136;195;198;48;2;199;237;242m▄[38;2;135;196;197;48;2;199;238;243m▄[38;2;135;197;198;48;2;197;239;244m▄[38;2;144;204;206;48;2;200;239;244m▄[38;2;140;201;204;48;2;199;238;243m▄[38;2;135;197;202;48;2;196;238;243m▄[38;2;139;200;204;48;2;197;239;243m▄[38;2;134;198;201;48;2;199;239;243m▄[38;2;140;203;206;48;2;196;238;243m▄[38;2;143;203;206;48;2;198;239;245m▄[38;2;135;196;198;48;2;196;238;242m▄[38;2;148;203;205;48;2;190;235;241m▄[38;2;178;228;234;48;2;156;182;184m▄[0m [38;2;21;23;24m    [0m
 [38;2;0;0;0m    [38;2;134;208;210;48;2;148;217;222m▄[38;2;108;195;193;48;2;130;208;207m▄[38;2;93;176;174;48;2;132;209;206m▄[38;2;44;100;99;48;2;128;203;200m▄[38;2;63;94;86;48;2;72;122;121m▄[38;2;97;106;85;48;2;36;73;72m▄[38;2;39;68;59;48;2;25;59;58m▄[38;2;9;42;42;48;2;34;67;67m▄[38;2;8;38;38;48;2;61;106;105m▄[38;2;37;78;78;48;2;130;199;197m▄[38;2;109;195;194;48;2;137;211;208m▄[38;2;112;199;197;48;2;138;211;208m▄[38;2;108;195;192;48;2;133;211;208m▄[38;2;143;214;214;48;2;149;219;222m▄[0m[38;2;143;214;214m     [0m
 [38;2;0;0;0m   [0m [38;2;138;210;211;48;2;141;212;213m▄[38;2;93;176;173;48;2;106;195;193m▄[38;2;17;61;60;48;2;37;93;92m▄[38;2;27;73;70;48;2;27;72;69m▄[38;2;205;188;140;48;2;205;183;131m▄[38;2;234;197;135;48;2;233;196;135m▄[38;2;234;197;133;48;2;220;186;127m▄[38;2;234;196;132;48;2;104;100;73m▄[38;2;233;195;131;48;2;48;62;50m▄[38;2;233;195;132;48;2;111;101;72m▄[38;2;170;144;97;48;2;74;92;78m▄[38;2;80;149;146;48;2;99;185;182m▄[48;2;106;194;190m [38;2;137;211;212;48;2;136;211;212m▄[0m [38;2;22;24;24m    [0m
 [38;2;0;0;0m   [0m [38;2;137;211;212;48;2;135;209;210m▄[38;2;105;192;189;48;2;98;183;181m▄[38;2;25;71;70;48;2;24;73;71m▄[38;2;19;63;62;48;2;23;66;65m▄[38;2;123;126;95;48;2;145;148;114m▄[38;2;221;186;128;48;2;234;197;134m▄[38;2;180;155;107;48;2;234;197;133m▄[38;2;219;183;122m▄[38;2;232;196;134m▄[38;2;235;197;133m▄[38;2;224;187;123;48;2;208;174;118m▄[38;2;104;177;170;48;2;86;159;156m▄[38;2;106;194;190;48;2;106;193;189m▄[38;2;137;210;212;48;2;140;212;213m▄[0m [38;2;22;24;24m    [0m
 [38;2;0;0;0m   [0m [38;2;129;205;207;48;2;137;210;211m▄[38;2;108;197;193;48;2;106;194;191m▄[38;2;162;162;127;48;2;49;108;106m▄[38;2;113;103;74;48;2;19;63;62m▄[38;2;112;102;69;48;2;154;138;95m▄[38;2;222;188;126;48;2;161;140;98m▄[38;2;209;189;152;48;2;68;68;58m▄[38;2;198;179;144;48;2;58;68;64m▄[38;2;229;195;134;48;2;178;151;103m▄[38;2;174;158;128;48;2;75;72;55m▄[38;2;201;184;154;48;2;40;47;41m▄[38;2;103;179;174;48;2;72;136;132m▄[38;2;103;194;190;48;2;104;194;190m▄[38;2;134;210;211;48;2;136;210;211m▄[0m [38;2;20;22;23m    [0m
 [38;2;0;0;0m   [0m [38;2;137;212;213;48;2;133;208;210m▄[38;2;105;195;191;48;2;105;196;191m▄[38;2;131;174;154;48;2;173;161;117m▄[38;2;216;185;128;48;2;197;167;115m▄[38;2;227;194;131;48;2;198;167;112m▄[38;2;228;195;133;48;2;228;194;132m▄[38;2;224;191;130;48;2;217;185;127m▄[38;2;192;163;108;48;2;211;178;121m▄[38;2;206;175;118;48;2;226;191;129m▄[38;2;229;196;136;48;2;202;174;121m▄[38;2;193;164;109;48;2;210;178;122m▄[38;2;142;168;142;48;2;101;167;159m▄[38;2;108;196;192;48;2;104;195;192m▄[38;2;138;213;214;48;2;138;212;213m▄[0m [38;2;22;23;24m    [0m
 [38;2;0;0;0m   [0m [38;2;140;211;213;48;2;139;210;212m▄[38;2;110;197;196;48;2;109;197;195m▄[38;2;107;197;195;48;2;108;198;195m▄[38;2;103;181;175;48;2;118;161;142m▄[38;2;216;188;130;48;2;225;193;129m▄[38;2;226;198;138;48;2;226;196;135m▄[38;2;200;171;117;48;2;200;173;119m▄[38;2;206;177;119;48;2;229;198;137m▄[38;2;208;177;119;48;2;229;198;136m▄[38;2;197;169;114;48;2;181;155;104m▄[38;2;200;172;117;48;2;192;164;111m▄[38;2;168;168;129;48;2;183;173;129m▄[38;2;108;198;194;48;2;107;195;192m▄[38;2;139;212;213;48;2;138;211;212m▄[0m [38;2;21;23;24m    [0m
 [38;2;0;0;0m   [0m [38;2;142;212;215;48;2;139;212;214m▄[48;2;111;198;197m [38;2;110;198;196;48;2;109;199;197m▄[38;2;84;145;143;48;2;108;196;192m▄[38;2;130;123;97;48;2;179;164;119m▄[38;2;224;191;133;48;2;229;195;134m▄[38;2;225;191;129;48;2;228;196;135m▄[38;2;209;177;118;48;2;230;196;133m▄[38;2;209;178;122;48;2;225;191;130m▄[38;2;154;152;121;48;2;211;181;127m▄[38;2;106;190;188;48;2;178;175;134m▄[38;2;108;194;192;48;2;111;180;173m▄[38;2;108;195;192;48;2;108;196;192m▄[38;2;137;211;212;48;2;137;212;213m▄[0m [38;2;21;24;24m    [0m
 [38;2;0;0;0m   [38;2;46;38;30m▄[38;2;74;129;131;48;2;122;193;197m▄[38;2;69;132;130;48;2;92;173;172m▄[38;2;72;136;134;48;2;82;162;161m▄[38;2;64;119;117;48;2;71;121;123m▄[38;2;69;91;94;48;2;79;96;100m▄[38;2;75;90;95;48;2;85;98;97m▄[38;2;80;95;99;48;2;106;105;91m▄[38;2;82;97;101;48;2;130;125;107m▄[38;2;80;97;101;48;2;103;104;92m▄[38;2;69;87;89;48;2;77;94;97m▄[38;2;69;125;123;48;2;78;149;149m▄[38;2;72;135;133;48;2;81;157;155m▄[38;2;72;140;138;48;2;91;172;168m▄[38;2;71;129;132;48;2;128;201;202m▄[0m [38;2;40;32;25m    [0m
 [38;2;0;0;0m   [38;2;44;27;11;48;2;42;27;14m▄[38;2;77;42;10;48;2;58;39;18m▄[38;2;65;35;8;48;2;67;74;58m▄[48;2;70;95;83m▄[38;2;70;38;8;48;2;65;104;97m▄[38;2;71;39;9;48;2;49;99;95m▄[38;2;64;35;7;48;2;44;94;92m▄[38;2;63;33;7;48;2;56;100;98m▄[38;2;65;34;7;48;2;55;93;92m▄[38;2;66;35;8;48;2;54;99;98m▄[38;2;64;34;7;48;2;46;96;92m▄[38;2;70;38;9;48;2;67;106;98m▄[38;2;68;37;9;48;2;67;95;86m▄[38;2;65;36;9;48;2;69;80;64m▄[38;2;76;42;10;48;2;64;44;21m▄[0m[38;2;48;35;22m▄    [0m
 [38;2;0;0;0m   [0m [7m[38;2;60;32;8m▄[38;2;61;33;8m▄[38;2;61;33;7m▄[38;2;61;33;8m▄▄[38;2;63;34;7m▄[38;2;63;34;8m▄[38;2;61;33;7m▄[38;2;60;32;7m▄[38;2;60;33;7m▄[38;2;62;33;7m▄[38;2;61;34;8m▄[38;2;61;33;8m▄[38;2;62;34;8m▄[0m [38;2;0;0;0m    [0m
[?25h