[?25l[0m [38;2;0;0;0m               [38;2;52;54;70m▄[38;2;108;115;176;48;2;98;105;153m▄[38;2;110;117;178;48;2;110;116;178m▄[38;2;112;118;178;48;2;111;117;177m▄[38;2;113;119;178;48;2;112;118;178m▄[48;2;113;119;178m [38;2;113;120;178m▄▄ [38;2;112;119;178;48;2;112;119;177m▄[48;2;112;118;177m [38;2;111;118;177;48;2;111;118;176m▄[48;2;111;118;177m [48;2;112;118;177m [0m
 [38;2;0;0;0m               [7m[38;2;55;58;79m▄[0m[38;2;109;116;177;48;2;110;117;178m▄[38;2;111;118;177;48;2;111;118;178m▄[38;2;112;119;178;48;2;112;118;178m▄[38;2;113;120;179;48;2;113;119;178m▄[38;2;114;120;179;48;2;113;120;179m▄[48;2;114;120;179m [38;2;113;120;179;48;2;113;120;178m▄[38;2;112;119;178;48;2;113;119;178m▄▄[48;2;112;118;177m▄ [38;2;111;117;177m▄▄[0m
 [38;2;0;0;0m              [0m [38;2;111;118;176;48;2;90;95;136m▄[38;2;111;117;177;48;2;108;114;175m▄[38;2;112;118;177;48;2;111;117;177m▄[48;2;112;119;178m [48;2;113;120;179m [38;2;114;120;179;48;2;114;121;180m▄[38;2;113;120;179;48;2;114;120;179m▄[38;2;113;119;178;48;2;113;120;179m▄[48;2;113;119;178m [38;2;111;118;178;48;2;112;119;178m▄[38;2;110;117;177;48;2;112;118;178m▄[48;2;111;118;177m▄[38;2;102;109;160;48;2;110;116;176m▄[38;2;95;93;127;48;2;109;115;175m▄[0m
 [38;2;0;0;0m              [0m [38;2;105;111;165;48;2;111;118;177m▄[38;2;111;117;177;48;2;112;118;177m▄ [48;2;112;119;178m [38;2;113;120;178;48;2;113;119;178m▄[38;2;114;120;179;48;2;113;120;179m▄[38;2;113;120;178;48;2;114;120;179m▄[38;2;112;119;178;48;2;113;120;179m▄[38;2;101;109;160;48;2;110;116;175m▄[38;2;123;110;124;48;2;112;118;178m▄[38;2;154;131;137;48;2;112;119;178m▄[38;2;189;147;125;48;2;105;112;169m▄[38;2;243;175;131;48;2;158;128;124m▄[38;2;244;176;132;48;2;247;183;140m▄[0m
 [38;2;0;0;0m               [7m[38;2;56;59;76m▄[0m[38;2;109;115;175;48;2;110;116;175m▄[48;2;112;118;178m [48;2;113;119;178m [38;2;113;119;178;48;2;113;120;178m▄▄[38;2;114;121;179m▄[48;2;113;120;179m [38;2;94;102;150;48;2;115;123;180m▄[38;2;209;155;121;48;2;167;134;126m▄[38;2;243;174;127;48;2;245;178;134m▄[38;2;219;158;114;48;2;229;167;127m▄[38;2;204;149;117;48;2;244;180;138m▄[38;2;202;148;132;48;2;245;176;132m▄[0m
 [38;2;0;0;0m               [7m[38;2;58;61;79m▄[0m[38;2;113;119;177;48;2;110;117;176m▄[38;2;113;119;179;48;2;113;119;178m▄[38;2;112;118;178;48;2;112;118;177m▄[48;2;113;119;177m▄[38;2;113;119;179;48;2;113;120;178m▄[38;2;112;118;178;48;2;113;119;179m▄[38;2;113;120;179;48;2;112;119;178m▄[38;2;119;126;180;48;2;109;117;175m▄[38;2;135;119;132;48;2;156;129;125m▄[38;2;245;182;137;48;2;225;166;124m▄[38;2;240;177;134;48;2;170;124;92m▄[38;2;102;83;69;48;2;129;94;117m▄[0m[7m[38;2;113;84;110m▄[0m
 [38;2;0;0;0m               [0m [7m[38;2;71;73;99m▄[38;2;112;116;175m▄[0m[38;2;57;60;80;48;2;113;118;177m▄[38;2;106;113;172;48;2;111;117;177m▄[38;2;113;120;178;48;2;112;119;178m▄[38;2;113;122;177;48;2;110;117;177m▄[38;2;190;144;110;48;2;136;120;127m▄[38;2;172;127;91;48;2;186;148;120m▄[38;2;241;175;127;48;2;180;141;116m▄[38;2;244;176;129;48;2;245;178;131m▄[38;2;245;178;133;48;2;246;178;132m▄[38;2;239;177;133;48;2;234;175;133m▄[38;2;205;151;111;48;2;224;169;127m▄[0m
 [38;2;0;0;0m                  [0m [7m[38;2;70;73;97m▄[0m[38;2;56;52;56;48;2;111;118;171m▄[38;2;120;88;108;48;2;114;122;178m▄[38;2;114;81;75;48;2;160;127;116m▄[38;2;227;166;21;48;2;187;133;88m▄[38;2;185;136;70;48;2;231;171;124m▄[38;2;244;176;128;48;2;245;178;132m▄[38;2;245;177;130;48;2;245;177;131m▄[38;2;245;177;131;48;2;245;178;132m▄[38;2;245;180;135;48;2;244;176;130m▄[0m
 [38;2;0;0;0m                 [0m [38;2;127;84;98m▄[38;2;233;128;162;48;2;127;77;93m▄[38;2;235;124;161;48;2;225;125;158m▄[38;2;234;125;160;48;2;235;129;164m▄[38;2;172;97;105;48;2;191;117;81m▄[38;2;185;137;56;48;2;237;178;24m▄[38;2;225;165;117;48;2;205;153;72m▄[38;2;244;177;132;48;2;244;177;130m▄[38;2;245;179;134;48;2;245;178;133m▄[38;2;246;183;139;48;2;244;176;130m▄[38;2;209;152;111;48;2;172;125;92m▄[0m
 [38;2;0;0;0m                 [0m [38;2;199;105;137;48;2;205;113;143m▄[38;2;181;99;122;48;2;235;130;163m▄[38;2;237;133;165;48;2;235;128;163m▄[38;2;236;130;164;48;2;235;128;162m▄[38;2;237;134;166;48;2;194;109;134m▄[38;2;186;120;114;48;2;217;160;121m▄[38;2;244;179;134;48;2;244;177;132m▄[38;2;244;177;132;48;2;244;175;130m▄[38;2;245;177;132;48;2;244;176;131m▄[38;2;244;177;133;48;2;245;179;135m▄[38;2;244;178;134;48;2;242;178;134m▄[0m
 [38;2;0;0;0m                 [0m [38;2;218;105;145;48;2;130;81;97m▄[38;2;227;112;152;48;2;213;108;143m▄[38;2;224;114;151;48;2;192;105;131m▄[38;2;201;106;136;48;2;238;133;166m▄[38;2;236;126;162;48;2;237;130;164m▄[38;2;237;129;164;48;2;228;122;155m▄[38;2;223;127;155;48;2;190;129;108m▄[38;2;198;139;114;48;2;245;178;133m▄[38;2;245;178;133;48;2;245;179;133m▄[38;2;244;178;134;48;2;244;177;132m▄[48;2;243;177;132m▄[0m
 [38;2;0;0;0m                [0m [7m[38;2;191;104;132m▄[0m[38;2;135;81;98;48;2;225;109;147m▄[38;2;204;110;142;48;2;227;110;150m▄[38;2;226;110;149;48;2;226;110;150m▄[38;2;227;115;151;48;2;223;107;146m▄[38;2;230;117;154;48;2;202;107;137m▄[38;2;209;109;140;48;2;234;132;163m▄[38;2;211;111;142;48;2;239;132;166m▄[38;2;229;121;156;48;2;224;118;152m▄[38;2;194;108;134;48;2;189;127;112m▄[38;2;172;111;109;48;2;243;179;136m▄[38;2;220;158;118;48;2;245;180;136m▄[0m
 [38;2;0;0;0m                    [0m  [7m[38;2;152;90;110m▄[38;2;183;103;130m▄[38;2;225;120;156m▄[38;2;213;112;144m▄[38;2;201;110;137m▄[38;2;157;82;107m▄[38;2;147;86;99m▄[0m
 [38;2;0;0;0m                             [0m
 [38;2;0;0;0m                       [0m      [0m
 [38;2;0;0;0m    [38;2;42;36;27m▄[38;2;69;49;15m▄[38;2;100;81;39;48;2;38;29;18m▄[38;2;79;64;28;48;2;37;31;22m▄[0m[38;2;73;54;18m▄[0m [38;2;21;17;12m           [0m   [38;2;0;0;0m     [0m
     [38;2;136;124;74;48;2;87;67;27m▄[38;2;233;230;160;48;2;207;203;132m▄[38;2;232;228;154;48;2;231;228;153m▄[38;2;194;190;125;48;2;229;225;152m▄[38;2;229;225;150;48;2;217;212;144m▄[38;2;123;110;66;48;2;87;75;43m▄[0m [38;2;12;13;14m         [0m  [38;2;19;18;19m       [0m
[38;2;141;106;52;48;2;140;106;54m▄[38;2;140;105;52;48;2;139;105;53m▄[48;2;143;108;53m▄[38;2;138;104;51;48;2;133;100;50m▄[38;2;141;107;52;48;2;97;76;44m▄[38;2;87;64;26;48;2;123;108;61m▄[38;2;84;72;38;48;2;233;229;156m▄[38;2;172;166;110;48;2;232;229;153m▄[38;2;221;218;145;48;2;206;204;135m▄[38;2;165;155;93;48;2;229;228;156m▄[38;2;56;49;37;48;2;118;103;62m▄[0m [38;2;0;0;0m         [0m [38;2;29;29;29m  [0m [38;2;68;83;103m▄[38;2;79;102;134;48;2;36;43;52m▄[38;2;57;73;94;48;2;53;61;72m▄[38;2;35;43;55;48;2;58;68;82m▄[38;2;31;38;48;48;2;49;59;74m▄[0m
[?25h