[?25l[0m [38;2;0;0;0m                                   [0m
 [38;2;0;0;0m   [0m           [38;2;0;0;0m   [0m       [38;2;0;0;0m   [0m    [38;2;0;0;0m    [0m
 [38;2;0;0;0m       [0m   [38;2;72;88;92m▄[38;2;84;103;109m▄[38;2;102;125;134m▄[38;2;117;146;154m▄[38;2;128;157;166m▄[38;2;120;150;161m▄[38;2;117;148;160m▄[38;2;115;147;159m▄[38;2;125;154;164m▄[38;2;132;160;169m▄[38;2;114;141;149m▄[38;2;94;116;122m▄[38;2;82;100;105m▄[0m   [38;2;8;8;8m         [0m
 [38;2;0;0;0m     [0m [38;2;124;152;162m▄[38;2;150;193;209;48;2;122;152;164m▄[38;2;153;195;211;48;2;147;188;203m▄[38;2;156;197;212;48;2;152;194;209m▄[38;2;157;197;211;48;2;154;195;210m▄[38;2;156;197;211m▄[48;2;155;196;211m [38;2;154;195;211;48;2;154;195;210m▄[38;2;153;195;210;48;2;153;194;210m▄[38;2;152;195;211m▄[38;2;154;195;211m▄[38;2;155;196;211;48;2;154;195;210m▄[48;2;155;195;211m▄[38;2;155;196;212m▄[38;2;156;196;212;48;2;154;194;210m▄[38;2;158;197;212;48;2;155;196;210m▄[48;2;156;196;211m [38;2;155;196;211;48;2;154;194;209m▄[48;2;160;200;214m▄[38;2;158;197;212;48;2;135;171;184m▄[38;2;147;186;200;48;2;77;95;102m▄[0m [38;2;7;7;7m       [0m
 [38;2;0;0;0m      [38;2;129;162;173;48;2;127;160;172m▄[38;2;153;204;202;48;2;142;179;191m▄[38;2;151;208;193;48;2;134;166;177m▄[38;2;144;209;184;48;2;134;168;176m▄[38;2;137;208;178;48;2;131;168;174m▄[38;2;132;201;172;48;2;140;180;187m▄[38;2;126;188;161;48;2;144;194;193m▄[38;2;120;180;155;48;2;149;203;197m▄[38;2;122;178;154;48;2;150;207;199m▄[38;2;113;165;143;48;2;147;205;195m▄[38;2;119;178;154;48;2;147;207;196m▄[38;2;114;174;150m▄[38;2;112;168;145;48;2;148;206;196m▄[38;2;124;181;156;48;2;150;205;198m▄[38;2;124;184;158;48;2;151;200;197m▄[38;2;131;199;170;48;2;146;185;193m▄[38;2;142;211;181;48;2;133;170;178m▄[38;2;144;211;181;48;2;134;171;179m▄[38;2;141;208;183;48;2;131;169;181m▄[38;2;144;205;194;48;2;122;158;170m▄[38;2;151;199;211;48;2;144;187;203m▄[0m[38;2;151;199;211m        [0m
 [38;2;0;0;0m      [38;2;131;162;171;48;2;133;164;174m▄[38;2;111;188;154;48;2;127;203;172m▄[38;2;111;186;153;48;2;137;207;177m▄[38;2;117;191;159;48;2;139;208;177m▄[38;2;121;196;164;48;2;140;208;177m▄[38;2;116;188;156;48;2;138;207;176m▄[38;2;87;121;104;48;2;133;206;174m▄[38;2;57;59;51;48;2;115;183;153m▄[38;2;63;63;52;48;2;94;139;117m▄[38;2;67;66;54;48;2;81;114;96m▄[38;2;70;68;56;48;2;80;113;95m▄[48;2;90;131;110m▄[38;2;70;68;57;48;2;109;162;137m▄[38;2;53;60;52;48;2;138;206;177m▄[38;2;101;155;131;48;2;139;208;177m▄[38;2;127;201;170;48;2;140;209;177m▄[38;2;121;197;166;48;2;141;209;178m▄[38;2;117;194;162;48;2;141;209;179m▄[38;2;117;193;159;48;2;140;210;179m▄[38;2;115;191;157;48;2;127;203;171m▄[38;2;136;194;191;48;2;141;199;197m▄[0m [38;2;6;7;8m       [0m
 [38;2;0;0;0m   [0m [38;2;8;7;8m  [38;2;130;160;170;48;2;130;161;170m▄[38;2;113;188;155;48;2;111;187;154m▄[38;2;112;187;154;48;2;113;188;153m▄[38;2;101;167;137m▄[38;2;34;42;35;48;2;85;140;115m▄[38;2;35;38;31;48;2;34;43;36m▄[38;2;96;79;55;48;2;38;40;33m▄[38;2;214;167;110;48;2;108;89;62m▄[38;2;214;168;114;48;2;156;125;85m▄[38;2;215;170;116;48;2;136;109;75m▄[38;2;213;168;112;48;2;68;57;38m▄[38;2;170;135;92;48;2;43;39;27m▄[38;2;92;78;54;48;2;46;42;30m▄[38;2;95;77;50;48;2;42;39;27m▄[38;2;209;162;104;48;2;67;58;39m▄[38;2;101;91;63;48;2;93;157;130m▄[38;2;106;174;145;48;2;113;188;156m▄[38;2;116;189;157;48;2;116;190;157m▄[38;2;115;188;156m▄[38;2;117;191;158;48;2;116;190;158m▄[38;2;147;200;198;48;2;143;197;195m▄[0m [38;2;7;8;9m       [0m
 [38;2;0;0;0m      [38;2;130;159;168;48;2;131;159;169m▄[38;2;109;185;152;48;2;110;185;153m▄[38;2;111;187;154;48;2;108;184;151m▄[38;2;35;48;40;48;2;55;87;72m▄[38;2;31;36;30;48;2;37;42;35m▄[38;2;36;51;42;48;2;35;42;35m▄[38;2;77;66;47;48;2;144;115;78m▄[38;2;210;165;110;48;2;215;169;112m▄[38;2;217;171;114m▄[38;2;216;170;114;48;2;216;170;115m▄[38;2;210;166;111;48;2;215;170;114m▄[38;2;210;167;112;48;2;216;171;116m▄[38;2;216;170;112;48;2;217;170;113m▄[38;2;216;169;112;48;2;216;167;109m▄[38;2;218;171;113;48;2;216;169;112m▄[38;2;217;170;113;48;2;206;163;110m▄[38;2;119;141;108;48;2;92;136;112m▄[38;2;113;188;154;48;2;116;190;157m▄[48;2;114;188;155m [38;2;115;189;157;48;2;114;189;157m▄[38;2;145;200;198;48;2;143;199;197m▄[0m[38;2;145;200;198m        [0m
 [38;2;0;0;0m      [38;2;136;164;174;48;2;132;161;171m▄[38;2;111;189;154;48;2;112;189;154m▄[38;2;110;186;154;48;2;114;188;155m▄[38;2;34;48;41;48;2;28;36;31m▄[38;2;31;37;31;48;2;31;36;29m▄[38;2;32;44;37;48;2;33;47;39m▄[38;2;31;38;31;48;2;37;41;34m▄[38;2;138;110;72;48;2;136;110;73m▄[38;2;216;171;114;48;2;216;170;114m▄[38;2;214;169;114;48;2;208;163;107m▄[38;2;213;167;110;48;2;194;152;100m▄[38;2;214;166;109;48;2;206;161;105m▄[38;2;207;163;109;48;2;217;170;113m▄[48;2;218;171;114m [38;2;217;170;114;48;2;218;171;115m▄[38;2;219;173;118;48;2;216;169;112m▄[38;2;159;145;102;48;2;125;140;105m▄[38;2;112;190;155;48;2;111;188;154m▄[38;2;114;189;156;48;2;115;190;157m▄[38;2;116;190;158;48;2;117;191;158m▄[38;2;146;198;196;48;2;142;197;194m▄[0m [38;2;7;9;9m       [0m
 [38;2;0;0;0m      [38;2;130;160;168;48;2;131;160;170m▄[38;2;114;191;157;48;2;115;192;158m▄[38;2;110;188;154;48;2;109;187;154m▄[38;2;88;145;118;48;2;53;85;70m▄[38;2;101;86;62;48;2;34;39;33m▄[38;2;55;52;39;48;2;34;41;35m▄[38;2;34;35;27;48;2;33;42;34m▄[38;2;211;166;108;48;2;206;164;109m▄[38;2;180;142;94;48;2;150;121;82m▄[38;2;173;146;111;48;2;37;37;28m▄[38;2;95;88;75;48;2;40;38;28m▄[38;2;90;92;87;48;2;95;79;53m▄[38;2;115;93;63;48;2;120;97;67m▄[38;2;219;173;115;48;2;212;169;116m▄[38;2;93;88;77;48;2;104;83;54m▄[38;2;74;76;71;48;2;75;64;45m▄[38;2;118;122;100;48;2;34;35;27m▄[38;2;112;187;154;48;2;93;150;124m▄[38;2;116;189;156;48;2;116;191;157m▄[38;2;117;190;158;48;2;115;190;157m▄[38;2;148;200;198;48;2;140;196;194m▄[0m [38;2;7;8;8m       [0m
 [38;2;0;0;0m     [0m [38;2;115;144;153;48;2;123;154;163m▄[38;2;113;190;157;48;2;112;190;156m▄[38;2;114;192;158;48;2;115;193;158m▄[38;2;128;151;116;48;2;129;155;120m▄[38;2;183;142;93;48;2;183;145;99m▄[38;2;162;129;86;48;2;171;135;92m▄[38;2;206;161;106;48;2;34;35;26m▄[38;2;217;171;115;48;2;200;156;102m▄[38;2;216;170;114;48;2;215;169;111m▄[38;2;215;167;109;48;2;197;164;121m▄[38;2;181;142;95;48;2;188;172;148m▄[38;2;187;149;103;48;2;187;169;141m▄[38;2;218;173;119;48;2;182;143;96m▄[38;2;216;172;115;48;2;214;171;114m▄[38;2;167;130;86;48;2;152;129;98m▄[38;2;176;139;89;48;2;195;174;145m▄[38;2;182;142;92;48;2;138;135;105m▄[38;2;111;185;154;48;2;117;192;159m▄[38;2;117;193;159;48;2;115;190;157m▄[38;2;118;193;159;48;2;116;190;158m▄[38;2;138;193;192;48;2;146;199;196m▄[0m [38;2;4;6;7m       [0m
 [38;2;0;0;0m      [38;2;104;133;143;48;2;114;143;154m▄[38;2;117;192;159;48;2;116;192;159m▄[38;2;118;192;158;48;2;116;191;158m▄[38;2;116;192;158;48;2;104;168;136m▄[38;2;126;154;119;48;2;173;136;89m▄[38;2;196;152;102;48;2;170;134;89m▄[38;2;202;157;102;48;2;217;171;114m▄[38;2;216;169;112;48;2;216;170;113m▄[38;2;217;171;114m▄[38;2;218;173;116m▄[38;2;207;165;113;48;2;217;170;114m▄[38;2;181;141;92;48;2;192;152;104m▄[38;2;182;143;93;48;2;192;151;101m▄[38;2;188;147;98;48;2;215;169;111m▄[38;2;215;169;112;48;2;216;171;114m▄[38;2;204;160;105;48;2;188;149;99m▄[38;2;183;144;98;48;2;176;136;88m▄[38;2;126;152;117;48;2;101;167;138m▄[38;2;115;189;156;48;2;116;190;157m▄[38;2;115;190;157;48;2;117;192;159m▄[38;2;143;199;197;48;2;142;197;194m▄[0m [38;2;6;7;8m       [0m
 [38;2;0;0;0m      [38;2;105;133;141;48;2;99;124;132m▄[38;2;117;191;160;48;2;117;191;159m▄[38;2;117;190;158;48;2;117;191;157m▄[38;2;115;190;156;48;2;117;191;158m▄[38;2;113;190;156;48;2;114;192;157m▄[38;2;107;160;127;48;2;113;144;110m▄[38;2;217;172;116;48;2;216;169;111m▄[38;2;216;170;114;48;2;217;171;114m▄[38;2;217;171;115;48;2;218;172;116m▄[38;2;219;172;115m▄[38;2;177;138;91;48;2;179;139;93m▄[38;2;216;173;117;48;2;212;166;109m▄[38;2;185;150;105;48;2;213;168;111m▄[38;2;179;142;98;48;2;214;169;112m▄[38;2;170;135;91;48;2;159;127;85m▄[38;2;214;171;117;48;2;193;156;107m▄[38;2;182;141;93;48;2;192;151;102m▄[38;2;145;140;101;48;2;146;147;108m▄[38;2;118;193;158;48;2;115;189;155m▄[48;2;116;191;157m▄[38;2;138;196;193;48;2;144;199;197m▄[0m [38;2;6;7;8m       [0m
 [38;2;0;0;0m      [38;2;111;139;147;48;2;105;135;144m▄[38;2;118;192;159;48;2;116;191;159m▄[38;2;115;191;158;48;2;116;190;157m▄[38;2;116;190;158m▄[48;2;117;192;159m [38;2;102;173;142;48;2;113;188;154m▄[38;2;115;102;70;48;2;165;142;96m▄[38;2;177;140;89;48;2;208;162;105m▄[38;2;201;158;106;48;2;218;171;115m▄[38;2;218;171;114;48;2;220;173;116m▄[38;2;215;170;116;48;2;175;137;89m▄[38;2;196;151;101;48;2;133;99;66m▄[38;2;180;131;89;48;2;80;53;49m▄[38;2;196;155;106;48;2;83;77;60m▄[38;2;190;151;101;48;2;168;139;96m▄[38;2;214;169;112;48;2;191;150;98m▄[38;2;188;152;102;48;2;202;157;103m▄[38;2;108;172;140;48;2;133;153;117m▄[38;2;114;189;156;48;2;118;193;159m▄[38;2;117;191;158;48;2;118;192;159m▄[38;2;144;200;198;48;2;145;199;196m▄[0m [38;2;6;7;8m       [0m
 [38;2;0;0;0m     [0m [38;2;95;126;134;48;2;103;132;141m▄[38;2;69;136;118;48;2;112;185;155m▄[38;2;65;128;108;48;2;96;170;143m▄[38;2;64;120;101;48;2;82;154;132m▄[38;2;56;103;87;48;2;71;141;121m▄[38;2;46;77;65;48;2;51;102;86m▄[38;2;58;67;60;48;2;83;79;61m▄[38;2;47;47;38;48;2;205;163;107m▄[38;2;104;88;63;48;2;189;150;100m▄[38;2;185;145;98;48;2;217;171;114m▄[38;2;212;168;114;48;2;217;173;119m▄[38;2;184;147;98;48;2;217;173;118m▄[38;2;185;147;99;48;2;215;170;113m▄[38;2;174;138;92;48;2;215;170;114m▄[38;2;91;78;58;48;2;205;164;112m▄[38;2;51;88;74;48;2;137;129;93m▄[38;2;60;113;94;48;2;79;137;113m▄[38;2;60;113;95;48;2;85;157;132m▄[38;2;61;122;101;48;2;91;162;136m▄[38;2;65;137;112;48;2;106;181;149m▄[38;2;118;173;174;48;2;149;203;200m▄[0m [38;2;9;11;12m       [0m
 [38;2;0;0;0m     [0m [38;2;43;23;12;48;2;74;87;88m▄[38;2;46;49;36;48;2;65;114;98m▄[38;2;59;89;74;48;2;66;111;94m▄[38;2;69;113;96;48;2;67;113;95m▄[38;2;70;118;99;48;2;66;113;94m▄[38;2;69;117;97;48;2;63;109;89m▄[38;2;65;110;90;48;2;46;60;51m▄[38;2;47;73;61;48;2;49;55;49m▄[38;2;53;70;60;48;2;64;74;67m▄[38;2;44;53;47;48;2;62;71;64m▄[38;2;58;64;59;48;2;67;65;54m▄[38;2;61;68;61;48;2;83;79;63m▄[38;2;51;60;53;48;2;74;79;67m▄[38;2;49;66;57;48;2;54;64;57m▄[38;2;52;86;71;48;2;53;61;55m▄[38;2;68;116;95;48;2;55;95;80m▄[38;2;68;116;96;48;2;66;112;93m▄[38;2;67;113;94;48;2;67;111;93m▄[38;2;64;109;90;48;2;67;116;96m▄[38;2;56;79;64;48;2;63;112;92m▄[38;2;47;36;24;48;2;86;134;131m▄[38;2;25;14;7;48;2;26;17;14m▄[0m[38;2;25;14;7m       [0m
 [38;2;0;0;0m     [0m [38;2;52;28;13;48;2;57;31;15m▄[38;2;50;27;13;48;2;62;35;16m▄[38;2;66;35;16;48;2;76;42;20m▄[38;2;68;37;16;48;2;72;43;23m▄[38;2;59;34;11;48;2;64;58;38m▄[38;2;61;36;12;48;2;57;64;48m▄[38;2;62;36;13;48;2;56;76;57m▄[38;2;59;33;15;48;2;63;91;71m▄[38;2;57;32;16;48;2;59;95;74m▄[38;2;56;31;15;48;2;52;92;72m▄[38;2;59;32;15;48;2;50;88;71m▄[48;2;55;94;77m▄[38;2;58;31;15;48;2;59;98;79m▄[38;2;53;31;14;48;2;56;88;70m▄[38;2;50;28;12;48;2;60;86;68m▄[38;2;56;33;12;48;2;59;81;63m▄[38;2;66;39;12;48;2;57;65;48m▄[38;2;58;31;13;48;2;50;45;30m▄[38;2;62;33;15;48;2;56;32;16m▄[38;2;55;30;13;48;2;66;37;18m▄[38;2;52;28;13;48;2;65;36;17m▄[0m[7m[38;2;32;18;10m▄[0m[38;2;28;17;9m       [0m
 [38;2;0;0;0m                                   [0m
[?25h