[?25l[0m [38;2;0;0;0m  [7m[38;2;56;46;26m▄[0m[38;2;79;20;15;48;2;120;81;9m▄[38;2;105;13;23;48;2;96;14;19m▄[38;2;91;28;17;48;2;133;92;18m▄[38;2;185;141;24;48;2;182;138;24m▄[38;2;184;141;24;48;2;185;142;24m▄[38;2;139;98;16;48;2;149;113;17m▄[38;2;115;11;22;48;2;106;10;20m▄[38;2;111;11;23;48;2;112;11;22m▄[38;2;112;11;23;48;2;111;11;23m▄[38;2;111;12;23;48;2;110;11;23m▄[38;2;110;12;23;48;2;109;11;22m▄[38;2;110;12;22;48;2;108;11;22m▄[38;2;109;11;22m▄[38;2;108;11;23;48;2;108;11;21m▄[38;2;109;12;22;48;2;88;16;17m▄[38;2;123;76;18;48;2;164;124;21m▄[38;2;188;144;25;48;2;184;140;24m▄[38;2;97;75;23;48;2;132;105;29m▄[0m [38;2;5;5;5m       [0m
 [38;2;0;0;0m  [7m[38;2;36;21;22m▄[0m[38;2;68;35;38;48;2;103;13;22m▄[38;2;70;36;39;48;2;110;13;23m▄[0m[7m[38;2;118;15;25m▄[38;2;151;110;19m▄[0m[38;2;83;69;33;48;2;189;145;24m▄[0m[7m[38;2;118;69;17m▄[38;2;108;11;23m▄[38;2;109;12;23m▄[38;2;111;13;23m▄[38;2;113;13;24m▄[38;2;112;13;24m▄[38;2;110;13;23m▄[38;2;110;13;24m▄[38;2;113;13;23m▄[38;2;117;13;23m▄[0m[38;2;64;36;38;48;2;98;27;17m▄[38;2;82;70;37;48;2;176;134;23m▄[0m[7m[38;2;78;28;13m▄[0m [38;2;28;17;18m       [0m
 [38;2;0;0;0m                             [0m
[38;2;151;194;196m▄[38;2;133;182;183m▄[38;2;105;144;145m▄[38;2;70;106;107m▄[0m  [38;2;23;31;32m                        [0m
[38;2;121;206;193;48;2;191;229;230m▄[38;2;121;205;194;48;2;187;227;229m▄[38;2;122;204;194;48;2;186;227;228m▄[38;2;139;210;202;48;2;188;227;228m▄[38;2;150;212;208;48;2;188;226;228m▄[38;2;174;222;222;48;2;155;205;206m▄[38;2;174;215;217;48;2;102;146;147m▄[0m [38;2;39;74;76m                      [0m
[38;2;99;178;168;48;2;135;213;198m▄[38;2;99;185;176;48;2;135;212;196m▄[38;2;121;201;190;48;2;121;202;189m▄[38;2;147;216;204;48;2;105;187;177m▄[38;2;132;211;198;48;2;104;184;175m▄[38;2;117;205;189;48;2;99;183;174m▄[38;2;109;201;187;48;2;120;194;189m▄[0m [38;2;46;78;79m             [0m [38;2;74;50;28m▄[38;2;169;101;40m▄[38;2;155;92;34;48;2;63;47;32m▄[0m    [38;2;1;1;1m [0m
[38;2;43;50;51;48;2;56;104;100m▄[38;2;40;52;51;48;2;86;166;154m▄[38;2;103;187;165;48;2;107;204;185m▄[38;2;108;204;179;48;2;103;202;181m▄[38;2;108;203;180;48;2;106;202;180m▄[48;2;108;203;180m [38;2;121;206;191;48;2;116;204;188m▄[0m [38;2;51;80;82m     [0m [38;2;134;81;32;48;2;69;46;26m▄[38;2;216;116;28;48;2;151;92;38m▄[38;2;225;122;32;48;2;180;107;41m▄[38;2;224;121;31;48;2;174;99;34m▄[38;2;224;122;31;48;2;165;99;39m▄[38;2;224;124;34;48;2;144;89;40m▄[38;2;223;122;32;48;2;164;97;37m▄[38;2;224;122;30;48;2;202;107;25m▄[48;2;224;121;30m [38;2;223;119;29;48;2;223;120;30m▄[38;2;224;120;30;48;2;177;98;26m▄[38;2;225;122;31;48;2;194;105;26m▄[38;2;226;122;32;48;2;215;119;34m▄[38;2;225;122;31;48;2;150;87;26m▄[0m[38;2;214;115;29m▄[38;2;169;95;31m▄[0m
[38;2;116;99;66;48;2;42;46;46m▄[38;2;207;171;112;48;2;70;66;53m▄[38;2;66;66;49;48;2;71;130;116m▄[38;2;85;156;138;48;2;106;204;180m▄[38;2;113;207;183;48;2;110;205;181m▄[38;2;113;206;183;48;2;112;206;183m▄[38;2;119;205;190;48;2;119;204;190m▄[0m [38;2;46;77;80m    [0m [38;2;188;106;33m▄[38;2;224;122;31;48;2;188;105;32m▄[38;2;225;120;29;48;2;225;119;28m▄[38;2;223;119;29;48;2;225;121;30m▄[38;2;187;117;49;48;2;226;121;29m▄[38;2;188;142;88;48;2;225;120;28m▄[38;2;207;164;110;48;2;217;120;31m▄[38;2;233;184;121;48;2;194;106;27m▄[38;2;225;175;111;48;2;196;104;23m▄[38;2;197;157;104;48;2;219;118;28m▄[38;2;193;140;80;48;2;226;122;30m▄[38;2;188;110;37;48;2;226;123;31m▄[38;2;226;122;31;48;2;225;122;31m▄[38;2;225;122;31;48;2;225;121;30m▄[48;2;225;121;31m [38;2;224;121;31;48;2;224;120;31m▄[38;2;225;121;31;48;2;223;120;30m▄[0m
[38;2;213;178;116;48;2;213;176;114m▄[38;2;213;178;115;48;2;213;177;114m▄[38;2;212;178;116;48;2;174;144;93m▄[38;2;47;49;44;48;2;41;55;52m▄[38;2;84;150;134;48;2;111;199;176m▄[38;2;112;205;181;48;2;113;206;183m▄[38;2;120;204;189;48;2;118;205;190m▄[0m [38;2;50;79;81m    [0m [7m[38;2;81;56;35m▄[0m[38;2;188;103;30;48;2;173;98;35m▄[38;2;178;104;37;48;2;225;120;31m▄[38;2;194;158;108;48;2;177;117;57m▄[38;2;250;195;127;48;2;247;191;123m▄[38;2;252;194;126;48;2;252;195;127m▄[38;2;252;195;128;48;2;252;195;129m▄[38;2;251;198;133;48;2;251;194;126m▄[38;2;231;188;127;48;2;228;177;114m▄[38;2;239;190;124;48;2;235;183;117m▄[38;2;252;195;126;48;2;252;196;126m▄[38;2;252;196;129;48;2;243;193;129m▄[38;2;193;144;87;48;2;184;113;47m▄[38;2;223;120;29;48;2;225;120;30m▄[48;2;225;121;31m [38;2;227;123;32;48;2;226;122;32m▄[38;2;226;123;32;48;2;225;122;32m▄[0m
[38;2;214;178;117;48;2;213;178;116m▄[38;2;213;179;117;48;2;214;179;117m▄[38;2;212;177;116;48;2;213;180;121m▄[38;2;92;82;58;48;2;54;54;47m▄[38;2;98;176;156;48;2;77;140;125m▄[38;2;116;208;183;48;2;111;205;180m▄[38;2;120;206;190;48;2;121;205;190m▄[0m [38;2;47;77;79m     [0m [38;2;139;110;75;48;2;139;73;20m▄[38;2;247;188;116;48;2;148;101;52m▄[38;2;249;190;121;48;2;227;178;117m▄[38;2;250;194;127;48;2;251;196;130m▄[38;2;251;195;129;48;2;251;194;127m▄[48;2;252;194;126m [38;2;251;192;123;48;2;240;187;125m▄[38;2;251;193;125;48;2;210;169;113m▄[38;2;250;195;129;48;2;232;184;123m▄[38;2;250;193;123;48;2;251;194;126m▄[38;2;249;192;124;48;2;251;192;122m▄[38;2;191;125;59;48;2;191;131;69m▄[38;2;216;117;31;48;2;227;124;33m▄[38;2;227;122;31;48;2;226;122;32m▄[38;2;225;121;30;48;2;226;122;31m▄[38;2;226;121;30m▄[0m
[38;2;92;81;55;48;2;167;141;93m▄[38;2;36;36;28;48;2;158;133;85m▄[38;2;34;35;28;48;2;140;117;75m▄[38;2;24;29;26;48;2;123;111;75m▄[38;2;100;186;164;48;2;113;205;180m▄[38;2;115;208;184;48;2;114;207;183m▄[38;2;120;206;191;48;2;120;206;190m▄[0m [38;2;47;76;78m     [0m [38;2;198;198;198;48;2;156;128;89m▄[38;2;251;251;251;48;2;201;170;132m▄[48;2;194;162;120m▄[38;2;200;192;184;48;2;231;178;115m▄[38;2;200;157;108;48;2;251;197;132m▄[38;2;201;197;194;48;2;219;173;118m▄[38;2;251;251;251;48;2;192;171;146m▄[38;2;253;253;253;48;2;189;177;161m▄[38;2;250;250;250;48;2;193;168;137m▄[38;2;188;181;170;48;2;228;178;117m▄[38;2;238;186;124;48;2;249;198;135m▄[38;2;163;120;70;48;2;184;123;57m▄[38;2;183;96;21;48;2;181;95;21m▄[38;2;225;119;30;48;2;226;121;30m▄[38;2;227;123;32;48;2;225;121;31m▄[48;2;226;122;31m [0m
[38;2;177;147;90;48;2;174;154;100m▄[38;2;175;148;98;48;2;213;208;146m▄[38;2;185;157;105;48;2;208;204;149m▄[38;2;121;152;123;48;2;96;127;106m▄[38;2;114;206;184;48;2;113;207;182m▄[38;2;111;205;181;48;2;115;207;184m▄[38;2;114;203;187;48;2;120;205;190m▄[0m [38;2;46;76;78m     [38;2;182;182;182;48;2;132;132;132m▄[38;2;248;248;248;48;2;251;251;251m▄[38;2;89;89;89;48;2;233;233;233m▄[38;2;246;246;247;48;2;250;250;251m▄[38;2;252;253;253;48;2;250;250;250m▄[38;2;194;194;194;48;2;163;161;158m▄[38;2;253;253;253;48;2;250;250;250m▄[38;2;252;252;252;48;2;253;253;253m▄[38;2;139;139;138;48;2;242;242;242m▄[38;2;190;190;191;48;2;247;247;247m▄[38;2;253;253;253;48;2;247;248;248m▄[38;2;199;171;135;48;2;194;159;115m▄[38;2;249;194;126;48;2;239;183;116m▄[38;2;168;106;44;48;2;185;102;27m▄[38;2;188;128;67;48;2;225;119;29m▄[38;2;177;116;55;48;2;225;119;28m▄[38;2;87;60;37;48;2;205;113;32m▄[0m
[38;2;211;176;114;48;2;188;155;98m▄[38;2;185;154;97;48;2;164;137;86m▄[38;2;182;150;95;48;2;190;161;107m▄[38;2;140;153;117;48;2;149;154;113m▄[38;2;109;203;180;48;2;108;204;181m▄[38;2;112;206;183;48;2;113;206;182m▄[38;2;122;206;192;48;2;123;206;191m▄[0m [38;2;49;77;80m     [7m[38;2;121;121;121m▄[0m[38;2;180;179;178;48;2;251;250;251m▄[38;2;182;166;147;48;2;249;249;248m▄[38;2;193;156;110;48;2;244;245;245m▄[38;2;191;152;103;48;2;244;244;243m▄[38;2;186;145;92;48;2;156;152;143m▄[38;2;184;175;163;48;2;250;250;250m▄[38;2;248;248;248;48;2;252;252;252m▄[38;2;251;251;251;48;2;252;251;252m▄[38;2;245;244;244;48;2;251;251;251m▄[38;2;176;160;138;48;2;242;242;242m▄[38;2;247;195;130;48;2;205;171;124m▄[38;2;251;198;132;48;2;249;194;125m▄[38;2;246;192;125;48;2;220;171;108m▄[38;2;195;152;97;48;2;192;151;102m▄[38;2;228;181;119;48;2;212;171;116m▄[0m [0m
[38;2;147;122;80;48;2;213;178;114m▄[38;2;175;148;99;48;2;206;174;112m▄[38;2;186;157;102;48;2;171;143;93m▄[38;2;187;161;107;48;2;157;156;112m▄[38;2;109;195;173;48;2;114;206;183m▄[38;2;112;206;181;48;2;111;206;182m▄[38;2;116;203;188;48;2;117;204;190m▄[0m[38;2;116;203;188m      [38;2;96;81;62m▄[38;2;236;185;122;48;2;212;167;115m▄[38;2;208;163;106;48;2;187;146;95m▄[38;2;191;152;98;48;2;248;194;129m▄[38;2;185;145;90;48;2;248;191;123m▄[38;2;227;174;107;48;2;249;192;123m▄[38;2;249;192;123;48;2;241;189;123m▄[38;2;250;193;123;48;2;190;155;111m▄[38;2;234;181;115;48;2;187;166;134m▄[38;2;252;199;136;48;2;197;164;123m▄[38;2;238;186;122;48;2;247;193;129m▄[38;2;251;195;127;48;2;251;194;125m▄[48;2;252;194;125m▄[38;2;185;146;94;48;2;251;195;123m▄[38;2;113;96;72;48;2;232;182;120m▄[0m[7m[38;2;189;153;105m▄[0m [0m
[38;2;176;147;95;48;2;186;155;101m▄[38;2;171;143;93;48;2;214;180;120m▄[38;2;211;175;111;48;2;212;178;117m▄[38;2;206;173;112;48;2;207;175;113m▄[38;2;100;173;153;48;2;97;168;148m▄[38;2;115;208;183;48;2;112;205;181m▄[38;2;121;206;192;48;2;114;202;188m▄[0m [38;2;49;78;80m    [38;2;129;106;76m▄[38;2;251;195;125;48;2;209;163;105m▄[38;2;251;195;123;48;2;245;189;119m▄[38;2;251;195;126;48;2;251;193;122m▄[38;2;251;195;124;48;2;251;195;125m▄[38;2;251;194;123;48;2;250;193;122m▄[38;2;251;195;126;48;2;250;194;124m▄[38;2;251;195;125;48;2;250;195;126m▄[38;2;251;196;129;48;2;250;195;127m▄[38;2;251;199;131;48;2;251;193;123m▄[38;2;215;170;110;48;2;245;190;122m▄[38;2;250;196;129;48;2;240;187;120m▄[38;2;250;195;127;48;2;251;194;125m▄[38;2;250;195;128;48;2;251;198;133m▄[38;2;133;110;79;48;2;168;139;101m▄[0m [38;2;0;0;0m  [0m
[38;2;217;185;127;48;2;204;171;114m▄[38;2;187;158;108;48;2;211;175;114m▄[38;2;108;139;114;48;2;210;173;109m▄[38;2;108;198;176;48;2;137;139;100m▄[38;2;111;205;184;48;2;109;203;180m▄[38;2;119;210;189;48;2;115;209;186m▄[38;2;129;209;195;48;2;122;207;193m▄[0m [38;2;51;79;83m    [0m [7m[38;2;186;152;107m▄[38;2;219;173;111m▄[38;2;230;180;114m▄[38;2;233;183;118m▄[0m[38;2;151;126;91;48;2;225;175;111m▄[38;2;238;189;124;48;2;211;166;107m▄[38;2;249;193;122;48;2;192;153;100m▄[38;2;250;194;123;48;2;189;152;100m▄[38;2;251;194;125;48;2;196;157;105m▄[38;2;250;193;123;48;2;200;155;97m▄[38;2;251;194;126;48;2;248;192;123m▄[38;2;250;196;128;48;2;250;195;128m▄[38;2;250;192;122m▄[38;2;134;114;87;48;2;133;113;87m▄[0m  [38;2;15;15;15m [0m
[38;2;69;76;72;48;2;187;157;105m▄[38;2;65;77;76;48;2;106;96;73m▄[38;2;55;69;63;48;2;65;96;88m▄[38;2;74;92;64;48;2;80;158;138m▄[38;2;72;92;66;48;2;96;187;167m▄[38;2;61;102;82;48;2;115;206;185m▄[38;2;83;150;137;48;2;118;203;187m▄[0m [38;2;43;70;73m         [0m [38;2;56;54;53;48;2;142;114;77m▄[38;2;230;179;117;48;2;250;197;129m▄[38;2;250;195;125;48;2;251;194;124m▄[38;2;251;195;126;48;2;251;194;125m▄[38;2;251;196;127;48;2;251;195;126m▄[48;2;251;195;127m [38;2;251;194;125;48;2;251;196;128m▄[38;2;239;186;118;48;2;250;194;126m▄[0m[7m[38;2;118;96;69m▄[0m [38;2;47;47;48m▄[0m [0m
[38;2;65;73;70;48;2;82;93;95m▄[38;2;68;76;59;48;2;67;77;77m▄[38;2;88;98;65;48;2;51;64;52m▄[38;2;89;102;69;48;2;69;98;73m▄[38;2;77;97;69;48;2;69;96;74m▄[38;2;40;69;56;48;2;64;91;67m▄[38;2;44;48;31;48;2;70;100;76m▄[38;2;72;47;12;48;2;40;49;41m▄[0m [38;2;24;24;25m       [0m   [38;2;81;95;47;48;2;183;143;94m▄[38;2;159;136;86;48;2;250;197;129m▄[38;2;176;143;90;48;2;251;197;128m▄[38;2;149;129;80;48;2;252;197;128m▄[38;2;99;107;55;48;2;250;195;128m▄[38;2;51;86;30;48;2;208;163;102m▄[38;2;27;37;21;48;2;77;79;48m▄[0m [38;2;0;0;0m [0m  [0m
[?25h