[?25l[0m [38;2;0;0;0m         [0m [38;2;137;117;84m▄[38;2;192;156;99m▄[38;2;230;186;118m▄[38;2;234;189;119m▄[38;2;200;164;107m▄[38;2;133;115;84m▄[0m [38;2;20;19;18m            [0m
 [38;2;0;0;0m      [0m [38;2;109;95;72m▄[38;2;234;191;121;48;2;91;79;61m▄[38;2;240;194;122;48;2;217;177;112m▄[38;2;240;194;123;48;2;240;194;124m▄[38;2;240;195;125;48;2;240;193;122m▄[48;2;239;194;124m▄[38;2;240;195;124;48;2;239;195;126m▄[38;2;240;194;122;48;2;240;196;126m▄[38;2;240;195;123;48;2;240;196;124m▄[38;2;240;196;123;48;2;176;143;93m▄[0m[38;2;138;115;79m▄[0m [38;2;9;9;9m          [0m
 [38;2;0;0;0m    [0m [38;2;74;65;50m▄[38;2;173;142;91;48;2;73;65;50m▄[38;2;240;195;123;48;2;233;190;121m▄[38;2;240;195;124;48;2;240;195;123m▄[38;2;241;196;125;48;2;240;195;124m▄[38;2;241;195;124;48;2;241;195;125m▄[48;2;240;195;124m▄[38;2;240;195;123;48;2;240;194;123m▄[38;2;193;160;100;48;2;189;156;98m▄[38;2;199;165;105;48;2;198;163;103m▄[38;2;242;198;127;48;2;241;196;124m▄[38;2;241;196;125m▄[38;2;240;194;121;48;2;230;188;119m▄[0m[38;2;109;91;63m▄          [0m
 [38;2;0;0;0m   [0m [38;2;200;167;107;48;2;80;70;54m▄[38;2;241;196;125;48;2;233;190;123m▄[48;2;241;195;124m [38;2;241;196;124;48;2;240;194;123m▄[38;2;241;195;124;48;2;240;195;123m▄▄[38;2;241;196;125;48;2;240;195;124m▄[38;2;239;194;124;48;2;241;195;124m▄[38;2;243;198;126;48;2;241;197;126m▄[48;2;241;197;125m [38;2;233;191;122;48;2;238;195;127m▄[38;2;203;168;106;48;2;222;184;120m▄[38;2;241;197;125;48;2;242;198;127m▄[38;2;241;196;126;48;2;241;196;125m▄[38;2;192;156;101;48;2;170;141;96m▄[0m [38;2;12;12;12m         [0m
 [38;2;0;0;0m [0m [38;2;113;96;71m▄[38;2;238;194;123;48;2;107;92;68m▄[38;2;241;196;125;48;2;211;173;112m▄[48;2;241;196;124m   [48;2;241;197;125m [38;2;243;198;127;48;2;242;198;126m▄[38;2;220;182;120;48;2;241;198;130m▄[38;2;235;192;124;48;2;198;164;109m▄[38;2;238;193;122;48;2;181;148;93m▄[38;2;240;195;124;48;2;238;192;119m▄[48;2;240;194;122m▄[38;2;240;194;124;48;2;240;194;123m▄[38;2;240;195;124;48;2;241;195;125m▄[48;2;241;196;126m [38;2;196;161;108;48;2;194;157;100m▄[0m [38;2;9;9;9m         [0m
  [38;2;163;135;89m▄[38;2;238;193;122;48;2;155;128;84m▄[38;2;241;196;124;48;2;234;191;121m▄[38;2;240;196;124;48;2;240;195;122m▄[38;2;241;197;126;48;2;241;196;125m▄[38;2;242;198;127;48;2;242;197;126m▄[38;2;242;198;128;48;2;241;198;127m▄[38;2;240;196;124;48;2;242;197;126m▄[38;2;239;194;121;48;2;240;195;123m▄[38;2;240;194;123;48;2;215;174;107m▄[38;2;241;196;124;48;2;195;156;95m▄[38;2;238;195;123;48;2;207;169;105m▄[38;2;241;197;124;48;2;241;197;126m▄[38;2;240;196;124;48;2;241;196;126m▄ [38;2;241;197;127m▄[38;2;240;196;127;48;2;240;195;125m▄[38;2;150;125;88;48;2;176;144;96m▄[0m [38;2;0;0;0m         [0m
[38;2;53;60;58m▄[38;2;120;115;92;48;2;134;113;80m▄[38;2;130;131;106;48;2;237;191;118m▄[38;2;146;147;116;48;2;239;192;118m▄[38;2;202;167;107;48;2;240;195;124m▄[38;2;240;195;125;48;2;241;198;128m▄[38;2;164;140;97;48;2;237;196;129m▄[38;2;162;190;183;48;2;203;169;113m▄[38;2;186;221;214;48;2;161;151;115m▄[38;2;188;223;216;48;2;146;140;108m▄[38;2;166;196;190;48;2;130;121;91m▄[38;2;130;165;157;48;2;157;154;121m▄[38;2;152;193;182;48;2;187;161;110m▄[38;2;173;153;108;48;2;242;199;130m▄[38;2;241;195;123;48;2;241;197;125m▄[48;2;241;196;124m▄[38;2;242;198;127;48;2;241;196;125m▄[38;2;243;200;131;48;2;242;198;129m▄[38;2;230;191;125;48;2;241;198;127m▄[38;2;54;48;40;48;2;102;86;62m▄[0m  [38;2;20;20;20m        [0m
[38;2;184;214;208;48;2;191;225;220m▄[38;2;177;205;199;48;2;196;227;222m▄[38;2;187;224;218;48;2;154;186;180m▄[38;2;131;161;155;48;2;134;172;164m▄[38;2;154;202;192;48;2;144;177;165m▄[38;2;119;119;94;48;2;204;169;112m▄[38;2;162;192;186;48;2;147;164;150m▄[38;2;179;209;203;48;2;187;223;216m▄[38;2;169;196;191;48;2;180;211;204m▄[38;2;185;214;208;48;2;182;210;204m▄[38;2;176;209;203;48;2;195;226;220m▄[38;2;169;201;194;48;2;137;166;159m▄[38;2;130;169;160;48;2;152;196;187m▄[38;2;128;162;151;48;2;120;144;129m▄[38;2;223;183;116;48;2;182;147;92m▄[38;2;241;197;127;48;2;188;155;101m▄[38;2;239;192;119;48;2;187;152;96m▄[38;2;195;157;99;48;2;149;120;76m▄[38;2;174;139;89;48;2;122;100;65m▄[38;2;201;164;108;48;2;140;120;86m▄[0m[38;2;103;87;63m▄[0m  [38;2;0;0;0m       [0m
[38;2;166;195;189;48;2;162;189;184m▄[38;2;162;195;188;48;2;176;204;198m▄[38;2;187;224;216;48;2;185;216;210m▄[38;2;141;155;141;48;2;150;179;174m▄[38;2;213;177;118;48;2;130;160;147m▄[38;2;241;199;130;48;2;124;113;83m▄[38;2;146;149;124;48;2;161;184;179m▄[38;2;186;224;218;48;2;196;228;222m▄[38;2;173;206;199;48;2;168;198;193m▄[38;2;189;225;218;48;2;154;183;177m▄[48;2;187;223;216m [38;2;120;147;141;48;2;165;192;186m▄[38;2;157;201;190;48;2;143;181;172m▄[38;2;151;145;111;48;2;130;158;144m▄[38;2;240;194;122;48;2;234;189;116m▄[38;2;240;193;123;48;2;240;194;122m▄[38;2;240;195;126m▄[38;2;241;197;129;48;2;219;178;114m▄[38;2;186;150;96;48;2;160;127;78m▄[38;2;197;160;103;48;2;217;174;112m▄[0m[7m[38;2;89;75;55m▄[0m[38;2;17;16;15m         [0m
[38;2;120;136;132;48;2;194;226;219m▄[38;2;146;161;147;48;2;194;226;220m▄[38;2;128;122;95;48;2;167;199;194m▄[38;2;240;198;128;48;2;189;157;100m▄[38;2;241;197;128;48;2;241;196;127m▄[48;2;240;197;129m [38;2;194;161;109;48;2;218;180;119m▄[38;2;227;186;123;48;2;150;155;132m▄[38;2;209;168;105;48;2;173;201;194m▄[38;2;180;145;89;48;2;177;206;199m▄[38;2;173;142;93;48;2;103;121;116m▄[38;2;236;195;128;48;2;108;123;110m▄[38;2;203;165;107;48;2;145;139;107m▄[38;2;234;191;123;48;2;234;194;129m▄[38;2;241;196;125;48;2;241;197;128m▄[48;2;241;195;124m [38;2;241;195;124;48;2;241;195;123m▄[48;2;240;195;123m [38;2;190;155;100;48;2;182;148;94m▄[38;2;91;76;53;48;2;144;120;84m▄[0m [38;2;0;0;0m         [0m
 [38;2;96;83;62;48;2;146;121;85m▄[38;2;192;157;103;48;2;154;126;80m▄[38;2;240;195;124;48;2;241;197;127m▄[38;2;240;194;123;48;2;240;196;126m▄[38;2;210;170;108;48;2;241;198;129m▄[38;2;180;149;97;48;2;240;197;127m▄[38;2;217;177;115;48;2;181;144;90m▄[38;2;241;196;125;48;2;237;189;115m▄[38;2;205;166;107;48;2;196;160;102m▄[38;2;211;171;106;48;2;231;191;127m▄[38;2;239;193;119;48;2;190;155;98m▄[38;2;240;195;123;48;2;223;181;114m▄[38;2;241;196;124;48;2;240;194;122m▄[48;2;241;195;122m▄[38;2;241;197;126;48;2;241;196;124m▄[38;2;242;199;130;48;2;241;198;128m▄[38;2;202;166;109;48;2;220;180;119m▄[38;2;219;178;113;48;2;203;166;107m▄[0m[7m[38;2;90;76;54m▄[0m[38;2;50;45;38m          [0m
  [38;2;148;124;85;48;2;139;112;72m▄[38;2;182;149;96;48;2;242;199;129m▄[38;2;187;152;99;48;2;209;171;112m▄[38;2;240;194;125;48;2;192;154;96m▄[38;2;240;193;123;48;2;240;192;119m▄[38;2;240;195;124;48;2;241;196;126m▄[38;2;240;195;126;48;2;241;196;125m▄[38;2;240;196;126;48;2;241;194;124m▄[38;2;240;197;127;48;2;199;162;103m▄[38;2;237;193;124;48;2;183;148;93m▄[38;2;189;155;99;48;2;230;187;119m▄[38;2;187;152;97;48;2;240;195;124m▄[38;2;241;196;126;48;2;241;196;124m▄[48;2;241;197;125m [38;2;241;196;127;48;2;241;196;125m▄[38;2;240;196;125;48;2;212;173;109m▄[38;2;136;113;77;48;2;77;67;52m▄[0m [38;2;53;52;52m▄[0m [38;2;11;11;11m        [0m
 [38;2;72;65;54m▄[38;2;231;186;118;48;2;188;154;103m▄[38;2;240;194;121;48;2;242;198;130m▄[38;2;241;196;125;48;2;240;197;128m▄[38;2;243;199;131;48;2;240;195;125m▄[38;2;214;176;116m▄[38;2;179;145;93;48;2;240;195;124m▄[38;2;117;95;60m▄[38;2;73;59;37;48;2;240;196;125m▄[38;2;46;38;25;48;2;242;199;130m▄[38;2;55;45;29;48;2;241;199;129m▄[38;2;128;104;66;48;2;239;195;126m▄[38;2;197;161;106;48;2;233;193;131m▄[38;2;199;163;108;48;2;185;151;99m▄[38;2;205;165;104;48;2;241;195;124m▄[48;2;240;195;124m [38;2;239;194;123;48;2;240;193;120m▄[38;2;190;155;100;48;2;185;149;92m▄[38;2;136;114;77;48;2;63;61;57m▄[0m[38;2;33;38;37m▄[0m [38;2;38;38;38m▄[0m [38;2;8;8;8m      [0m
 [38;2;70;61;46;48;2;210;172;115m▄[38;2;87;75;53;48;2;241;198;129m▄[0m[7m[38;2;236;191;119m▄[38;2;166;135;89m▄[38;2;77;68;54m▄[38;2;111;96;65m▄[0m[38;2;185;152;98;48;2;172;145;98m▄[38;2;50;41;26;48;2;7;6;3m▄[38;2;60;48;32;48;2;1;1;0m▄[38;2;154;87;67;48;2;35;13;13m▄[38;2;163;84;66;48;2;60;23;23m▄[38;2;163;104;75;48;2;119;52;45m▄[38;2;227;186;121;48;2;199;160;105m▄[38;2;179;144;93;48;2;174;140;89m▄[38;2;239;194;124;48;2;227;185;118m▄[38;2;241;199;132;48;2;232;190;125m▄[38;2;206;171;112;48;2;197;163;108m▄[38;2;209;171;107;48;2;240;200;134m▄[38;2;160;141;94;48;2;141;117;77m▄[38;2;106;137;126;48;2;86;111;103m▄[0m  [38;2;38;38;38;48;2;40;40;40m▄[0m[38;2;47;47;47m▄[0m [38;2;16;16;16m    [0m
 [38;2;0;0;0m     [7m[38;2;56;48;38m▄[38;2;229;188;122m▄[0m[38;2;43;39;32;48;2;237;192;123m▄[38;2;159;132;88;48;2;238;194;125m▄[38;2;237;195;125;48;2;239;195;125m▄[38;2;239;196;127;48;2;239;196;129m▄[38;2;236;194;126;48;2;238;194;125m▄[38;2;239;193;123;48;2;237;193;122m▄[38;2;239;197;129;48;2;239;196;130m▄[38;2;178;148;96;48;2;233;194;129m▄[38;2;234;191;122;48;2;241;198;129m▄[38;2;242;200;131;48;2;240;196;125m▄[38;2;168;147;103;48;2;180;148;95m▄[38;2;139;178;163;48;2;119;132;109m▄[38;2;118;145;134;48;2;103;133;122m▄[0m [38;2;2;2;2m [0m     [38;2;46;46;46m  [0m
 [38;2;0;0;0m        [0m [7m[38;2;65;63;58m▄[38;2;78;68;52m▄[0m[38;2;99;114;104;48;2;113;96;62m▄[38;2;132;123;86;48;2;196;159;101m▄[38;2;134;116;76;48;2;240;199;131m▄[38;2;153;133;87;48;2;237;195;126m▄[38;2;124;131;104;48;2;173;140;87m▄[38;2;141;178;161;48;2;146;126;84m▄[38;2;148;189;170;48;2;126;158;140m▄[38;2;146;187;169;48;2;141;184;166m▄[38;2;80;100;90;48;2;88;113;103m▄[0m[38;2;80;100;90m  [0m  [38;2;24;24;24m  [0m   [0m
[?25h