[?25l[0m [38;2;0;0;0m  [0m [38;2;110;93;69m▄[38;2;206;168;110m▄[38;2;242;195;123m▄[38;2;241;195;124m▄[38;2;238;195;125m▄[38;2;192;160;108m▄[38;2;110;95;69m▄[0m [38;2;18;18;17m                  [0m
 [38;2;0;0;0m [0m [38;2;224;183;119;48;2;112;95;69m▄[38;2;240;194;124;48;2;239;193;120m▄[38;2;203;165;106;48;2;241;193;122m▄[38;2;219;179;116;48;2;242;194;125m▄[38;2;242;194;124;48;2;242;195;125m▄[48;2;242;195;126m▄[38;2;242;195;126;48;2;242;195;125m▄▄[38;2;242;196;127;48;2;200;164;108m▄[0m[38;2;230;188;123m▄[38;2;79;69;51m▄                [0m
 [38;2;0;0;0m [38;2;130;112;83;48;2;87;74;53m▄[38;2;241;198;132;48;2;242;199;134m▄[38;2;240;196;130;48;2;241;197;130m▄[38;2;237;188;119;48;2;192;157;101m▄[38;2;241;192;121;48;2;212;170;106m▄[38;2;242;194;125;48;2;241;192;121m▄[38;2;243;195;126;48;2;241;194;124m▄[38;2;243;196;127;48;2;243;196;126m▄[38;2;243;195;125;48;2;243;196;127m▄[38;2;242;195;124;48;2;243;196;126m▄[38;2;242;195;125;48;2;243;197;127m▄[38;2;243;197;127;48;2;209;172;110m▄[38;2;245;199;127;48;2;123;105;75m▄[0m[38;2;178;152;105m▄[0m [38;2;10;10;10m             [0m
 [38;2;0;0;0m [38;2;92;79;58;48;2;129;110;79m▄[38;2;242;195;124;48;2;241;195;128m▄[38;2;240;195;127;48;2;220;180;119m▄[38;2;235;192;128;48;2;204;166;107m▄[38;2;243;198;129;48;2;242;196;127m▄[38;2;242;196;127;48;2;242;198;131m▄[38;2;205;167;106;48;2;223;183;122m▄[38;2;241;191;117;48;2;203;165;104m▄[38;2;224;180;113;48;2;241;193;122m▄[48;2;242;195;125m [38;2;243;196;127;48;2;242;195;126m▄[38;2;242;196;126;48;2;243;196;125m▄[38;2;241;195;125;48;2;243;198;129m▄[38;2;240;193;123;48;2;209;171;111m▄[38;2;223;179;110;48;2;171;141;94m▄[0m[38;2;121;102;70m▄[0m [38;2;27;25;22m           [0m
 [38;2;0;0;0m [0m [38;2;206;167;110;48;2;243;200;134m▄[38;2;243;196;127;48;2;243;197;128m▄[38;2;243;195;126;48;2;243;196;127m▄[38;2;242;195;126;48;2;242;196;127m▄[38;2;242;194;124;48;2;242;195;125m▄[38;2;218;175;109;48;2;237;193;126m▄[38;2;241;195;127;48;2;184;151;98m▄[38;2;204;173;120;48;2;208;172;114m▄[38;2;162;151;118;48;2;242;196;127m▄[38;2;154;168;152;48;2;244;197;126m▄[38;2;159;165;144;48;2;242;195;125m▄[38;2;176;149;103;48;2;238;192;122m▄[38;2;232;188;121;48;2;241;196;128m▄[38;2;170;150;104;48;2;241;195;124m▄[38;2;123;125;104;48;2;241;195;122m▄[38;2;158;184;177;48;2;215;178;118m▄[0m[38;2;156;187;184m▄[38;2;92;104;103m▄[0m [38;2;4;3;4m        [0m
 [38;2;0;0;0m  [7m[38;2;130;107;75m▄[0m[38;2;237;191;123;48;2;242;195;126m▄[38;2;242;194;124;48;2;243;195;125m▄[38;2;243;195;124;48;2;243;195;126m▄[48;2;243;196;126m [38;2;204;172;115;48;2;242;194;123m▄[38;2;125;177;165;48;2;143;142;107m▄[38;2;137;172;165;48;2;107;143;136m▄[38;2;179;215;209;48;2;182;216;212m▄[38;2;147;173;170;48;2;182;217;213m▄[38;2;181;209;206;48;2;180;208;205m▄[38;2;189;218;215;48;2;171;193;187m▄[38;2;105;120;108;48;2;169;152;107m▄[38;2;110;152;143;48;2;118;169;162m▄[38;2;184;221;217;48;2;167;198;195m▄[38;2;153;184;180;48;2;183;221;217m▄[38;2;172;204;200;48;2;157;188;184m▄[38;2;168;198;194;48;2;185;219;214m▄[38;2;99;114;112;48;2;62;69;68m▄[0m[38;2;99;114;112m        [0m
 [38;2;0;0;0m  [0m [38;2;122;105;79;48;2;175;145;103m▄[38;2;158;130;85;48;2;244;197;132m▄[38;2;193;159;103;48;2;230;184;117m▄[38;2;241;192;119;48;2;191;154;98m▄[38;2;205;166;103;48;2;148;135;96m▄[38;2;122;174;163;48;2;138;192;180m▄[38;2;119;160;152;48;2;145;177;171m▄[38;2;190;217;214;48;2;185;214;210m▄[38;2;179;208;204;48;2;182;210;207m▄[38;2;182;218;213;48;2;158;183;180m▄[38;2;169;199;193;48;2;185;218;214m▄[38;2;206;171;113;48;2;161;153;119m▄[38;2;240;194;125;48;2;179;151;100m▄[38;2;241;197;132;48;2;158;165;145m▄[38;2;177;158;118;48;2;186;214;210m▄[38;2;175;205;202;48;2;162;188;186m▄[38;2;148;171;170;48;2;185;220;216m▄[0m[7m[38;2;76;88;87m▄[0m[38;2;15;16;16m        [0m
 [38;2;0;0;0m [0m [7m[38;2;63;57;49m▄[0m[38;2;216;177;115;48;2;201;166;115m▄[38;2;196;158;103;48;2;180;146;96m▄[38;2;240;192;120;48;2;239;192;123m▄[38;2;242;194;124;48;2;241;193;123m▄[38;2;242;195;126;48;2;242;194;124m▄[38;2;230;187;122;48;2;157;155;117m▄[38;2;208;169;108;48;2;128;179;165m▄[38;2;196;158;102;48;2;115;149;142m▄[38;2;227;186;122;48;2;134;155;148m▄[38;2;242;198;133;48;2;157;173;158m▄[38;2;242;199;137;48;2;197;172;128m▄[38;2;195;161;106;48;2;232;189;128m▄[38;2;234;187;118;48;2;233;190;127m▄[38;2;241;193;123;48;2;241;194;126m▄[38;2;242;196;127;48;2;240;192;121m▄[38;2;199;164;109;48;2;164;142;99m▄[0m [38;2;44;41;35m        [0m [0m
 [38;2;0;0;0m  [0m [7m[38;2;143;120;84m▄[0m[38;2;191;156;102;48;2;192;158;104m▄[38;2;243;196;125;48;2;242;194;124m▄[38;2;242;195;125;48;2;242;193;122m▄[38;2;242;194;124;48;2;241;193;122m▄[48;2;241;194;124m [38;2;242;196;128;48;2;194;159;104m▄[38;2;242;199;134;48;2;200;164;109m▄[38;2;199;164;107;48;2;241;197;131m▄[38;2;229;185;116;48;2;219;177;113m▄[38;2;241;194;123;48;2;241;193;124m▄[38;2;241;195;125;48;2;196;159;100m▄[38;2;243;199;131;48;2;187;152;95m▄[38;2;235;193;130;48;2;193;157;102m▄[38;2;195;161;106;48;2;243;200;135m▄[38;2;173;141;89;48;2;227;187;125m▄[0m [38;2;26;25;23m       [38;2;119;54;54m▄[38;2;235;78;76;48;2;139;54;52m▄[0m
 [38;2;0;0;0m  [0m  [38;2;145;120;82;48;2;203;164;106m▄[38;2;176;145;96;48;2;221;179;117m▄[38;2;238;190;120;48;2;242;196;128m▄[38;2;242;195;127;48;2;242;195;126m▄[38;2;240;195;129;48;2;242;193;124m▄[38;2;188;157;102;48;2;235;188;121m▄[38;2;203;166;108;48;2;194;160;106m▄[38;2;142;114;73;48;2;238;192;122m▄[38;2;164;135;89;48;2;241;194;124m▄[38;2;221;180;116;48;2;241;195;127m▄[38;2;241;194;123;48;2;241;194;125m▄[38;2;243;199;130;48;2;242;196;127m▄[38;2;243;198;129;48;2;242;197;129m▄[38;2;243;195;126;48;2;242;195;127m▄[38;2;243;198;130;48;2;244;196;124m▄[38;2;238;196;130;48;2;130;110;79m▄[0m[38;2;142;121;84m▄[0m [38;2;23;22;20m    [38;2;149;62;61m▄[38;2;236;75;74;48;2;224;70;69m▄[38;2;236;73;73;48;2;236;74;73m▄[0m
    [38;2;84;76;60m▄[38;2;227;186;122;48;2;179;150;104m▄[38;2;205;170;116;48;2;239;191;121m▄[38;2;242;197;131;48;2;241;193;123m▄[38;2;241;194;126;48;2;242;196;128m▄[38;2;227;182;115;48;2;202;167;111m▄[38;2;176;136;89;48;2;204;171;115m▄[38;2;173;68;71;48;2;23;15;10m▄[38;2;148;54;49;48;2;2;2;0m▄[38;2;75;23;21;48;2;6;6;3m▄[38;2;3;3;1;48;2;10;8;4m▄[38;2;187;151;101;48;2;110;91;59m▄[0m[7m[38;2;155;131;91m▄[38;2;136;116;84m▄[38;2;179;149;100m▄[38;2;230;190;125m▄[38;2;236;192;123m▄[38;2;211;177;120m▄[0m [38;2;0;0;0m   [0m [38;2;235;73;72;48;2;215;69;68m▄[48;2;236;74;73m▄[38;2;237;75;73;48;2;237;75;74m▄[0m
 [7m[38;2;41;41;41m▄[0m[38;2;34;34;34m [0m [38;2;103;136;113;48;2;119;125;94m▄[38;2;212;174;116;48;2;189;156;102m▄[38;2;236;191;122;48;2;240;197;129m▄[38;2;182;150;98;48;2;240;198;133m▄[38;2;239;195;129;48;2;223;184;123m▄[38;2;241;196;130;48;2;240;194;126m▄[38;2;241;195;128;48;2;237;190;123m▄[38;2;242;196;129;48;2;186;144;102m▄[38;2;242;197;131;48;2;179;133;91m▄[38;2;242;193;121;48;2;150;105;67m▄[38;2;231;187;119;48;2;90;74;47m▄[38;2;217;178;120;48;2;201;166;114m▄[38;2;80;70;55;48;2;75;66;52m▄[0m[38;2;80;70;55m         [38;2;141;60;60;48;2;107;44;43m▄[38;2;235;72;72;48;2;235;73;72m▄[38;2;237;73;73;48;2;236;73;72m▄[38;2;237;74;73;48;2;236;74;73m▄[0m
  [38;2;0;0;0m [0m [38;2;117;160;138;48;2;123;166;143m▄[38;2;105;144;123;48;2;145;136;97m▄[38;2;158;139;94;48;2;185;150;97m▄[38;2;243;197;129;48;2;237;189;119m▄[38;2;233;188;122;48;2;240;193;125m▄[38;2;203;165;106;48;2;242;195;127m▄[38;2;241;196;127;48;2;242;196;127m▄[38;2;194;156;100;48;2;242;198;130m▄[38;2;150;128;94;48;2;244;200;134m▄[0m[7m[38;2;216;178;120m▄[0m  [38;2;0;0;0m          [38;2;97;41;39;48;2;109;33;33m▄[38;2;237;74;73;48;2;236;73;73m▄[38;2;238;75;74;48;2;237;74;73m▄[38;2;239;76;75;48;2;238;76;74m▄[0m
  [38;2;15;15;16m [0m [38;2;102;134;118;48;2;115;153;134m▄[38;2;122;162;141;48;2;121;162;141m▄[38;2;126;166;145;48;2;116;154;134m▄[38;2;126;166;144;48;2;128;135;103m▄[38;2;123;164;140;48;2;151;131;88m▄[38;2;112;152;130;48;2;208;170;110m▄[38;2;55;66;61;48;2;115;104;78m▄[0m[7m[38;2;52;51;52m▄[0m [38;2;32;32;32m             [0m [38;2;210;70;71;48;2;238;78;77m▄[38;2;238;77;75;48;2;238;76;74m▄[38;2;238;76;74;48;2;238;76;75m▄[0m
  [38;2;38;38;38m [0m [38;2;113;144;126;48;2;125;162;143m▄[38;2;127;166;143;48;2;111;142;124m▄[38;2;120;159;137;48;2;103;133;116m▄[38;2;97;131;112;48;2;124;161;140m▄[38;2;106;141;122;48;2;119;156;135m▄[38;2;111;145;128;48;2;84;106;94m▄[0m    [38;2;35;35;35m           [0m [38;2;171;177;159m▄[38;2;145;109;98;48;2;175;90;88m▄[38;2;238;77;74;48;2;238;76;75m▄[38;2;239;77;75;48;2;238;76;74m▄[0m
[?25h