[?25l[0m[38;2;17;16;16m▄[38;2;28;28;28m▄[0m  [38;2;11;11;11m       [0m [38;2;21;20;21m▄[38;2;26;26;26m▄[0m   [38;2;10;10;10m             [0m
[7m[38;2;0;0;0m [0m[38;2;0;0;0;48;2;0;0;0m [48;2;1;1;1m▄[48;2;12;12;12m▄[0m[38;2;2;2;2m▄[38;2;21;21;21m▄[0m [38;2;28;28;27m▄[38;2;8;8;8m▄[38;2;1;1;1m▄[38;2;0;0;0;48;2;27;27;27m▄[48;2;12;12;12m▄[48;2;1;1;0m▄[48;2;3;3;2m▄[48;2;8;8;8m▄▄[48;2;18;18;18m▄[38;2;1;1;1;48;2;29;28;28m▄[0m[38;2;10;10;10m▄[0m [38;2;26;26;26m          [0m
[7m[38;2;0;0;0m [0m[38;2;0;0;0;48;2;0;0;0m     [48;2;1;1;1m▄▄[48;2;0;0;0m [38;2;1;0;0m▄      [38;2;0;0;0;48;2;1;1;0m▄[38;2;26;26;26;48;2;0;0;0m▄[48;2;1;0;0m▄[38;2;28;28;28;48;2;4;4;4m▄[0m[38;2;37;38;37m▄[0m [38;2;4;4;4m        [0m
[7m[38;2;0;0;0m [0m[38;2;0;0;0;48;2;0;0;0m         [48;2;1;0;0m▄[48;2;0;0;0m      [48;2;1;1;1m▄[38;2;1;1;1;48;2;23;23;23m▄[0m[38;2;4;3;3m▄[38;2;24;24;24m▄         [0m
[38;2;12;9;4;48;2;0;0;0m▄[38;2;183;138;78;48;2;14;11;6m▄[38;2;221;167;94;48;2;41;31;16m▄[38;2;72;53;30;48;2;0;0;0m▄[38;2;1;0;0m▄        ▄     [38;2;0;0;0;48;2;1;0;0m▄[38;2;23;23;23;48;2;17;17;17m▄[0m[38;2;23;23;23m         [0m
[38;2;212;159;90;48;2;121;89;48m▄[38;2;227;170;96;48;2;225;168;93m▄[38;2;227;169;95;48;2;228;171;97m▄[38;2;226;169;95;48;2;216;163;93m▄[38;2;171;126;71;48;2;36;26;15m▄[38;2;5;3;2;48;2;0;0;0m▄[38;2;101;75;40;48;2;6;4;2m▄[38;2;43;32;17;48;2;0;0;0m▄[38;2;13;9;4m▄    [38;2;1;1;0m▄     [38;2;14;14;14;48;2;1;1;1m▄[0m[7m[38;2;24;24;24m▄[0m[38;2;12;12;12m         [0m
[38;2;227;171;96;48;2;225;166;92m▄[38;2;227;170;95;48;2;226;169;95m▄[48;2;227;170;96m▄[38;2;227;171;98;48;2;227;170;97m▄[38;2;228;172;100;48;2;226;170;97m▄[38;2;201;153;87;48;2;65;49;27m▄[38;2;210;159;92;48;2;174;133;76m▄[38;2;211;159;91;48;2;158;120;69m▄[38;2;217;159;89;48;2;146;107;63m▄[38;2;127;95;55;48;2;31;22;13m▄[38;2;1;1;0;48;2;0;0;0m▄[48;2;1;0;0m [48;2;0;0;0m [38;2;0;0;0;48;2;1;1;0m▄[48;2;0;0;0m  [38;2;23;23;23m▄[38;2;17;17;17;48;2;1;0;0m▄[38;2;18;18;18;48;2;1;1;1m▄[0m[7m[38;2;18;18;18m▄[0m[38;2;10;10;10m          [0m
[7m[38;2;183;139;83m▄[0m[38;2;201;149;84;48;2;226;168;93m▄[38;2;228;172;98;48;2;227;170;96m▄[38;2;229;173;100;48;2;228;171;98m▄[38;2;185;154;113;48;2;227;171;98m▄[38;2;242;242;242;48;2;179;148;107m▄[38;2;249;250;251;48;2;184;174;161m▄[38;2;214;213;213;48;2;153;131;100m▄[38;2;206;156;91;48;2;201;154;91m▄[38;2;228;172;99;48;2;210;162;99m▄[38;2;58;43;23;48;2;10;7;3m▄[48;2;0;0;0m [38;2;1;1;0m▄   [38;2;32;32;32;48;2;26;26;26m▄[0m  [38;2;0;0;0m        [0m [38;2;23;23;23m▄[38;2;1;2;1m▄[0m
[38;2;76;64;49m▄[38;2;204;155;94;48;2;155;119;72m▄[38;2;227;169;95;48;2;228;172;98m▄[38;2;226;168;92;48;2;227;169;94m▄[38;2;184;158;125;48;2;185;175;163m▄[38;2;213;214;215;48;2;218;217;217m▄[38;2;197;187;175;48;2;220;220;220m▄[38;2;193;150;93;48;2;194;186;177m▄[38;2;226;170;98;48;2;223;167;95m▄[38;2;229;174;102;48;2;229;173;102m▄[38;2;211;162;97;48;2;114;86;50m▄[38;2;166;127;72;48;2;80;60;35m▄[38;2;129;96;52;48;2;26;18;11m▄[38;2;12;11;10;48;2;1;0;0m▄[38;2;24;24;24;48;2;1;1;0m▄[0m[7m[38;2;17;17;17m▄[0m [38;2;0;0;0m        [0m [38;2;19;19;19m▄[38;2;1;1;0;48;2;10;10;10m▄[38;2;12;12;12;48;2;4;3;3m▄[0m[7m[38;2;4;3;3m▄[0m
[38;2;224;169;95;48;2;177;133;76m▄[38;2;223;169;98;48;2;185;138;76m▄[38;2;225;169;95;48;2;227;169;95m▄[48;2;227;170;97m [38;2;227;170;98;48;2;226;168;95m▄[38;2;226;170;98;48;2;223;166;94m▄[48;2;228;171;99m▄[38;2;227;171;98;48;2;227;169;97m▄[38;2;228;171;98;48;2;227;170;97m▄[38;2;227;170;97;48;2;227;171;98m▄[38;2;200;149;83;48;2;225;169;95m▄[38;2;137;108;69;48;2;187;140;79m▄[0m[7m[38;2;152;117;72m▄[0m [38;2;0;0;0m           [38;2;14;14;13m▄[48;2;2;2;2m [38;2;6;5;5m▄[0m [38;2;9;9;9m [0m
[38;2;227;169;95;48;2;226;171;98m▄[38;2;227;170;97;48;2;226;170;97m▄[38;2;228;173;100;48;2;227;170;97m▄[38;2;227;171;98;48;2;227;171;97m▄[38;2;228;170;95;48;2;228;172;99m▄[38;2;220;167;97;48;2;228;172;100m▄[38;2;171;129;75;48;2;227;171;99m▄[38;2;209;156;88;48;2;227;169;97m▄[38;2;226;169;97m▄[38;2;228;171;99;48;2;227;170;98m▄[38;2;173;135;86;48;2;193;147;89m▄[0m [38;2;5;5;5m             [7m[38;2;11;11;11m▄[0m[38;2;4;4;3;48;2;2;2;2m▄[38;2;0;0;0m▄[0m[38;2;6;6;6m▄[38;2;22;22;22m▄[0m
[7m[38;2;118;94;61m▄[38;2;126;99;64m▄[0m[38;2;114;91;62;48;2;176;134;79m▄[38;2;212;160;93;48;2;189;144;83m▄[38;2;230;172;97;48;2;176;131;72m▄[38;2;227;170;96;48;2;183;136;73m▄[38;2;227;169;97;48;2;228;173;100m▄[38;2;228;171;98;48;2;228;172;99m▄[48;2;227;170;98m▄[38;2;228;171;99;48;2;227;171;98m▄[38;2;178;126;87;48;2;151;114;69m▄[0m[38;2;234;134;159m▄[38;2;224;122;148m▄[38;2;179;98;118m▄[38;2;108;71;78m▄[0m [38;2;13;12;13m         [0m [7m[38;2;14;14;13m▄[0m[38;2;4;4;3;48;2;1;1;1m▄[38;2;58;54;44m▄[38;2;242;224;184;48;2;50;46;37m▄[0m
 [38;2;183;103;124m▄[38;2;231;128;156;48;2;116;78;87m▄[38;2;214;119;141;48;2;158;104;101m▄[38;2;198;147;79;48;2;227;171;96m▄[38;2;227;170;96;48;2;228;171;98m▄[38;2;228;170;98;48;2;227;170;97m▄[38;2;228;171;98m▄[38;2;229;172;99;48;2;228;172;99m▄[38;2;228;173;100m▄[38;2;179;132;78;48;2;178;128;80m▄[38;2;195;106;126;48;2;230;125;150m▄[38;2;231;126;153;48;2;230;125;152m▄[38;2;231;126;152;48;2;230;125;151m▄[38;2;230;126;152;48;2;231;126;151m▄[38;2;229;120;146;48;2;159;94;110m▄[0m[38;2;61;40;45m▄         [0m [38;2;70;30;31;48;2;33;32;33m▄[38;2;129;15;14;48;2;114;102;81m▄[38;2;159;117;89;48;2;249;228;181m▄[0m
[38;2;154;86;106;48;2;153;95;110m▄[38;2;231;125;153;48;2;232;130;157m▄[38;2;233;128;155;48;2;232;128;156m▄[38;2;169;95;111;48;2;222;122;146m▄[38;2;187;139;79;48;2;186;137;81m▄[38;2;227;172;98;48;2;228;171;98m▄[38;2;228;171;98;48;2;228;172;99m▄[38;2;183;135;84;48;2;229;172;99m▄[38;2;178;108;101;48;2;229;171;97m▄[38;2;219;117;143;48;2;186;136;87m▄[38;2;233;127;154;48;2;194;112;122m▄[48;2;232;125;154m▄[38;2;233;128;153;48;2;232;127;154m▄[38;2;233;126;153;48;2;231;125;152m▄[38;2;235;129;155m▄[38;2;233;129;154;48;2;230;125;152m▄[38;2;231;132;155;48;2;207;120;139m▄[0m[38;2;132;80;92m▄       [0m [38;2;49;9;10;48;2;52;26;28m▄[38;2;2;2;3;48;2;93;6;9m▄[38;2;1;4;5;48;2;86;7;8m▄[38;2;3;6;6;48;2;115;7;9m▄[0m
[38;2;227;122;151;48;2;112;74;82m▄[38;2;193;104;125;48;2;201;111;133m▄[38;2;206;109;131;48;2;232;126;153m▄[38;2;232;130;155;48;2;222;118;143m▄[38;2;169;105;100;48;2;184;132;80m▄[38;2;183;102;110;48;2;213;160;93m▄[38;2;230;124;151;48;2;182;117;104m▄[38;2;231;125;152;48;2;221;122;146m▄[38;2;220;120;143;48;2;232;124;153m▄[38;2;182;100;118;48;2;231;124;150m▄[38;2;187;100;121;48;2;232;125;151m▄[38;2;225;120;147;48;2;193;105;126m▄[38;2;233;125;154;48;2;187;103;121m▄[38;2;233;126;153;48;2;186;100;120m▄[38;2;234;128;155;48;2;193;107;126m▄[38;2;234;130;157;48;2;160;90;104m▄[38;2;191;106;125;48;2;211;115;137m▄[38;2;83;51;59;48;2;144;81;96m▄[0m[38;2;83;51;59m      [0m [38;2;103;9;11;48;2;60;21;22m▄[38;2;3;3;4;48;2;41;4;6m▄[48;2;0;4;5m [48;2;1;3;4m [48;2;1;4;5m [0m
[38;2;210;119;140;48;2;231;127;155m▄[38;2;231;126;154;48;2;232;130;157m▄[38;2;232;125;155;48;2;207;119;140m▄[38;2;186;107;128;48;2;197;111;130m▄[38;2;132;131;135;48;2;127;89;98m▄[38;2;229;128;153;48;2;227;125;149m▄[38;2;231;126;153;48;2;187;100;120m▄[38;2;231;125;152;48;2;186;103;121m▄[38;2;232;126;153;48;2;200;111;132m▄[48;2;232;125;152m▄[38;2;232;126;152;48;2;232;124;152m▄[38;2;232;126;153;48;2;232;125;152m▄[48;2;233;126;153m▄[38;2;232;127;153;48;2;233;127;153m▄[38;2;233;127;154;48;2;233;128;154m▄[38;2;233;127;155;48;2;234;128;156m▄[38;2;234;128;155;48;2;235;127;154m▄[38;2;200;118;138;48;2;97;60;68m▄[0m [38;2;10;10;10m    [38;2;70;24;25m▄[38;2;137;7;12;48;2;105;17;19m▄[38;2;32;4;6;48;2;63;3;5m▄[38;2;0;4;6;48;2;1;3;4m▄[48;2;0;4;5m [38;2;0;3;4;48;2;1;3;3m▄[48;2;0;3;4m [0m
[38;2;165;99;115;48;2;190;102;123m▄[38;2;234;138;160;48;2;231;128;153m▄[38;2;234;126;153;48;2;233;131;156m▄[38;2;213;114;138;48;2;172;112;127m▄[38;2;208;118;139;48;2;121;103;110m▄[38;2;232;126;152;48;2;232;127;154m▄[48;2;232;128;153m▄[38;2;232;127;153;48;2;232;126;153m▄[38;2;233;128;154;48;2;232;125;152m▄[38;2;232;127;153;48;2;232;126;153m▄  [38;2;234;128;154;48;2;232;127;153m▄[38;2;233;128;153;48;2;233;128;154m▄[38;2;229;133;157;48;2;233;128;155m▄[38;2;178;110;126;48;2;234;129;155m▄[0m[7m[38;2;235;129;155m▄[38;2;226;127;152m▄[0m [38;2;0;0;0m    [0m [7m[38;2;91;25;29m▄[38;2;13;16;17m▄[38;2;3;9;10m▄[0m[38;2;34;35;37;48;2;0;2;3m▄[38;2;73;74;89;48;2;0;1;1m▄[38;2;62;64;73;48;2;0;4;4m▄[0m
[?25h