[?25l[0m [38;2;0;0;0m        [0m [38;2;214;183;126m▄[38;2;244;207;142;48;2;87;75;54m▄[38;2;244;207;143;48;2;146;126;89m▄[38;2;244;208;143;48;2;172;147;102m▄[38;2;244;208;144;48;2;168;144;101m▄[38;2;244;207;144;48;2;128;111;78m▄[0m[38;2;244;207;143m▄[38;2;223;190;131m▄[38;2;128;110;78m▄[0m [38;2;18;16;12m          [0m
 [38;2;0;0;0m       [38;2;137;117;82m▄[38;2;244;207;142;48;2;227;193;132m▄[48;2;244;207;143m▄ [38;2;244;207;143;48;2;245;208;144m▄[48;2;244;208;144m▄▄[48;2;244;207;144m▄[48;2;244;207;143m [48;2;244;208;144m▄[48;2;244;207;143m [48;2;220;188;130m▄[0m[38;2;243;206;142m▄[38;2;127;109;76m▄[0m [38;2;4;4;4m       [0m
 [38;2;0;0;0m      [0m [38;2;228;193;132;48;2;200;171;118m▄[48;2;244;207;142m [38;2;214;178;117;48;2;208;173;114m▄[48;2;239;202;138m [38;2;244;207;142;48;2;244;207;143m▄[48;2;244;207;142m [48;2;244;207;143m       [38;2;244;207;143;48;2;244;208;143m▄[38;2;233;198;135;48;2;136;118;83m▄[0m[38;2;123;105;73m▄[0m [38;2;24;21;16m     [0m
 [38;2;0;0;0m      [0m [38;2;214;182;125;48;2;230;195;134m▄[38;2;226;190;129;48;2;224;188;126m▄[38;2;232;195;132;48;2;234;197;133m▄[38;2;244;206;142;48;2;244;206;141m▄[38;2;244;207;143;48;2;244;206;142m▄[48;2;244;207;143m [38;2;211;181;125m▄[38;2;242;205;140;48;2;221;189;130m▄[38;2;244;207;142;48;2;224;191;131m▄[48;2;243;206;142m▄[48;2;244;207;142m [38;2;244;206;142;48;2;244;207;143m▄[38;2;244;207;142m▄▄[48;2;244;206;142m [38;2;236;201;139;48;2;243;206;141m▄[38;2;212;179;121;48;2;204;174;119m▄[0m[38;2;111;96;67m▄[0m [38;2;3;3;3m   [0m
 [38;2;0;0;0m       [38;2;130;111;77;48;2;180;153;107m▄[38;2;244;206;141;48;2;244;207;142m▄[38;2;244;207;142;48;2;244;207;143m▄[38;2;244;206;142m▄[38;2;244;206;141;48;2;244;207;142m▄[38;2;244;207;142;48;2;244;207;143m▄[38;2;231;197;135;48;2;243;206;142m▄[38;2;228;194;132;48;2;226;193;132m▄[38;2;244;207;142;48;2;217;185;126m▄[38;2;241;204;140;48;2;222;189;129m▄[38;2;212;185;132;48;2;236;199;136m▄[38;2;216;188;133;48;2;244;207;142m▄[38;2;243;206;141m▄[38;2;244;207;142;48;2;244;206;142m▄[48;2;244;207;142m  [38;2;213;184;130;48;2;244;207;141m▄[38;2;191;189;161;48;2;244;207;142m▄[38;2;178;196;186;48;2;96;83;59m▄[0m[38;2;122;139;137m▄[0m [38;2;19;21;21m [0m
 [38;2;0;0;0m       [0m [38;2;227;192;132;48;2;244;206;141m▄[38;2;244;207;142m▄▄[48;2;244;207;141m▄[48;2;244;207;142m [38;2;232;199;138m▄[38;2;175;206;192;48;2;234;199;137m▄[38;2;176;207;203;48;2;184;177;140m▄[38;2;211;240;236;48;2;179;197;187m▄[38;2;210;240;236;48;2;208;239;235m▄[38;2;209;238;235;48;2;208;238;234m▄[38;2;210;240;236;48;2;191;204;187m▄[38;2;190;198;177;48;2;230;197;139m▄[38;2;238;202;139;48;2;245;207;142m▄[38;2;157;193;184;48;2;195;189;151m▄[38;2;195;224;220;48;2;166;197;193m▄[38;2;209;240;236;48;2;210;240;236m▄[38;2;188;216;212m▄[38;2;205;234;231;48;2;209;240;236m▄[38;2;208;240;235;48;2;169;193;190m▄[0m [0m
 [38;2;0;0;0m        [7m[38;2;151;129;90m▄[0m[38;2;242;205;140;48;2;244;207;142m▄[38;2;224;190;130m▄[38;2;213;181;123m▄[38;2;218;186;127m▄[38;2;174;181;154;48;2;194;190;153m▄[38;2;167;209;203;48;2;169;210;204m▄[38;2;205;234;230;48;2;203;233;229m▄[38;2;208;238;234;48;2;210;240;236m▄[38;2;203;232;228;48;2;189;216;212m▄[38;2;184;210;207;48;2;201;230;226m▄[38;2;209;239;235;48;2;206;235;232m▄[38;2;194;223;219;48;2;193;222;218m▄[38;2;229;193;131;48;2;201;171;116m▄[38;2;242;205;140;48;2;158;174;155m▄[38;2;194;188;155;48;2;200;229;225m▄[38;2;206;236;232;48;2;204;235;231m▄[38;2;207;238;233;48;2;199;228;224m▄[38;2;209;240;236;48;2;188;215;212m▄[38;2;190;218;214;48;2;208;240;235m▄[0m [0m
 [38;2;0;0;0m       [38;2;115;99;69m▄[38;2;215;183;124;48;2;188;160;112m▄[38;2;214;183;125;48;2;196;167;113m▄[38;2;244;206;141;48;2;227;193;132m▄[38;2;244;207;142;48;2;244;207;141m▄[38;2;244;207;143;48;2;244;207;142m▄[38;2;239;203;140;48;2;198;188;147m▄[38;2;179;197;177;48;2;188;232;226m▄[38;2;176;217;211;48;2;177;207;203m▄[38;2;184;213;209;48;2;210;240;236m▄[38;2;210;240;236;48;2;209;239;235m▄[38;2;209;240;235;48;2;209;240;236m▄[38;2;191;206;192m▄[38;2;223;192;135;48;2;190;199;180m▄[38;2;240;204;140;48;2;244;206;141m▄[38;2;244;207;143;48;2;244;207;142m▄ [38;2;237;201;137;48;2;190;185;155m▄[38;2;205;175;119;48;2;197;226;222m▄[38;2;219;186;127;48;2;186;208;200m▄[0m [38;2;5;5;5m [0m
 [38;2;0;0;0m       [0m [38;2;115;99;69;48;2;220;188;129m▄[38;2;211;180;123;48;2;233;197;134m▄[38;2;244;206;141;48;2;243;206;141m▄[48;2;244;206;142m [48;2;244;207;143m [48;2;244;207;142m [38;2;244;206;142;48;2;240;203;139m▄[38;2;222;188;128;48;2;208;189;140m▄[38;2;217;184;125;48;2;206;190;141m▄[38;2;232;198;135;48;2;184;165;120m▄[38;2;244;206;141;48;2;213;187;135m▄[48;2;241;204;138m▄[38;2;214;181;124;48;2;207;175;118m▄[38;2;226;192;131;48;2;244;206;141m▄[48;2;244;207;142m [48;2;244;207;143m [48;2;244;207;142m [38;2;209;177;121;48;2;208;176;119m▄[38;2;180;155;108;48;2;180;154;109m▄[0m[38;2;180;155;108m  [0m
 [38;2;0;0;0m        [0m [38;2;107;91;63;48;2;180;153;106m▄[38;2;209;178;121;48;2;227;192;131m▄[38;2;230;196;135;48;2;244;206;142m▄[48;2;244;207;143m [38;2;244;207;143;48;2;244;207;142m▄▄[48;2;244;207;143m [38;2;216;184;126;48;2;244;207;142m▄[38;2;235;199;137;48;2;213;181;125m▄[38;2;244;207;143;48;2;244;207;142m▄▄▄[48;2;235;199;137m▄[38;2;244;208;143;48;2;214;182;125m▄[38;2;243;207;143;48;2;212;181;125m▄[38;2;210;179;123;48;2;242;206;141m▄[38;2;203;173;118;48;2;219;186;127m▄[38;2;219;186;128;48;2;110;95;67m▄[0m [38;2;8;8;7m [0m
 [38;2;0;0;0m         [0m [7m[38;2;225;192;131m▄[0m[38;2;105;90;64;48;2;242;205;141m▄[38;2;243;206;141;48;2;236;200;137m▄[48;2;244;207;142m [38;2;242;205;141;48;2;244;207;143m▄[38;2;212;181;124;48;2;222;189;130m▄[38;2;153;130;89;48;2;229;195;133m▄[38;2;0;0;0;48;2;233;197;135m▄[38;2;32;27;18;48;2;243;207;141m▄[38;2;112;96;65;48;2;244;207;143m▄[38;2;185;157;107;48;2;244;207;142m▄[38;2;236;201;138;48;2;244;207;143m▄[38;2;245;208;143m▄[38;2;245;208;142;48;2;244;208;143m▄[38;2;245;208;144;48;2;244;207;143m▄[38;2;244;208;144m▄[38;2;244;207;143;48;2;244;207;142m▄[38;2;243;206;142;48;2;119;102;72m▄[0m[38;2;123;107;76m▄[0m
 [38;2;0;0;0m         [0m  [38;2;112;97;69;48;2;77;67;49m▄[48;2;244;206;141m  [38;2;233;197;134;48;2;215;182;125m▄[38;2;244;206;142;48;2;242;206;141m▄[38;2;244;207;143;48;2;200;167;116m▄[38;2;222;182;128;48;2;141;63;64m▄[38;2;200;131;104;48;2;84;35;38m▄[38;2;167;92;81;48;2;30;12;13m▄[38;2;44;38;25;48;2;0;0;0m▄[38;2;205;174;119;48;2;155;131;89m▄[38;2;118;101;71;48;2;94;81;57m▄[0m [7m[38;2;91;80;56m▄[38;2;138;120;85m▄[38;2;178;153;108m▄[38;2;167;144;101m▄[0m [0m
 [38;2;0;0;0m        [0m   [38;2;192;177;129;48;2;172;148;104m▄[38;2;215;183;124;48;2;231;196;134m▄[38;2;243;205;140;48;2;244;206;141m▄ [38;2;244;207;141m▄[38;2;244;207;142;48;2;244;206;142m▄[48;2;244;207;142m [48;2;244;206;142m [48;2;244;207;142m [38;2;218;185;127;48;2;243;206;141m▄[0m[7m[38;2;238;201;137m▄[38;2;106;91;65m▄[0m[38;2;0;1;1m      [0m
 [38;2;0;0;0m      [0m   [38;2;0;0;0m [0m [38;2;154;195;171;48;2;149;178;152m▄[38;2;155;177;148;48;2;197;170;117m▄[38;2;229;197;136;48;2;244;207;141m▄[38;2;215;183;126;48;2;241;205;140m▄[38;2;244;206;141;48;2;231;195;133m▄[38;2;244;207;142;48;2;244;206;142m▄▄[38;2;243;206;141;48;2;244;207;142m▄[38;2;152;167;135;48;2;236;200;137m▄[0m   [38;2;1;1;1m      [0m
 [38;2;0;0;0m   [0m     [38;2;10;10;10m  [0m [38;2;125;155;137;48;2;144;182;160m▄[38;2;154;194;170;48;2;154;194;171m▄[38;2;153;194;170;48;2;149;178;152m▄[38;2;152;193;169;48;2;182;169;124m▄[38;2;145;172;145;48;2;242;206;141m▄[38;2;172;177;140;48;2;223;190;130m▄[38;2;181;182;141;48;2;244;207;142m▄[38;2;151;172;144;48;2;203;179;126m▄[38;2;143;182;159;48;2;136;173;152m▄[0m    [38;2;12;12;12m     [0m
 [38;2;0;0;0m [0m   [38;2;0;0;0m   [0m  [38;2;5;5;5m  [38;2;62;77;68;48;2;80;101;89m▄[38;2;141;178;157;48;2;147;185;163m▄[38;2;138;174;153;48;2;154;194;170m▄[48;2;154;194;171m [48;2;153;193;170m [38;2;154;194;170m▄▄[38;2;147;185;163;48;2;152;193;170m▄[38;2;131;166;146;48;2;112;141;124m▄[0m [38;2;9;9;9m [0m    [38;2;10;10;10m   [0m
    [38;2;0;0;0m    [0m  [38;2;12;12;12m  [0m [38;2;138;174;153;48;2;154;194;170m▄[38;2;154;194;170;48;2;153;193;170m▄[48;2;136;172;151m▄[38;2;153;194;170;48;2;139;174;153m▄[38;2;154;194;170;48;2;135;170;150m▄[38;2;153;194;170;48;2;137;173;152m▄[48;2;141;178;157m▄[48;2;152;192;169m▄[0m [38;2;59;73;65m [0m  [38;2;6;6;6m [0m  [38;2;12;12;12m  [0m
  [38;2;11;11;11m       [0m  [38;2;6;6;6m  [38;2;63;78;69;48;2;104;130;114m▄[38;2;153;193;169;48;2;154;193;170m▄[38;2;154;194;170m▄[38;2;153;194;170;48;2;153;193;170m▄▄[38;2;154;194;170;48;2;153;193;169m▄[48;2;153;194;170m▄[38;2;154;194;171;48;2;154;194;170m▄[38;2;104;129;114;48;2;80;100;89m▄[0m[38;2;104;129;114m [0m [38;2;0;0;0m   [0m  [38;2;11;11;11m [0m
  [38;2;0;0;0m     [0m  [38;2;1;1;1m [0m  [38;2;1;1;1m [0m [38;2;129;162;142;48;2;152;192;168m▄[38;2;154;193;170;48;2;154;194;170m▄[48;2;153;193;170m▄[48;2;154;194;170m [38;2;154;194;170;48;2;154;194;171m▄  [38;2;133;167;148;48;2;119;148;131m▄[0m [38;2;3;3;3m [0m  [38;2;4;4;4m  [0m  [0m
 [38;2;13;13;13m      [0m  [38;2;2;2;2m [0m  [38;2;15;15;15m  [7m[38;2;88;109;97m▄[0m[38;2;154;193;170;48;2;153;193;170m▄[38;2;153;193;170;48;2;154;193;170m▄[48;2;154;194;170m▄[38;2;154;193;170m▄ [48;2;154;194;171m [38;2;146;185;162;48;2;139;177;156m▄[0m [38;2;6;6;6m [0m   [38;2;1;1;1m [0m  [0m
 [38;2;0;0;0m      [0m  [38;2;4;4;4m  [0m  [38;2;11;11;11m [0m [38;2;95;117;105;48;2;147;183;162m▄[38;2;121;150;134;48;2;155;194;171m▄[38;2;119;148;131;48;2;154;194;170m▄[38;2;111;137;122;48;2;154;194;171m▄[38;2;100;124;110;48;2;154;194;170m▄[38;2;90;113;100m▄[0m[7m[38;2;150;189;166m▄[0m [38;2;4;4;4m [0m   [38;2;0;0;0m  [0m [0m
[?25h