[?25l[0m [38;2;0;0;0m             [0m  [38;2;93;83;62m▄[38;2;163;142;101m▄[38;2;172;145;93m▄[38;2;173;145;92m▄[38;2;167;142;95m▄[38;2;146;128;92m▄[38;2;82;75;61m▄[0m  [38;2;1;1;1m     [0m
 [38;2;0;0;0m           [0m [38;2;93;83;65m▄[38;2;237;194;119;48;2;89;80;63m▄[38;2;246;200;122;48;2;207;172;111m▄[38;2;247;200;124;48;2;246;200;122m▄[48;2;246;200;124m▄[38;2;247;199;123;48;2;245;199;123m▄[38;2;247;199;121;48;2;246;199;123m▄[48;2;245;199;123m▄[38;2;246;200;123;48;2;246;198;122m▄[38;2;248;201;126;48;2;246;200;124m▄[38;2;248;202;127;48;2;200;167;107m▄[38;2;247;203;126;48;2;124;110;82m▄[0m[38;2;193;160;103m▄[38;2;72;65;52m▄[0m [38;2;5;5;5m  [0m
 [38;2;0;0;0m           [38;2;103;89;63m▄[38;2;245;200;123;48;2;215;177;112m▄[48;2;247;200;123m [38;2;247;200;123;48;2;247;200;124m▄[38;2;245;198;122;48;2;247;201;125m▄[38;2;195;159;97;48;2;246;199;123m▄[48;2;246;198;119m▄[38;2;244;198;122;48;2;247;199;120m▄[38;2;248;201;124;48;2;247;200;122m▄[48;2;247;200;124m▄[38;2;247;200;123m▄[38;2;247;200;124;48;2;248;200;125m▄[48;2;247;200;125m [38;2;248;201;126;48;2;248;201;125m▄[38;2;248;202;127;48;2;234;192;123m▄[38;2;246;201;127;48;2;115;100;74m▄[0m[38;2;151;130;91m▄[0m [0m
 [38;2;0;0;0m          [0m [38;2;204;165;99;48;2;174;146;95m▄[38;2;247;199;118;48;2;246;199;118m▄[38;2;247;201;122;48;2;247;199;121m▄[38;2;247;200;122;48;2;247;199;120m▄[38;2;247;199;121;48;2;238;191;114m▄[38;2;230;189;118;48;2;186;153;94m▄[38;2;229;189;119;48;2;189;156;98m▄[38;2;247;201;124;48;2;239;196;122m▄[38;2;247;200;124;48;2;248;201;124m▄[48;2;247;201;124m▄[38;2;248;200;124;48;2;247;200;124m▄[38;2;248;201;125m▄[38;2;247;201;125;48;2;248;201;124m▄[48;2;248;201;125m [38;2;247;200;124;48;2;248;201;126m▄[48;2;247;201;125m  [38;2;247;202;128;48;2;157;132;89m▄[0m
 [38;2;0;0;0m          [0m [38;2;218;181;113;48;2;215;177;106m▄[38;2;248;201;125;48;2;247;200;120m▄[48;2;248;202;125m [38;2;226;185;116;48;2;242;198;123m▄[38;2;191;155;95;48;2;222;182;113m▄[38;2;245;199;124;48;2;247;201;126m▄[38;2;247;200;124m▄[38;2;246;200;125;48;2;247;200;124m▄[38;2;247;200;124;48;2;247;200;123m▄[38;2;247;201;125;48;2;247;200;124m▄[38;2;247;201;126;48;2;248;201;125m▄[38;2;248;201;125;48;2;248;201;126m▄[38;2;247;200;124m▄[48;2;247;200;124m [38;2;247;201;125m▄[38;2;247;201;126m▄[38;2;248;202;127;48;2;247;201;126m▄[38;2;248;202;128;48;2;247;203;129m▄[0m
 [38;2;0;0;0m          [0m [38;2;177;147;94;48;2;204;166;103m▄[38;2;247;199;120;48;2;247;202;126m▄[38;2;247;200;122;48;2;248;202;125m▄[38;2;247;200;124;48;2;247;201;125m▄[48;2;239;193;119m▄[48;2;247;199;124m▄[38;2;247;200;125;48;2;247;200;124m▄[38;2;247;201;126;48;2;247;200;125m▄[38;2;248;202;129;48;2;247;201;126m▄[38;2;220;182;116;48;2;247;201;127m▄[38;2;206;171;109;48;2;226;187;117m▄[38;2;244;202;126;48;2;192;158;97m▄[38;2;244;198;120;48;2;209;170;103m▄[48;2;246;199;123m [38;2;247;201;125;48;2;247;200;124m▄[48;2;247;201;125m [38;2;247;201;126;48;2;248;201;126m▄[38;2;247;201;125m▄[0m
 [38;2;0;0;0m          [0m [38;2;101;89;66;48;2;147;126;86m▄[38;2;246;201;126;48;2;246;199;120m▄[38;2;247;200;124;48;2;247;199;121m▄[48;2;247;199;123m [38;2;247;199;124;48;2;247;200;124m▄[38;2;247;200;125m▄[38;2;248;201;126;48;2;247;201;125m▄[48;2;247;201;126m [38;2;247;200;125;48;2;247;201;127m▄[38;2;247;199;123;48;2;248;203;129m▄[38;2;209;172;106;48;2;247;205;133m▄[38;2;184;154;96;48;2;247;207;132m▄[38;2;193;162;103;48;2;239;198;122m▄[38;2;203;169;108;48;2;232;193;123m▄[38;2;229;186;114;48;2;243;199;127m▄[38;2;247;198;120;48;2;247;201;125m▄[38;2;247;199;121;48;2;247;200;124m▄[38;2;247;200;122;48;2;247;201;124m▄[0m
 [38;2;0;0;0m           [7m[38;2;58;55;47m▄[0m[38;2;199;163;106;48;2;241;197;124m▄[38;2;247;201;126;48;2;247;200;125m▄[38;2;247;200;125;48;2;247;200;124m▄[38;2;247;201;125;48;2;247;199;124m▄[38;2;247;200;125;48;2;246;200;125m▄[48;2;247;201;126m [38;2;248;202;126;48;2;247;202;127m▄[38;2;247;201;125;48;2;247;200;126m▄[38;2;247;199;122;48;2;231;185;112m▄[38;2;246;197;117;48;2;214;174;105m▄[38;2;225;182;107;48;2;245;201;126m▄[38;2;173;157;109;48;2;246;202;130m▄[38;2;126;121;92;48;2;247;203;129m▄[38;2;143;149;131;48;2;244;198;118m▄[38;2;167;191;181;48;2;227;181;105m▄[38;2;166;195;186;48;2;224;180;106m▄[38;2;161;170;151;48;2;244;198;120m▄[0m
 [38;2;0;0;0m           [0m [38;2;60;53;42;48;2;148;125;90m▄[38;2;243;197;119;48;2;246;199;123m▄[38;2;247;201;125;48;2;247;201;126m▄[38;2;248;202;127;48;2;248;201;126m▄[48;2;247;201;126m▄[38;2;247;201;126;48;2;247;201;125m▄[48;2;247;202;126m▄[38;2;247;202;127;48;2;248;202;127m▄[38;2;242;199;126;48;2;248;203;128m▄[38;2;152;178;160;48;2;201;172;110m▄[38;2;158;203;192;48;2;140;174;160m▄[38;2;134;161;155;48;2;145;181;173m▄[38;2;194;226;218;48;2;167;194;188m▄[38;2;198;228;221;48;2;202;229;223m▄[38;2;204;230;224;48;2;203;229;223m▄[38;2;158;177;172;48;2;203;229;221m▄[38;2;195;221;215;48;2;201;229;221m▄[0m
 [38;2;0;0;0m            [0m [38;2;133;116;82;48;2;205;167;104m▄[38;2;234;190;115;48;2;246;199;121m▄[38;2;242;196;119;48;2;247;201;125m▄[38;2;239;198;125;48;2;247;202;127m▄[38;2;235;196;127;48;2;248;202;127m▄[38;2;234;194;124;48;2;247;201;125m▄[38;2;225;184;114;48;2;247;199;121m▄[38;2;175;160;111;48;2;212;184;118m▄[38;2;167;207;197;48;2;165;205;194m▄[38;2;171;208;198;48;2;171;209;198m▄[38;2;162;185;180;48;2;157;182;176m▄[38;2;203;232;226;48;2;200;229;223m▄[38;2;168;194;189;48;2;195;224;217m▄[38;2;187;221;216;48;2;146;166;162m▄[38;2;176;206;200;48;2;189;216;212m▄[38;2;154;176;172;48;2;197;224;217m▄[0m
 [38;2;0;0;0m           [38;2;101;90;72m▄[38;2;223;180;114;48;2;166;140;103m▄[38;2;187;150;94;48;2;213;173;114m▄[38;2;219;177;108;48;2;177;143;85m▄[38;2;228;184;110;48;2;166;135;81m▄[38;2;243;195;116;48;2;241;194;119m▄[38;2;245;197;121;48;2;245;199;124m▄[38;2;246;198;124;48;2;246;200;126m▄[38;2;246;200;126;48;2;246;201;127m▄[38;2;244;201;127;48;2;218;187;121m▄[38;2;147;168;148;48;2;162;204;192m▄[38;2;158;201;191;48;2;164;205;195m▄[38;2;132;162;155;48;2;141;165;160m▄[38;2;184;212;206;48;2;196;229;222m▄[38;2;199;229;222;48;2;197;229;222m▄[38;2;203;230;224;48;2;177;204;200m▄[38;2;203;230;225;48;2;165;188;184m▄[38;2;197;229;222;48;2;195;228;222m▄[0m
 [38;2;0;0;0m           [7m[38;2;93;81;62m▄[0m[38;2;204;165;104;48;2;214;171;100m▄[38;2;182;148;91;48;2;187;152;93m▄[38;2;245;202;129;48;2;184;149;89m▄[38;2;247;201;125;48;2;236;191;117m▄[38;2;247;199;123;48;2;246;198;122m▄[38;2;247;198;122m▄[48;2;246;198;123m▄[48;2;247;199;124m▄[38;2;246;198;122;48;2;247;201;127m▄[38;2;246;201;127;48;2;202;170;113m▄[38;2;227;188;123;48;2;141;169;153m▄[38;2;179;159;111;48;2;166;203;190m▄[38;2;174;153;110;48;2;134;161;150m▄[38;2;152;127;84;48;2;174;201;192m▄[38;2;129;118;85;48;2;200;228;221m▄[38;2;172;159;120;48;2;206;231;225m▄[38;2;188;161;112;48;2;199;226;219m▄[0m
 [38;2;0;0;0m            [7m[38;2;90;78;60m▄[0m[38;2;198;161;98;48;2;219;179;111m▄[38;2;177;144;85;48;2;208;169;102m▄[38;2;246;197;116;48;2;246;199;121m▄[38;2;246;198;121;48;2;246;198;122m▄[38;2;247;199;124;48;2;246;198;123m▄[38;2;247;200;125;48;2;247;199;123m▄[38;2;248;200;125;48;2;247;199;124m▄[38;2;247;200;125m▄[38;2;246;197;121;48;2;224;182;114m▄[38;2;235;190;113;48;2;194;161;101m▄[38;2;195;160;96;48;2;224;184;119m▄[38;2;211;175;108;48;2;215;176;114m▄[38;2;245;202;130;48;2;181;149;94m▄[38;2;247;202;129;48;2;209;170;104m▄[38;2;200;162;96;48;2;245;195;115m▄[38;2;245;197;120;48;2;246;199;122m▄[0m
 [38;2;0;0;0m            [0m [38;2;141;120;85;48;2;166;141;96m▄[38;2;214;178;114;48;2;181;148;90m▄[38;2;201;167;106;48;2;245;199;123m▄[38;2;248;203;130;48;2;248;201;126m▄[38;2;247;200;124;48;2;248;201;125m▄[38;2;247;199;122;48;2;247;200;124m▄[38;2;247;198;122;48;2;247;199;124m▄[38;2;247;199;123m▄[38;2;247;200;126m▄[38;2;247;200;127;48;2;246;198;122m▄▄[38;2;247;197;123;48;2;247;198;124m▄[38;2;222;178;109;48;2;247;201;129m▄[38;2;190;155;93;48;2;209;173;109m▄[38;2;247;201;125;48;2;218;181;115m▄[48;2;246;202;128m▄[0m
 [38;2;0;0;0m           [0m [38;2;57;57;57m▄[7m[38;2;95;83;61m▄[0m[38;2;126;106;70;48;2;245;204;134m▄[38;2;173;143;90;48;2;247;204;132m▄[38;2;220;179;109;48;2;204;167;104m▄[38;2;246;198;120;48;2;247;199;121m▄[38;2;247;200;125;48;2;247;199;123m▄[38;2;247;199;125m▄[48;2;247;199;124m [38;2;247;198;120;48;2;247;200;126m▄[38;2;198;162;99;48;2;248;202;130m▄[38;2;189;162;101;48;2;247;204;134m▄[38;2;231;195;128;48;2;195;162;103m▄[38;2;248;204;132;48;2;198;164;102m▄[38;2;247;202;126;48;2;245;198;118m▄[38;2;247;200;124;48;2;246;199;121m▄[38;2;247;200;123;48;2;247;200;122m▄[0m
 [38;2;0;0;0m         [0m    [38;2;109;112;101m▄[38;2;234;189;113;48;2;176;148;97m▄[38;2;245;197;116;48;2;246;200;124m▄[38;2;230;184;108;48;2;245;197;120m▄[38;2;246;198;120;48;2;246;199;121m▄[38;2;246;200;123;48;2;247;200;125m▄[38;2;247;201;126;48;2;248;201;128m▄[38;2;205;166;102;48;2;247;202;129m▄[38;2;232;191;122;48;2;181;149;90m▄[38;2;245;198;122;48;2;223;183;112m▄[38;2;174;140;81;48;2;207;171;105m▄[38;2;220;179;107;48;2;212;178;112m▄[38;2;230;187;113;48;2;205;171;105m▄[38;2;235;193;121;48;2;213;177;109m▄[38;2;237;198;130;48;2;203;169;105m▄[38;2;211;176;115;48;2;219;182;115m▄[0m
 [38;2;0;0;0m       [0m [38;2;49;48;49m▄[7m[38;2;65;65;65m▄[0m [38;2;0;0;0m [38;2;105;118;113;48;2;56;63;60m▄[38;2;148;144;107;48;2;154;137;94m▄[38;2;228;190;120;48;2;246;200;121m▄[38;2;194;159;97;48;2;215;176;106m▄[38;2;246;201;127;48;2;230;187;117m▄[38;2;246;199;123;48;2;246;200;125m▄[38;2;229;186;112;48;2;246;198;121m▄[38;2;245;197;119;48;2;245;198;120m▄[38;2;246;198;122;48;2;217;175;105m▄[38;2;246;198;123;48;2;245;197;121m▄[38;2;246;199;125;48;2;245;198;121m▄[38;2;246;200;126;48;2;245;197;121m▄▄[38;2;246;200;124;48;2;245;199;123m▄[38;2;246;199;123;48;2;245;199;125m▄[38;2;246;200;126;48;2;246;201;128m▄[38;2;190;158;108;48;2;247;203;133m▄[0m
 [38;2;0;0;0m    [0m [38;2;53;53;53m▄[0m  [38;2;55;55;55;48;2;46;46;46m▄[0m [38;2;0;0;0m [0m [38;2;119;138;129;48;2;93;112;103m▄[38;2;144;182;163;48;2;126;147;128m▄[38;2;141;126;86;48;2;172;141;86m▄[38;2;246;198;119;48;2;244;197;117m▄[38;2;217;178;109;48;2;244;196;116m▄[38;2;209;172;107;48;2;214;173;104m▄[38;2;245;200;125;48;2;202;167;103m▄[38;2;246;198;123;48;2;246;198;121m▄ [38;2;246;200;124;48;2;246;199;124m▄[38;2;246;201;128;48;2;246;200;126m▄[38;2;248;203;131;48;2;247;201;127m▄[38;2;248;203;130;48;2;247;200;126m▄[38;2;246;201;127;48;2;247;199;124m▄[38;2;194;163;110;48;2;246;198;122m▄[0m[7m[38;2;194;160;107m▄[0m [0m
 [38;2;0;0;0m  [0m    [38;2;0;0;0m [0m  [38;2;40;40;40m  [0m [38;2;119;140;129;48;2;121;141;131m▄[38;2;149;188;166;48;2;145;185;163m▄[38;2;153;191;170;48;2;130;160;138m▄[38;2;130;153;129;48;2;207;174;112m▄[38;2;170;143;91;48;2;197;160;99m▄[38;2;246;202;128;48;2;246;202;129m▄[38;2;247;201;126;48;2;246;199;123m▄[38;2;246;200;122;48;2;245;197;120m▄[38;2;203;162;96;48;2;245;198;122m▄[38;2;211;172;107;48;2;219;179;112m▄[38;2;226;181;109;48;2;212;173;109m▄[38;2;67;58;44;48;2;235;194;125m▄[0m[7m[38;2;166;143;103m▄[38;2;94;85;67m▄[0m [38;2;0;0;0m  [0m
  [38;2;49;49;49m▄[0m [38;2;0;0;0m    [0m  [38;2;12;12;12m   [38;2;76;85;80;48;2;83;100;90m▄[38;2;136;170;152;48;2;156;192;172m▄[38;2;149;188;167;48;2;154;192;170m▄[38;2;149;188;166;48;2;151;190;169m▄[38;2;149;187;166;48;2;129;157;134m▄[38;2;147;184;163;48;2;158;141;95m▄[38;2;130;152;130;48;2;239;199;126m▄[38;2;126;133;104;48;2;242;201;129m▄[38;2;151;151;114;48;2;188;154;96m▄[38;2;134;144;116;48;2;241;197;123m▄[38;2;116;138;129;48;2;136;131;106m▄[0m   [38;2;22;22;22m   [0m
 [7m[38;2;46;46;46m▄[0m [38;2;0;0;0m     [0m  [38;2;30;30;30m   [38;2;50;58;54;48;2;63;76;71m▄[38;2;158;194;175;48;2;123;154;137m▄[38;2;135;167;148;48;2;140;175;156m▄[38;2;141;175;155;48;2;153;190;169m▄[38;2;155;191;170;48;2;152;189;169m▄[38;2;150;187;166;48;2;151;189;168m▄[38;2;149;187;166;48;2;150;188;167m▄[38;2;150;188;167;48;2;146;186;165m▄[38;2;151;189;168;48;2;145;187;165m▄[38;2;94;115;104;48;2;143;181;163m▄[0m[7m[38;2;61;68;65m▄[0m[38;2;3;3;3m [0m [38;2;56;55;56;48;2;87;87;88m▄[0m [38;2;38;38;38m  [0m
[?25h