[?25l[0m [38;2;83;72;53m▄[38;2;187;154;102m▄[38;2;225;183;117m▄[38;2;237;191;118m▄[38;2;233;189;119m▄[38;2;213;175;113m▄[38;2;173;142;93m▄[38;2;104;89;65m▄[0m  [38;2;1;1;1m                   [0m
[38;2;213;174;112;48;2;107;93;68m▄[38;2;238;193;123;48;2;235;190;119m▄[38;2;208;169;107;48;2;237;191;119m▄[38;2;193;158;101;48;2;239;193;122m▄[48;2;240;193;120m [38;2;240;192;119;48;2;239;192;120m▄[38;2;239;191;118;48;2;239;192;119m▄[38;2;239;191;119;48;2;238;191;118m▄[38;2;239;192;120;48;2;239;192;119m▄[48;2;213;173;108m▄[38;2;239;192;121;48;2;113;96;68m▄[0m[38;2;189;156;104m▄[0m  [38;2;0;0;0m                [0m
[38;2;239;195;125;48;2;238;194;122m▄[38;2;240;195;124;48;2;240;195;126m▄[38;2;237;193;122;48;2;203;166;108m▄[38;2;237;190;119;48;2;183;150;95m▄[38;2;239;191;119;48;2;239;192;119m▄[38;2;239;192;119;48;2;240;192;119m▄[38;2;239;192;120;48;2;239;192;118m▄[38;2;240;192;120;48;2;239;192;119m▄[38;2;239;192;121;48;2;239;192;120m▄[48;2;239;192;121m [38;2;239;192;120;48;2;240;192;121m▄[38;2;239;191;120;48;2;240;193;123m▄[38;2;239;192;120;48;2;208;169;107m▄[0m[38;2;181;149;99m▄[38;2;79;69;52m▄[0m [38;2;12;12;12m              [0m
[38;2;238;192;121;48;2;238;191;117m▄[38;2;238;190;118;48;2;235;190;119m▄[38;2;229;183;114;48;2;181;148;96m▄[38;2;239;192;120;48;2;238;191;119m▄[38;2;240;192;121;48;2;239;191;119m▄[48;2;240;192;120m [38;2;232;187;119;48;2;240;193;121m▄[38;2;188;152;96;48;2;240;193;122m▄[38;2;224;179;111;48;2;240;192;120m▄[48;2;239;191;119m [38;2;239;192;120m▄▄[38;2;239;192;121;48;2;239;193;121m▄[38;2;239;192;120;48;2;239;194;123m▄[38;2;225;179;111;48;2;241;196;122m▄[38;2;189;149;91;48;2;107;92;67m▄[0m[38;2;146;120;81m▄[0m [38;2;14;13;13m            [0m
[38;2;148;122;82;48;2;202;162;102m▄[38;2;239;192;120;48;2;239;191;119m▄[38;2;240;192;120m▄[38;2;239;192;120;48;2;239;192;121m▄[48;2;240;193;121m▄[48;2;240;192;120m▄[38;2;239;192;121;48;2;212;171;105m▄[38;2;202;163;104;48;2;237;189;114m▄[38;2;186;154;100;48;2;240;194;122m▄[38;2;218;178;115;48;2;242;197;127m▄[48;2;240;193;122m [38;2;239;192;119;48;2;240;192;120m▄[38;2;239;191;118;48;2;239;192;119m▄[38;2;238;190;118;48;2;239;191;119m▄[38;2;238;192;122;48;2;238;190;118m▄[38;2;239;194;125;48;2;238;191;120m▄[38;2;239;193;120;48;2;192;157;101m▄[38;2;220;177;107;48;2;67;58;44m▄[0m[38;2;87;74;56m▄           [0m
[7m[38;2;62;53;40m▄[0m[38;2;180;146;97;48;2;238;192;122m▄[38;2;240;193;121;48;2;240;193;120m▄[38;2;240;192;119;48;2;239;192;120m▄[38;2;240;192;120;48;2;239;192;119m▄[48;2;240;193;121m [38;2;240;194;122;48;2;241;196;126m▄[38;2;238;192;122;48;2;211;173;111m▄[38;2;141;134;98;48;2;239;194;123m▄[38;2;96;117;108;48;2;211;170;109m▄[38;2;183;215;208;48;2;166;148;108m▄[38;2;184;218;210;48;2;157;159;131m▄[38;2;189;220;211;48;2;165;159;125m▄[38;2;156;177;166;48;2;169;138;87m▄[38;2;209;169;104;48;2;238;192;120m▄[38;2;153;140;96;48;2;236;190;116m▄[38;2;111;145;130;48;2;185;150;94m▄[38;2;181;211;205;48;2;141;127;92m▄[38;2;184;217;209;48;2;144;152;135m▄[38;2;179;213;204;48;2;94;108;103m▄[0m[38;2;127;148;143m▄[0m [38;2;8;7;8m        [0m
 [7m[38;2;81;69;50m▄[0m[38;2;154;123;76;48;2;238;191;117m▄[38;2;171;140;88;48;2;240;194;122m▄[38;2;198;161;104;48;2;240;193;122m▄[38;2;202;163;100;48;2;239;191;118m▄[38;2;199;158;95;48;2;241;193;119m▄[38;2;134;134;101;48;2;180;156;104m▄[38;2;138;179;163;48;2;136;181;166m▄[38;2;176;201;193;48;2;152;181;172m▄[38;2;177;210;201;48;2;183;218;209m▄[38;2;180;214;205;48;2;157;192;183m▄[38;2;151;187;178;48;2;185;217;208m▄[38;2;181;217;207;48;2;186;219;211m▄[38;2;163;158;127;48;2;137;134;105m▄[38;2;122;121;92;48;2;120;141;121m▄[38;2;120;142;130;48;2;134;163;152m▄[38;2;175;213;204;48;2;186;218;210m▄[38;2;170;205;196;48;2;159;193;184m▄[38;2;167;200;191;48;2;175;209;200m▄[38;2;186;218;209;48;2;180;215;205m▄[0m [38;2;24;26;26m        [0m
 [38;2;130;109;78;48;2;73;65;52m▄[38;2;142;113;70;48;2;205;164;106m▄[38;2;147;116;71;48;2;185;147;90m▄[38;2;232;183;111;48;2;224;177;108m▄[38;2;238;191;119;48;2;238;189;117m▄[38;2;239;192;121;48;2;239;190;117m▄[38;2;225;182;114;48;2;161;146;101m▄[38;2;123;143;118;48;2;145;192;172m▄[38;2;128;164;145;48;2;140;166;157m▄[38;2;147;172;162;48;2;194;224;215m▄[38;2;179;211;200;48;2;168;204;193m▄[38;2;163;195;185;48;2;177;215;204m▄[38;2;151;147;121;48;2;180;215;205m▄[38;2;233;189;122;48;2;168;146;103m▄[38;2;238;193;122;48;2;237;188;115m▄[38;2;238;191;120;48;2;222;178;111m▄[38;2;231;186;115;48;2;151;149;120m▄[38;2;129;131;111;48;2;182;215;206m▄[38;2;118;128;116;48;2;189;222;213m▄[0m[7m[38;2;143;162;156m▄[0m [38;2;0;0;0m        [0m
  [38;2;104;88;67;48;2;190;150;92m▄[38;2;169;136;88;48;2;194;155;99m▄[38;2;239;190;117;48;2;234;188;118m▄[38;2;238;191;118;48;2;238;191;117m▄[38;2;239;192;120;48;2;238;191;118m▄[38;2;239;191;120;48;2;239;193;122m▄[38;2;218;175;110;48;2;229;186;117m▄[38;2;183;149;93;48;2;167;142;92m▄[38;2;170;137;85;48;2;157;131;85m▄[38;2;226;184;118;48;2;140;113;71m▄[38;2;192;156;100;48;2;203;162;100m▄[38;2;230;186;121;48;2;237;193;127m▄[38;2;165;132;81;48;2;173;141;91m▄[38;2;208;164;98;48;2;231;186;116m▄[38;2;234;187;117;48;2;239;191;118m▄[38;2;240;196;127;48;2;238;192;120m▄[38;2;201;165;108;48;2;190;154;96m▄[0m[7m[38;2;125;104;73m▄[0m[38;2;34;32;30m          [0m
 [38;2;0;0;0m [0m [38;2;197;160;101;48;2;172;141;91m▄[38;2;219;177;113;48;2;215;172;106m▄[38;2;221;180;116;48;2;239;193;122m▄[38;2;239;192;119;48;2;239;191;118m▄[38;2;239;191;118;48;2;239;190;117m▄[48;2;238;191;119m [38;2;239;192;121;48;2;238;192;122m▄[38;2;237;192;123;48;2;237;190;119m▄[38;2;170;138;86;48;2;235;189;118m▄[38;2;228;182;114;48;2;178;141;88m▄[38;2;238;190;119;48;2;237;189;116m▄[48;2;234;186;114m▄[38;2;239;191;120;48;2;215;173;108m▄[38;2;238;191;120;48;2;186;150;94m▄[38;2;212;169;103;48;2;200;161;101m▄[38;2;187;150;91;48;2;203;162;98m▄[0m[38;2;135;112;76m▄[0m [38;2;1;1;1m         [0m
 [38;2;0;0;0m  [7m[38;2;61;54;42m▄[0m[38;2;146;118;78;48;2;148;120;78m▄[38;2;238;190;118;48;2;214;172;108m▄[38;2;239;191;119;48;2;239;193;121m▄[38;2;240;193;122;48;2;239;192;121m▄[38;2;238;194;123;48;2;239;191;120m▄[38;2;177;142;90;48;2;216;172;105m▄[38;2;162;129;79;48;2;168;133;81m▄[38;2;185;148;87;48;2;233;187;115m▄[38;2;189;152;95;48;2;239;192;122m▄[38;2;191;154;98;48;2;239;192;120m▄[38;2;226;181;112;48;2;238;189;117m▄[38;2;200;160;99;48;2;238;190;119m▄[38;2;182;146;90;48;2;237;190;119m▄[38;2;224;180;112m▄[38;2;239;194;124;48;2;238;192;122m▄[38;2;238;190;118;48;2;223;182;117m▄[38;2;239;193;119;48;2;113;96;71m▄[0m[38;2;85;71;50m▄        [0m
   [38;2;40;40;39;48;2;57;57;57m▄[38;2;203;166;108;48;2;174;143;96m▄[38;2;196;157;97;48;2;218;176;110m▄[38;2;238;192;121;48;2;238;190;119m▄[38;2;238;191;120;48;2;239;191;120m▄[38;2;223;178;108;48;2;210;171;108m▄[38;2;232;185;113;48;2;218;177;113m▄[38;2;238;191;120;48;2;213;174;112m▄[38;2;239;193;123;48;2;239;194;124m▄[38;2;240;194;123;48;2;240;193;118m▄[38;2;240;194;122;48;2;236;193;124m▄[38;2;209;169;110;48;2;194;159;106m▄[38;2;108;92;70;48;2;217;176;115m▄[0m[7m[38;2;169;138;93m▄[0m [7m[38;2;84;73;54m▄[38;2;107;92;68m▄[0m  [38;2;0;0;0m        [0m
[38;2;45;46;46m▄[0m [38;2;26;26;26m [38;2;57;73;64;48;2;71;79;73m▄[38;2;107;124;99;48;2;136;111;68m▄[38;2;230;187;118;48;2;217;172;105m▄[38;2;180;146;94;48;2;227;184;118m▄[38;2;239;195;126;48;2;204;166;107m▄[38;2;238;193;123;48;2;237;190;120m▄[38;2;237;192;121;48;2;237;189;118m▄[38;2;218;173;105;48;2;238;191;119m▄[38;2;238;190;117;48;2;239;192;121m▄[38;2;177;146;98;48;2;240;194;122m▄[38;2;74;65;51;48;2;234;190;124m▄[0m[7m[38;2;82;71;53m▄[0m[38;2;1;1;1m               [0m
  [38;2;0;0;0m [7m[38;2;60;75;65m▄[0m[38;2;144;187;158;48;2;138;180;151m▄[38;2;140;183;153;48;2;124;127;95m▄[38;2;118;139;108;48;2;169;135;85m▄[38;2;170;141;89;48;2;238;190;117m▄[38;2;226;179;107;48;2;238;192;122m▄[38;2;184;149;94;48;2;201;163;105m▄[38;2;212;175;116;48;2;208;168;108m▄[38;2;79;81;66;48;2;204;164;104m▄[0m[7m[38;2;46;44;41m▄[0m [38;2;27;27;28m                [0m
 [38;2;4;4;4m  [0m [38;2;110;144;121;48;2;116;152;128m▄[38;2;108;140;116;48;2;137;181;151m▄[38;2;139;180;150;48;2;140;182;152m▄[38;2;144;185;155;48;2;135;176;145m▄[38;2;143;184;154;48;2;107;136;112m▄[38;2;140;181;151;48;2;123;142;115m▄[38;2;124;162;136;48;2;117;143;119m▄[0m[7m[38;2;98;115;103m▄[0m [7m[38;2;66;66;66m▄[0m  [38;2;3;3;3m            [0m [38;2;150;154;136m▄[0m
[?25h