[?25l[0m [38;2;0;0;0m        [0m [38;2;124;107;77m▄[38;2;145;124;87m▄[38;2;117;101;72m▄[0m [38;2;45;41;35m          [0m
 [38;2;0;0;0m       [38;2;172;146;98m▄[38;2;247;200;122;48;2;229;188;118m▄[38;2;216;175;107;48;2;247;200;124m▄[38;2;231;188;116;48;2;247;199;122m▄[38;2;248;201;124;48;2;247;200;124m▄[38;2;247;200;124;48;2;240;196;124m▄[38;2;248;201;126;48;2;145;123;86m▄[0m[38;2;195;163;107m▄[0m [38;2;22;19;16m       [0m
 [38;2;0;0;0m      [0m [38;2;211;176;114;48;2;214;177;112m▄[38;2;242;197;123;48;2;245;199;122m▄[38;2;237;192;119;48;2;235;192;119m▄[38;2;247;200;125;48;2;244;199;124m▄[38;2;239;195;122;48;2;247;200;124m▄[38;2;228;187;115;48;2;248;201;125m▄[38;2;247;200;124;48;2;247;200;125m▄[48;2;247;201;126m [38;2;248;201;126;48;2;185;155;104m▄[0m[38;2;211;173;107m▄[0m [38;2;24;23;22m     [0m
 [38;2;0;0;0m [0m [38;2;2;2;2m     [38;2;124;106;75;48;2;180;151;100m▄[38;2;247;200;125;48;2;247;199;122m▄[48;2;247;200;124m▄[48;2;247;201;126m [38;2;234;189;115;48;2;242;199;126m▄[38;2;234;192;119;48;2;226;188;118m▄[38;2;207;178;120;48;2;233;192;121m▄[38;2;207;186;134;48;2;247;200;124m▄[38;2;231;194;126;48;2;247;201;125m▄[38;2;247;203;128;48;2;247;202;125m▄[38;2;245;199;120;48;2;209;177;117m▄[0m[38;2;177;150;99m▄[0m [38;2;19;19;19m   [0m
 [38;2;0;0;0m       [0m [38;2;194;160;103;48;2;245;199;123m▄[38;2;241;197;123;48;2;248;201;126m▄[38;2;242;198;125;48;2;247;201;126m▄[38;2;194;188;141;48;2;228;194;128m▄[38;2;163;195;187;48;2;149;180;166m▄[38;2;192;221;215;48;2;189;218;211m▄[38;2;178;205;201;48;2;193;218;212m▄[38;2;193;221;215;48;2;190;215;205m▄[38;2;160;177;158;48;2;198;177;121m▄[38;2;168;193;183;48;2;158;176;157m▄[38;2;179;208;202;48;2;188;217;210m▄[38;2;182;208;203;48;2;176;199;193m▄[0m[38;2;104;116;113m▄  [0m
 [38;2;0;0;0m       [38;2;101;87;65;48;2;138;118;85m▄[38;2;214;175;109;48;2;210;171;105m▄[38;2;246;199;123;48;2;232;187;113m▄[38;2;247;198;122;48;2;246;199;124m▄[38;2;246;199;124;48;2;217;191;133m▄[38;2;206;181;126;48;2;151;188;178m▄[38;2;184;165;120;48;2;187;216;210m▄[38;2;196;180;137;48;2;195;222;216m▄[38;2;224;191;132;48;2;191;217;209m▄[38;2;232;191;120;48;2;222;187;123m▄[38;2;247;199;123;48;2;229;193;128m▄[38;2;207;180;123;48;2;193;210;197m▄[38;2;101;103;92;48;2;196;226;220m▄[0m [38;2;3;3;3m  [0m
 [38;2;0;0;0m       [0m [38;2;179;155;109;48;2;186;154;96m▄[38;2;228;188;119;48;2;246;199;122m▄[38;2;247;199;123;48;2;248;200;125m▄[48;2;247;199;124m [38;2;246;200;128;48;2;225;182;111m▄[38;2;219;179;112;48;2;229;187;118m▄[38;2;238;193;118;48;2;225;185;115m▄[38;2;247;199;123;48;2;236;193;119m▄[38;2;247;198;122;48;2;218;178;108m▄[38;2;227;186;117;48;2;237;193;119m▄[38;2;205;169;103;48;2;227;187;118m▄[0m [38;2;55;54;52m   [0m
 [38;2;0;0;0m     [0m   [38;2;196;171;115;48;2;118;103;77m▄[38;2;225;184;113;48;2;233;188;114m▄[38;2;245;198;121;48;2;247;200;124m▄[38;2;234;189;116;48;2;233;190;119m▄[38;2;242;196;121;48;2;205;170;104m▄[38;2;245;197;121;48;2;227;189;119m▄[38;2;245;200;127;48;2;230;190;120m▄[38;2;210;179;122;48;2;229;188;117m▄[38;2;104;93;70;48;2;246;198;119m▄[38;2;116;102;75;48;2;246;199;122m▄[38;2;197;165;110;48;2;247;201;126m▄[38;2;180;154;105;48;2;116;101;74m▄[0m [38;2;13;13;13m  [0m
 [38;2;0;0;0m  [0m      [38;2;146;181;159;48;2;155;154;117m▄[38;2;189;167;113;48;2;235;191;115m▄[38;2;246;201;125;48;2;227;185;114m▄[38;2;228;185;113;48;2;246;198;122m▄[38;2;190;156;100;48;2;247;201;128m▄[38;2;86;78;63;48;2;247;201;127m▄[0m[7m[38;2;165;138;93m▄[0m [38;2;0;0;0m  [0m  [38;2;0;0;0m   [0m
 [38;2;0;0;0m [0m   [38;2;0;0;0m [0m   [38;2;145;180;160;48;2;146;182;162m▄[38;2;146;180;160;48;2;145;181;160m▄[38;2;149;187;166;48;2;171;177;138m▄[38;2;141;177;157;48;2;170;167;124m▄[0m[7m[38;2;94;100;89m▄[0m  [38;2;15;15;15m        [0m
 [38;2;0;0;0m [0m  [38;2;0;0;0m  [0m   [38;2;129;155;139;48;2;140;172;153m▄[38;2;151;188;166;48;2;148;186;164m▄[48;2;143;178;158m▄[38;2;149;187;165;48;2;148;185;164m▄[0m   [38;2;36;36;36m        [0m
 [38;2;0;0;0m     [0m  [38;2;0;0;0m [7m[38;2;77;91;83m▄[38;2;113;138;123m▄[38;2;109;136;121m▄[38;2;113;139;125m▄[0m   [38;2;0;0;0m        [0m
[?25h