[?25l[0m [38;2;0;0;0m        [0m [38;2;133;114;80m▄[38;2;157;134;94m▄[38;2;123;105;74m▄[0m [38;2;44;38;28m          [0m
 [38;2;0;0;0m       [38;2;132;113;79m▄[38;2;227;191;129;48;2;234;198;136m▄[38;2;244;206;142;48;2;244;207;143m▄[38;2;244;207;143;48;2;244;208;144m▄[48;2;244;207;143m [48;2;242;206;143m▄[48;2;157;134;93m▄[0m[38;2;198;169;117m▄[0m [38;2;16;14;10m       [0m
 [38;2;0;0;0m       [38;2;126;108;75;48;2;151;129;89m▄[38;2;242;204;141;48;2;228;192;129m▄[38;2;244;207;142;48;2;244;206;142m▄[38;2;239;203;140;48;2;241;205;141m▄[38;2;231;196;135;48;2;232;198;136m▄[38;2;236;200;137;48;2;244;206;142m▄[38;2;244;207;142;48;2;244;207;143m▄[48;2;243;206;142m▄[38;2;240;203;139;48;2;212;180;124m▄[0m[38;2;185;158;109m▄[0m [38;2;6;6;6m     [0m
 [38;2;0;0;0m       [0m [38;2;229;194;134;48;2;244;206;141m▄[38;2;244;207;142m▄[38;2;226;201;147;48;2;241;204;140m▄[38;2;184;219;214;48;2;218;196;146m▄[38;2;204;233;230;48;2;207;212;188m▄[38;2;204;233;229;48;2;209;216;192m▄[38;2;207;209;180;48;2;235;204;145m▄[38;2;184;200;182;48;2;204;197;158m▄[38;2;204;234;230;48;2;199;224;217m▄[38;2;198;227;223;48;2;184;211;208m▄[0m [38;2;78;90;88m    [0m
 [38;2;0;0;0m       [0m [38;2;222;189;129;48;2;194;165;114m▄[38;2;244;206;142;48;2;229;195;133m▄[38;2;244;207;142;48;2;211;193;145m▄[38;2;207;203;164;48;2;185;222;217m▄[38;2;196;198;169;48;2;209;239;235m▄[38;2;216;208;171;48;2;203;232;229m▄[38;2;228;195;134;48;2;213;210;176m▄[38;2;244;207;142;48;2;239;204;142m▄[38;2;233;198;135;48;2;202;212;192m▄[38;2;148;127;88;48;2;178;200;193m▄[0m [38;2;0;0;0m    [0m
 [38;2;0;0;0m       [0m [7m[38;2;146;125;86m▄[0m[38;2;231;196;134;48;2;243;206;141m▄[38;2;243;206;142;48;2;244;207;142m▄[38;2;240;204;140;48;2;239;203;139m▄[38;2;230;195;134;48;2;228;194;132m▄[38;2;244;207;142;48;2;244;206;142m▄[38;2;244;207;143;48;2;233;197;136m▄[38;2;244;208;143;48;2;230;196;134m▄[38;2;232;197;136;48;2;241;204;140m▄[38;2;192;164;113;48;2;111;96;67m▄[0m [38;2;7;6;5m    [0m
 [38;2;0;0;0m        [0m [38;2;92;80;60m▄[38;2;242;204;140;48;2;244;206;141m▄[38;2;240;203;139;48;2;229;195;134m▄[38;2;239;201;139;48;2;135;99;73m▄[38;2;217;159;118;48;2;70;46;36m▄[38;2;168;141;96;48;2;137;117;80m▄[0m[7m[38;2;179;152;105m▄[38;2;183;157;110m▄[38;2;219;186;129m▄[38;2;98;85;60m▄[0m[38;2;0;0;0m    [0m
 [38;2;0;0;0m      [0m   [38;2;93;116;103;48;2;114;116;91m▄[38;2;181;187;148;48;2;230;195;133m▄[38;2;228;195;134;48;2;241;204;140m▄[38;2;241;204;140;48;2;244;207;142m▄[38;2;201;188;139m▄[0m[7m[38;2;129;111;79m▄[0m [38;2;7;7;7m       [0m
 [38;2;0;0;0m    [0m     [7m[38;2;66;82;73m▄[0m[38;2;146;183;161;48;2;154;194;170m▄[38;2;146;184;162;48;2;156;187;160m▄[38;2;149;187;165;48;2;174;186;150m▄[38;2;143;181;159;48;2;151;180;153m▄[0m    [38;2;3;3;3m     [0m
 [38;2;0;0;0m   [0m  [38;2;2;2;2m  [0m   [38;2;114;143;126;48;2;148;186;164m▄[38;2;154;194;170;48;2;153;193;170m▄[48;2;151;191;168m▄[38;2;154;194;171;48;2;153;194;170m▄[0m[38;2;69;86;76m▄  [0m  [38;2;0;0;0m    [0m
 [38;2;0;0;0m   [0m [38;2;7;7;7m   [0m   [7m[38;2;72;90;79m▄[0m[38;2;154;193;170;48;2;153;193;170m▄[48;2;154;194;170m▄[48;2;154;194;171m [38;2;96;119;106;48;2;84;106;93m▄[0m    [38;2;9;9;9m    [0m
 [38;2;0;0;0m       [0m [38;2;0;0;0m [0m  [7m[38;2;104;128;114m▄[38;2;108;133;118m▄[38;2;98;122;107m▄[0m   [38;2;0;0;0m      [0m
[?25h