[?25l[0m[7m[38;2;67;15;20m▄[38;2;70;17;22m▄[38;2;66;40;41m▄[0m                           [0m
 [38;2;0;0;0m                  [0m [38;2;92;70;48m▄         [0m
  [38;2;109;79;47m▄[0m [38;2;15;15;14m               [0m [38;2;130;99;58;48;2;168;119;63m▄[0m[38;2;179;128;65m▄[0m [38;2;13;13;13m       [0m
 [38;2;105;79;49m▄[38;2;194;137;65;48;2;179;125;63m▄[0m [38;2;10;10;10m          [0m    [38;2;30;31;32m [0m [38;2;156;115;63;48;2;91;72;46m▄[38;2;216;150;67;48;2;189;132;63m▄[38;2;83;60;37;48;2;47;39;30m▄[0m[38;2;83;60;37m    [0m  [38;2;16;16;16m [0m
 [38;2;112;78;39;48;2;163;124;71m▄[38;2;194;134;61;48;2;209;151;75m▄[0m[38;2;106;77;43m▄[0m [38;2;80;36;21m▄[38;2;119;31;4m▄[38;2;161;42;4m▄[38;2;159;41;4;48;2;56;33;25m▄[48;2;66;29;18m▄[38;2;158;42;5;48;2;103;47;27m▄[38;2;157;41;4;48;2;114;44;22m▄[38;2;156;41;4;48;2;125;51;26m▄[38;2;155;40;4;48;2;130;48;21m▄[48;2;131;42;14m▄[48;2;133;38;8m▄[38;2;155;41;4;48;2;133;36;6m▄[38;2;157;41;4;48;2;130;36;6m▄[38;2;155;40;4;48;2;99;58;38m▄[38;2;156;94;38;48;2;182;136;74m▄[38;2;212;148;66;48;2;221;156;74m▄[38;2;162;109;50;48;2;206;142;63m▄[0m[7m[38;2;76;56;35m▄[0m[38;2;23;20;17m   [0m [38;2;131;40;7;48;2;103;49;31m▄[0m  [0m
 [38;2;75;54;30;48;2;135;91;45m▄[38;2;189;127;53;48;2;220;153;69m▄[38;2;225;158;76;48;2;224;156;73m▄[38;2;224;156;75;48;2;188;132;65m▄[38;2;222;155;73;48;2;139;91;42m▄[38;2;96;38;12;48;2;61;14;1m▄[38;2;95;22;1;48;2;114;28;2m▄[38;2;136;32;2;48;2;160;41;3m▄[38;2;159;42;3;48;2;158;41;4m▄[38;2;155;40;3;48;2;156;41;4m▄▄[38;2;155;40;4m▄[38;2;154;39;4;48;2;155;40;4m▄[38;2;154;40;3;48;2;154;40;4m▄[38;2;155;40;3;48;2;155;40;4m▄[38;2;155;39;4;48;2;156;40;4m▄[38;2;155;39;3m▄[38;2;155;40;3;48;2;153;40;3m▄[38;2;159;42;4;48;2;142;37;4m▄[38;2;129;43;16;48;2;115;73;31m▄[0m [38;2;14;14;14m   [0m [38;2;76;35;22;48;2;88;46;34m▄[38;2;49;38;35;48;2;116;35;7m▄[0m [38;2;54;36;28m▄[0m
  [7m[38;2;107;74;39m▄[38;2;176;116;44m▄[0m[38;2;86;64;38;48;2;188;127;55m▄[38;2;101;58;21;48;2;194;134;60m▄[38;2;86;22;1;48;2;94;37;10m▄[38;2;125;31;3;48;2;103;24;1m▄[38;2;106;26;2;48;2;89;21;1m▄[38;2;82;20;1;48;2;133;33;3m▄[38;2;139;34;2;48;2;153;39;3m▄[38;2;129;33;1;48;2;157;40;3m▄[38;2;114;27;1;48;2;156;41;4m▄[38;2;106;26;1;48;2;153;39;3m▄[38;2;110;27;1;48;2;153;39;2m▄[38;2;85;21;1;48;2;153;39;3m▄[38;2;75;21;2m▄[38;2;78;28;9;48;2;162;41;2m▄[38;2;93;47;24;48;2;159;41;2m▄[38;2;87;40;20;48;2;141;36;3m▄[38;2;70;33;22;48;2;126;32;3m▄[38;2;46;36;34;48;2;60;32;24m▄[0m[38;2;46;36;34m   [0m [38;2;82;34;23;48;2;97;39;23m▄[0m [38;2;0;0;0m [38;2;78;37;23m▄[0m
 [38;2;0;0;0m    [7m[38;2;69;32;22m▄[0m[38;2;90;35;19;48;2;124;30;1m▄[38;2;129;32;2;48;2;128;32;2m▄[38;2;129;34;3;48;2;126;32;3m▄[38;2;103;28;3;48;2;75;18;2m▄[38;2;109;103;61;48;2;79;40;19m▄[38;2;247;241;148;48;2;142;110;67m▄[38;2;159;158;99;48;2;139;119;76m▄[38;2;242;239;166;48;2;169;153;101m▄[38;2;106;69;39;48;2;105;60;33m▄[38;2;136;39;4;48;2;143;40;4m▄[38;2;154;84;41;48;2;164;135;85m▄[38;2;248;245;171;48;2;238;235;160m▄[38;2;226;222;146;48;2;176;174;112m▄[38;2;115;90;57;48;2;182;169;110m▄[0m [38;2;43;22;17m    [7m[38;2;60;29;20m▄[0m[38;2;105;39;19;48;2;60;26;16m▄[0m  [38;2;108;43;21;48;2;104;45;25m▄[0m
 [38;2;0;0;0m     [0m [38;2;118;34;8;48;2;125;33;4m▄[38;2;132;34;2;48;2;132;35;3m▄[38;2;127;32;2;48;2;116;30;2m▄[38;2;45;11;1;48;2;20;14;7m▄[38;2;63;14;1;48;2;148;145;89m▄[38;2;99;25;2;48;2;194;192;128m▄[38;2;99;22;1;48;2;109;107;76m▄[38;2;100;22;1;48;2;53;11;1m▄[38;2;97;21;0;48;2;109;27;2m▄[38;2;153;41;3;48;2;156;47;7m▄[38;2;114;27;2;48;2;44;35;21m▄[38;2;131;32;3;48;2;43;23;11m▄[0m[7m[38;2;63;27;21m▄[0m [38;2;0;0;0m    [0m [7m[38;2;101;35;14m▄[0m[38;2;115;42;16;48;2;70;35;24m▄[0m[38;2;142;38;2m▄[38;2;142;40;7;48;2;116;43;21m▄[0m
 [38;2;0;0;0m     [0m [38;2;84;33;16;48;2;89;35;18m▄[38;2;127;30;1;48;2;129;31;2m▄[38;2;47;10;1;48;2;114;26;2m▄[38;2;116;28;1;48;2;119;29;2m▄[38;2;125;32;1;48;2;110;27;2m▄[38;2;128;31;1;48;2;153;38;1m▄[38;2;145;37;2;48;2;145;36;2m▄[38;2;146;37;2;48;2;139;34;1m▄[38;2;119;29;2;48;2;72;14;0m▄[38;2;101;24;1;48;2;126;33;2m▄[38;2;121;30;1;48;2;121;29;1m▄[38;2;104;42;23;48;2;128;46;21m▄[0m [38;2;0;0;0m       [0m [38;2;81;33;20;48;2;118;49;25m▄[38;2;50;25;18;48;2;141;47;11m▄[0m
 [38;2;0;0;0m   [0m [38;2;107;35;7m▄[38;2;131;45;11;48;2;97;30;8m▄[38;2;175;167;165;48;2;87;19;2m▄[38;2;134;82;65;48;2;118;29;1m▄[38;2;86;21;2;48;2;69;17;1m▄[38;2;18;10;5;48;2;37;11;2m▄[38;2;107;80;54;48;2;120;30;1m▄[38;2;109;33;6;48;2;112;27;2m▄[38;2;155;38;3;48;2;145;36;3m▄[38;2;149;37;3;48;2;149;38;3m▄[38;2;152;39;3;48;2;152;40;2m▄[38;2;138;35;3;48;2;153;41;3m▄[38;2;127;32;3;48;2;153;40;2m▄[38;2;95;45;30;48;2;100;39;20m▄[0m[38;2;95;45;30m        [0m [38;2;132;36;6;48;2;125;43;18m▄[0m [0m
 [38;2;0;0;0m  [38;2;54;30;22m▄[38;2;143;43;4;48;2;89;35;14m▄[38;2;154;130;124;48;2;115;38;9m▄[38;2;247;247;247;48;2;177;170;168m▄[38;2;235;236;236;48;2;251;251;251m▄[38;2;141;108;97;48;2;146;128;123m▄[38;2;106;25;1;48;2;104;26;3m▄[38;2;120;26;0;48;2;44;10;1m▄[38;2;64;12;0;48;2;88;79;55m▄[38;2;16;7;3;48;2;83;74;51m▄[38;2;46;45;32;48;2;132;107;76m▄[38;2;44;46;31;48;2;140;120;83m▄[38;2;17;8;4;48;2;64;58;41m▄[38;2;55;41;32;48;2;129;126;98m▄[0m[7m[38;2;143;143;111m▄[0m [38;2;0;0;0m      [38;2;77;42;30m▄[38;2;102;34;13m▄[38;2;96;39;20m▄[38;2;114;43;18;48;2;114;42;19m▄[0m [0m
 [38;2;0;0;0m [0m [38;2;120;37;5;48;2;80;39;24m▄[38;2;143;97;79;48;2;104;41;18m▄[38;2;241;241;241;48;2;236;235;235m▄[38;2;220;221;221;48;2;252;252;252m▄[38;2;198;197;196;48;2;232;233;233m▄[38;2;102;50;34;48;2;121;76;61m▄[38;2;114;30;0;48;2;121;31;1m▄[38;2;111;29;1;48;2;104;23;1m▄[38;2;96;22;1;48;2;118;28;1m▄[38;2;129;33;1;48;2;82;18;1m▄[38;2;109;26;1;48;2;54;9;0m▄[38;2;143;40;2;48;2;50;12;1m▄[38;2;154;41;2;48;2;59;15;2m▄[38;2;137;37;5;48;2;89;25;6m▄[0m [38;2;25;21;21m       [38;2;52;28;21;48;2;92;39;22m▄[38;2;91;23;3;48;2;103;26;2m▄[38;2;117;33;4;48;2;109;27;2m▄[38;2;89;26;4;48;2;144;38;1m▄[38;2;115;28;0;48;2;94;28;5m▄[0m
  [38;2;121;45;19m▄[38;2;91;27;4;48;2;101;28;4m▄[38;2;128;33;4;48;2;120;47;23m▄[38;2;157;42;4;48;2;133;47;20m▄[48;2;143;39;5m▄[38;2;128;33;3;48;2;151;42;4m▄[38;2;123;31;1;48;2;119;30;1m▄[38;2;125;33;1;48;2;105;26;1m▄[38;2;116;31;2;48;2;87;22;1m▄[38;2;117;30;1;48;2;93;22;1m▄[38;2;119;29;1;48;2;89;21;1m▄[38;2;110;28;2;48;2;121;29;1m▄[38;2;103;26;2;48;2;121;31;2m▄[38;2;129;33;2;48;2;152;41;2m▄[38;2;123;38;10;48;2;117;47;24m▄[0m[38;2;88;43;28m▄[0m  [38;2;4;4;4m     [0m [38;2;81;42;29;48;2;113;38;13m▄[38;2;83;22;2;48;2;131;32;1m▄[38;2;95;24;2;48;2;138;34;1m▄[38;2;150;37;0;48;2;134;31;0m▄[0m
 [38;2;118;47;18;48;2;104;37;16m▄[38;2;145;56;19;48;2;153;42;5m▄[38;2;143;44;8;48;2;153;41;5m▄[48;2;158;43;5m [38;2;156;42;6;48;2;159;44;5m▄[38;2;158;43;6;48;2;157;43;5m▄[38;2;161;45;6;48;2;156;43;5m▄[48;2;133;36;4m▄[38;2;157;44;7;48;2;107;28;1m▄[38;2;146;40;5;48;2;109;27;1m▄[38;2;134;37;4;48;2;119;31;1m▄[38;2;113;34;6;48;2;94;24;2m▄[38;2;134;39;6;48;2;143;40;4m▄[38;2;158;45;6;48;2;154;43;5m▄[38;2;155;43;6;48;2;153;43;5m▄[38;2;158;44;6;48;2;159;45;5m▄[38;2;161;46;5;48;2;157;44;6m▄[38;2;149;41;4;48;2;123;33;5m▄[38;2;121;48;17;48;2;89;48;30m▄[0m[38;2;58;35;25m▄    [0m [38;2;90;33;14;48;2;147;38;3m▄[38;2;108;28;1;48;2;145;37;2m▄[38;2;114;27;0;48;2;115;27;1m▄[38;2;148;37;0;48;2;143;34;0m▄[0m
[38;2;111;36;7;48;2;153;70;31m▄[38;2;116;38;7;48;2;177;75;29m▄[38;2;175;72;27;48;2;181;76;29m▄[38;2;176;75;31;48;2;168;70;26m▄[38;2;114;37;9;48;2;110;28;2m▄[38;2;134;35;3;48;2;134;36;4m▄[38;2;121;30;2;48;2;162;45;5m▄[38;2;126;32;3;48;2;166;46;6m▄[38;2;129;33;2;48;2;163;45;6m▄[38;2;127;32;2;48;2;160;45;7m▄[38;2;127;33;3;48;2;160;45;6m▄[38;2;124;33;4;48;2;161;46;7m▄[38;2;123;33;4;48;2;163;47;8m▄[38;2;126;32;3;48;2;154;44;6m▄[38;2;135;35;3;48;2;166;47;5m▄[38;2;129;34;3;48;2;161;45;6m▄[38;2;128;34;2;48;2;150;41;5m▄[38;2;141;37;2;48;2;127;34;3m▄[38;2;139;37;2;48;2;125;32;1m▄[38;2;149;63;24;48;2;139;56;19m▄[38;2;115;62;38;48;2;116;62;36m▄[0m[38;2;115;62;38m    [0m [38;2;118;41;14;48;2;107;48;28m▄[38;2;88;52;39;48;2;95;27;3m▄[38;2;105;28;2;48;2;157;42;0m▄[38;2;110;29;2;48;2;149;40;1m▄[0m
[38;2;112;32;3;48;2;124;37;4m▄[38;2;124;37;3;48;2;121;35;4m▄[38;2;127;49;17;48;2;128;50;18m▄[38;2;177;75;30;48;2;177;74;30m▄[38;2;139;49;15;48;2;132;48;15m▄[38;2;151;39;2;48;2;148;39;3m▄[38;2;146;38;3;48;2;147;39;2m▄[38;2;147;39;2;48;2;146;38;3m▄[38;2;146;39;2;48;2;145;38;2m▄[38;2;145;38;2;48;2;144;37;2m▄[48;2;145;37;2m▄[38;2;144;38;2m▄[38;2;145;38;2;48;2;144;37;2m▄[38;2;146;39;2;48;2;144;38;2m▄[48;2;146;39;3m [48;2;147;40;3m [38;2;148;40;3;48;2;146;39;3m▄[48;2;149;40;3m [38;2;128;38;6;48;2;139;37;3m▄[38;2;169;74;29;48;2;170;72;27m▄[38;2;105;33;5;48;2;99;40;16m▄[0m[38;2;90;37;18m▄[0m [38;2;15;15;14m  [0m [38;2;124;36;10;48;2;137;39;6m▄[38;2;102;49;28;48;2;101;71;62m▄[38;2;107;28;2;48;2;117;32;3m▄[38;2;101;26;2;48;2;124;35;2m▄[0m
[38;2;111;36;9;48;2;113;32;3m▄[38;2;103;46;21;48;2;115;35;4m▄[38;2;159;67;26;48;2;143;60;23m▄[38;2;127;49;16;48;2;184;78;30m▄[38;2;134;33;1;48;2;122;39;9m▄[48;2;147;38;2m [38;2;147;38;2;48;2;146;38;3m▄[48;2;147;39;3m▄[38;2;146;39;3m▄[38;2;146;38;2;48;2;146;39;2m▄[38;2;146;39;2;48;2;145;38;2m▄[38;2;146;39;3;48;2;145;39;2m▄[38;2;147;40;3;48;2;146;39;2m▄[38;2;147;39;3m▄[38;2;149;40;3;48;2;147;40;3m▄[38;2;150;41;3;48;2;149;41;3m▄[38;2;152;41;3;48;2;150;41;3m▄[38;2;152;42;3;48;2;148;40;3m▄[38;2;54;36;30;48;2;125;44;12m▄[38;2;73;39;29;48;2;114;44;13m▄[38;2;111;31;2;48;2;141;43;2m▄[38;2;132;39;4;48;2;114;33;3m▄[38;2;139;43;5;48;2;90;35;17m▄[0m[38;2;123;41;9m▄[38;2;74;33;20m▄[38;2;99;33;10;48;2;64;30;19m▄[38;2;106;28;2;48;2;99;25;3m▄[38;2;113;30;2;48;2;131;38;4m▄[38;2;133;38;3;48;2;135;39;4m▄[38;2;118;38;8;48;2;126;35;3m▄[0m
[?25h