[?25l[0m[38;2;183;135;5;48;2;189;138;3m▄[38;2;114;51;9;48;2;106;40;10m▄[38;2;103;0;19;48;2;100;0;18m▄[38;2;99;0;19;48;2;99;0;18m▄[48;2;98;0;18m▄[48;2;99;0;19m [48;2;98;0;19m [48;2;99;0;19m [48;2;98;0;19m [48;2;98;0;18m     [38;2;97;0;17;48;2;97;0;18m▄▄[48;2;98;0;18m   [38;2;99;0;18;48;2;99;0;19m▄[38;2;99;0;19;48;2;99;1;19m▄[48;2;99;0;18m [48;2;99;0;19m [38;2;100;0;19;48;2;100;1;19m▄[48;2;99;0;19m▄[38;2;101;0;20;48;2;101;1;20m▄[38;2;104;41;10;48;2;113;48;10m▄[38;2;183;130;4;48;2;178;126;4m▄[38;2;180;129;3;48;2;182;130;3m▄[38;2;113;48;9;48;2;139;93;3m▄[0m
[38;2;97;76;28;48;2;185;137;5m▄[38;2;81;51;37;48;2;111;52;9m▄[38;2;89;33;43;48;2;99;1;19m▄[38;2;92;28;38;48;2;102;0;20m▄[38;2;96;21;33;48;2;100;0;20m▄[38;2;123;38;51;48;2;99;0;19m▄[38;2;104;13;28m▄[38;2;100;5;22m▄[38;2;96;1;17m▄[38;2;98;0;17;48;2;98;0;18m▄[38;2;99;1;19;48;2;98;0;19m▄[38;2;99;2;20;48;2;99;0;19m▄[38;2;100;2;20;48;2;98;0;18m▄▄[38;2;100;1;19m▄[38;2;99;2;20m▄[38;2;99;2;19;48;2;99;0;18m▄[38;2;98;0;17m▄[38;2;100;1;17m▄[38;2;103;5;22;48;2;100;0;19m▄[38;2;108;17;32;48;2;100;1;19m▄[38;2;118;31;44m▄[38;2;114;37;48m▄[38;2;89;21;31;48;2;101;0;19m▄[38;2;90;34;42;48;2;100;0;19m▄[38;2;74;33;39;48;2;101;2;20m▄[0m[7m[38;2;100;40;11m▄[38;2;185;132;6m▄[38;2;174;127;16m▄[38;2;83;31;35m▄[0m
 [38;2;0;0;0m     [0m               [38;2;0;0;0m         [0m
 [38;2;0;0;0m                [0m  [38;2;60;54;39m   [0m [38;2;96;142;153m▄[38;2;145;198;206m▄[38;2;173;215;218m▄[38;2;182;219;223;48;2;69;106;113m▄[38;2;181;219;222;48;2;91;132;139m▄[38;2;180;219;222;48;2;101;143;150m▄[38;2;181;219;222;48;2;145;194;200m▄[0m
[38;2;64;30;23m▄[0m    [38;2;8;8;8m           [0m [38;2;139;120;78;48;2;91;79;53m▄[38;2;185;159;98;48;2;148;129;83m▄[0m [38;2;9;9;9m  [0m [38;2;151;205;210;48;2;123;192;205m▄[38;2;145;206;209;48;2;143;201;210m▄[38;2;99;183;185;48;2;168;213;216m▄[38;2;97;180;181;48;2;180;219;221m▄[38;2;91;183;181;48;2;183;221;222m▄[38;2;95;183;178;48;2;170;217;219m▄[38;2;95;180;173;48;2;162;214;216m▄[0m
[38;2;115;19;2;48;2;134;23;3m▄[38;2;130;22;3;48;2;132;23;3m▄[38;2;129;23;3;48;2;127;21;3m▄[38;2;127;22;3;48;2;115;21;4m▄[38;2;126;22;3;48;2;106;24;9m▄[38;2;125;21;2;48;2;106;41;29m▄[38;2;124;21;2;48;2;75;27;18m▄[38;2;126;22;3;48;2;75;34;27m▄[38;2;127;22;4;48;2;47;24;19m▄[0m[38;2;129;23;4m▄[38;2;125;23;4m▄[38;2;109;22;6m▄[38;2;107;33;20m▄[38;2;80;31;23m▄[0m  [38;2;119;104;70m▄[38;2;221;187;111;48;2;195;165;96m▄[38;2;205;173;101;48;2;200;168;97m▄[0m [38;2;28;29;28m  [0m [38;2;126;194;200;48;2;127;196;201m▄[38;2;108;189;172;48;2;122;199;182m▄[38;2;107;190;175;48;2;121;192;170m▄[38;2;111;194;177;48;2;119;192;170m▄[38;2;113;197;178;48;2;116;191;168m▄[38;2;112;196;177;48;2;121;195;172m▄[38;2;113;197;177;48;2;121;195;171m▄[0m
[38;2;104;20;1;48;2;102;18;1m▄[38;2;123;20;2;48;2;129;22;3m▄[38;2;127;22;3;48;2;128;22;3m▄ [38;2;129;22;3;48;2;127;22;3m▄[38;2;128;22;3m▄[38;2;127;21;3m▄▄[48;2;128;22;3m  [38;2;129;23;3;48;2;128;22;4m▄[48;2;128;23;3m▄[38;2;128;22;3m▄[38;2;129;23;2;48;2;126;23;3m▄[38;2;114;26;6;48;2;92;47;31m▄[38;2;203;170;96;48;2;161;137;86m▄[38;2;220;184;107;48;2;207;173;99m▄[38;2;216;182;108;48;2;220;185;107m▄[38;2;95;80;52;48;2;175;148;89m▄[0m [38;2;0;0;0m  [0m [38;2;132;199;203;48;2;128;196;202m▄[48;2;107;187;166m [38;2;107;186;165;48;2;107;187;164m▄[38;2;109;188;166;48;2;108;187;165m▄[38;2;93;156;135;48;2;107;188;166m▄[38;2;41;58;47;48;2;100;181;159m▄[38;2;33;40;32;48;2;64;120;104m▄[0m
[38;2;83;16;2;48;2;87;16;1m▄[38;2;89;19;4;48;2;84;13;1m▄[38;2;195;175;110;48;2;100;20;4m▄[38;2;249;233;146;48;2;112;37;16m▄[38;2;227;216;139;48;2;117;21;4m▄[38;2;185;169;110;48;2;133;22;4m▄[38;2;93;33;15;48;2;130;21;3m▄[38;2;100;17;1;48;2;126;21;2m▄[38;2;100;18;2;48;2;127;22;3m▄[38;2;96;17;3m▄[38;2;107;29;7;48;2;130;23;3m▄[38;2;106;20;3;48;2;129;22;3m▄[38;2;121;19;1;48;2;125;21;3m▄[38;2;126;20;1;48;2;125;21;2m▄[38;2;120;19;1;48;2;125;22;2m▄[38;2;117;52;25;48;2;166;122;69m▄[38;2;111;94;61;48;2;205;169;96m▄[0m[7m[38;2;147;119;68m▄[0m [38;2;0;0;0m   [0m [38;2;126;196;200;48;2;132;199;204m▄[38;2;108;188;168;48;2;106;186;165m▄[38;2;107;188;167;48;2;105;185;165m▄[38;2;60;95;83;48;2;90;159;139m▄[38;2;60;83;68;48;2;44;57;44m▄[38;2;65;91;72;48;2;43;51;39m▄[38;2;157;129;85;48;2;40;44;33m▄[0m
[38;2;91;17;2;48;2;86;15;2m▄[38;2;87;18;3;48;2;108;39;16m▄[38;2;203;183;122;48;2;247;232;148m▄[38;2;249;235;161;48;2;247;232;157m▄[38;2;215;201;130;48;2;164;154;102m▄[38;2;248;230;147;48;2;248;231;147m▄[38;2;118;85;52;48;2;129;111;68m▄[38;2;117;22;3;48;2;114;21;3m▄[38;2;145;28;5;48;2;111;19;2m▄[38;2;200;174;111;48;2;176;155;98m▄[38;2;215;202;136;48;2;245;230;146m▄[38;2;183;171;109;48;2;239;224;134m▄[38;2;248;233;146;48;2;180;165;102m▄[38;2;70;56;47;48;2;82;16;4m▄[0m[7m[38;2;63;34;29m▄[0m [38;2;0;0;0m       [38;2;128;196;200;48;2;123;194;199m▄[38;2;110;191;171;48;2;109;190;170m▄[38;2;78;133;117;48;2;99;170;150m▄[38;2;58;78;66;48;2;63;85;71m▄[38;2;59;77;65;48;2;62;82;69m▄[38;2;56;77;63;48;2;58;76;61m▄[38;2;199;157;102;48;2;216;171;111m▄[0m
[38;2;97;19;2;48;2;102;21;2m▄[38;2;98;17;2;48;2;96;16;2m▄[38;2;133;23;3;48;2;99;25;8m▄[38;2;123;22;4;48;2;147;95;55m▄[38;2;119;21;4;48;2;173;141;85m▄[38;2;127;22;4;48;2;135;111;68m▄[38;2;100;17;2;48;2;79;16;2m▄[38;2;108;20;2;48;2;109;20;3m▄[38;2;149;29;3;48;2;139;27;4m▄[38;2;115;31;9;48;2;179;135;79m▄[38;2;144;89;49;48;2;242;227;149m▄[38;2;154;99;60;48;2;239;226;155m▄[38;2;94;33;18;48;2;211;197;132m▄[0m[7m[38;2;41;32;30m▄[0m[38;2;24;20;20m         [38;2;131;197;202;48;2;134;199;204m▄[38;2;97;182;161;48;2;100;185;164m▄[38;2;68;118;103;48;2;68;119;104m▄[38;2;37;48;37;48;2;44;59;49m▄[38;2;36;47;35;48;2;46;59;47m▄[38;2;41;54;42;48;2;53;72;58m▄[38;2;83;75;52;48;2;127;111;76m▄[0m
[38;2;105;22;4;48;2;97;19;3m▄[38;2;95;18;2;48;2;94;18;2m▄[38;2;90;15;2;48;2;112;19;2m▄[38;2;122;21;3;48;2;123;22;3m▄[38;2;126;22;3;48;2;123;21;3m▄[48;2;122;21;4m▄[38;2;108;18;3;48;2;97;17;3m▄[38;2;74;11;0;48;2;103;19;1m▄[38;2;98;16;1;48;2;147;27;3m▄[38;2;93;17;2;48;2;106;19;2m▄[38;2;125;21;2;48;2;121;20;3m▄[38;2;121;21;3;48;2;128;22;2m▄[38;2;66;28;23;48;2;114;36;22m▄[0m [38;2;0;0;0m        [0m [38;2;126;193;199;48;2;126;194;200m▄[38;2;108;188;167;48;2;101;183;163m▄[38;2;96;166;147;48;2;80;139;122m▄[38;2;32;43;33;48;2;36;47;36m▄[38;2;36;46;35;48;2;37;48;36m▄[38;2;37;49;37;48;2;36;47;35m▄[38;2;173;140;91;48;2;111;94;62m▄[0m
[38;2;69;15;1;48;2;79;23;11m▄[38;2;44;8;0;48;2;92;17;2m▄[38;2;82;14;1;48;2;95;17;2m▄[38;2;127;20;2;48;2;123;20;3m▄[38;2;124;21;3;48;2;123;21;3m▄[38;2;123;21;3;48;2;125;22;3m▄[38;2;123;22;3;48;2;121;21;3m▄[38;2;125;22;3;48;2;84;13;1m▄[38;2;124;21;2;48;2;95;15;1m▄[38;2;123;21;2;48;2;124;20;2m▄[38;2;123;20;1;48;2;126;21;1m▄[38;2;89;29;21;48;2;112;18;3m▄[0m [38;2;1;1;1m         [0m [38;2;123;193;198;48;2;126;193;198m▄[38;2;100;184;163;48;2;105;186;166m▄[38;2;97;157;134;48;2;105;185;164m▄[38;2;195;157;108;48;2;56;69;54m▄[38;2;204;166;113;48;2;49;56;40m▄[38;2;49;53;37;48;2;39;51;39m▄[38;2;170;134;84;48;2;184;147;94m▄[0m
[38;2;68;29;10;48;2;70;20;1m▄[38;2;68;14;4;48;2;52;8;0m▄[38;2;4;1;0;48;2;3;0;0m▄[38;2;47;44;27;48;2;92;53;29m▄[38;2;23;21;12;48;2;115;48;20m▄[38;2;119;114;65;48;2;113;27;7m▄[38;2;29;26;15;48;2;120;22;4m▄[38;2;84;68;33m▄[38;2;93;67;47;48;2;121;21;3m▄[38;2;135;107;59;48;2;123;22;3m▄[38;2;57;32;27;48;2;128;22;4m▄[0m [38;2;8;8;8m           [38;2;135;200;204;48;2;133;199;203m▄[38;2;111;190;170;48;2;106;188;167m▄[38;2;104;165;142;48;2;115;155;127m▄[38;2;207;166;110;48;2;206;166;109m▄[38;2;201;156;98;48;2;176;139;89m▄[38;2;223;173;110;48;2;196;156;101m▄[38;2;223;175;112;48;2;223;176;114m▄[0m
[7m[38;2;26;21;18m▄[38;2;74;33;26m▄[0m[38;2;70;13;2;48;2;27;6;1m▄[38;2;77;32;13;48;2;7;6;3m▄[38;2;85;54;24;48;2;31;28;15m▄[38;2;31;20;10;48;2;1;1;1m▄[38;2;109;100;50;48;2;7;5;4m▄[38;2;9;6;3;48;2;17;15;8m▄[38;2;123;97;55;48;2;34;30;25m▄[0m  [38;2;0;0;0m           [0m [38;2;125;195;199;48;2;126;195;200m▄[38;2;105;185;164;48;2;106;186;166m▄[38;2;107;185;164;48;2;106;186;165m▄[38;2;105;173;150;48;2;164;157;114m▄[38;2;139;148;113;48;2;218;173;115m▄[38;2;196;156;102;48;2;224;176;112m▄[38;2;225;177;114;48;2;224;175;111m▄[0m
  [7m[38;2;81;35;27m▄[38;2;111;19;4m▄[0m[38;2;60;31;25;48;2;120;18;2m▄[38;2;101;17;2;48;2;118;20;3m▄[38;2;123;20;1;48;2;110;18;3m▄[38;2;115;34;20;48;2;100;15;2m▄[0m[7m[38;2;85;23;15m▄[0m [38;2;0;0;0m            [0m [38;2;129;196;200;48;2;128;196;200m▄[38;2;108;186;165;48;2;107;185;165m▄[38;2;107;186;164;48;2;107;185;163m▄[38;2;106;186;164;48;2;106;184;163m▄[38;2;103;186;164;48;2;107;188;164m▄[38;2;119;111;79;48;2;166;140;94m▄[38;2;225;176;110;48;2;225;179;115m▄[0m
[38;2;66;17;1;48;2;85;23;13m▄[38;2;124;21;3;48;2;108;36;23m▄[38;2;131;23;3;48;2;101;30;19m▄[38;2;134;23;3;48;2;80;32;23m▄[38;2;133;24;4;48;2;55;30;25m▄[38;2;103;18;3;48;2;76;27;15m▄[38;2;95;13;1;48;2;116;19;2m▄[0m  [38;2;2;2;2m             [0m [38;2;126;197;201;48;2;129;197;201m▄[38;2;106;185;165;48;2;108;186;165m▄[38;2;106;186;165;48;2;107;187;164m▄[38;2;106;187;166;48;2;105;186;164m▄[38;2;85;146;132;48;2;103;184;162m▄[38;2;148;124;88;48;2;140;130;95m▄[38;2;219;170;108;48;2;211;165;103m▄[0m
[38;2;137;23;2;48;2;86;22;1m▄[38;2;134;22;2;48;2;128;21;2m▄[38;2;132;22;2;48;2;133;23;3m▄[38;2;130;22;3;48;2;132;23;3m▄[48;2;129;22;3m [38;2;131;23;2;48;2;114;19;2m▄[38;2;131;22;2;48;2;88;13;1m▄[38;2;131;23;3;48;2;131;27;6m▄[38;2;127;22;3;48;2;64;29;23m▄[0m[38;2;96;26;13m▄[38;2;104;33;20m▄[0m [38;2;29;23;21m          [0m [38;2;106;183;189;48;2;123;194;198m▄[38;2;82;137;126;48;2;105;184;166m▄[38;2;76;111;98;48;2;104;183;163m▄[38;2;59;78;68;48;2;101;181;160m▄[38;2;73;96;95;48;2;73;107;103m▄[38;2;76;94;98;48;2;121;113;92m▄[38;2;97;97;85;48;2;223;176;115m▄[0m
[38;2;114;19;2;48;2;124;20;1m▄[38;2;104;17;2;48;2;135;22;1m▄[38;2;106;17;2;48;2;131;21;2m▄[38;2;104;16;1;48;2;131;21;3m▄[48;2;132;22;2m▄[38;2;104;17;1;48;2;132;23;2m▄[38;2;105;17;1;48;2;131;23;2m▄[38;2;111;18;2;48;2;133;22;2m▄[38;2;115;20;2;48;2;143;24;2m▄[38;2;114;19;2;48;2;134;21;1m▄[38;2;103;18;2;48;2;107;16;1m▄[38;2;115;30;12;48;2;106;37;24m▄[0m [38;2;2;2;2m         [38;2;58;35;13;48;2;46;51;52m▄[38;2;72;59;35;48;2;83;129;124m▄[38;2;47;46;32;48;2;77;68;40m▄[38;2;47;38;21;48;2;77;66;38m▄[38;2;59;41;16;48;2;63;56;36m▄[38;2;60;42;18;48;2;49;63;64m▄[38;2;60;73;74;48;2;73;92;97m▄[38;2;77;93;98;48;2;76;91;96m▄[0m
[?25h