[?25l[0m [38;2;0;0;0m  [0m [38;2;74;29;0m▄[0m [38;2;54;24;0m                     [0m [38;2;102;42;0;48;2;101;47;0m▄[0m [0m
 [38;2;0;0;0m  [0m [38;2;120;46;0;48;2;108;42;0m▄[0m[38;2;81;34;0m▄[0m [38;2;2;1;0m [0m                 [38;2;10;0;0m  [0m [38;2;114;46;0;48;2;113;44;0m▄[0m [0m
 [38;2;0;0;0m  [0m [38;2;97;37;0;48;2;116;43;0m▄[38;2;129;53;0;48;2;134;56;0m▄[0m[38;2;110;47;0m▄[0m [38;2;50;2;0m▄[38;2;54;1;0;48;2;53;2;0m▄[38;2;35;1;0;48;2;104;4;0m▄[38;2;87;4;0;48;2;126;7;0m▄[38;2;128;7;0;48;2;126;8;0m▄[38;2;126;8;0;48;2;129;8;0m▄[48;2;130;10;0m▄[48;2;129;10;0m [38;2;127;9;0;48;2;126;9;0m▄[38;2;126;9;0;48;2;130;10;0m▄[38;2;128;10;0m▄[48;2;129;10;0m▄[38;2;127;9;0m▄[38;2;128;10;0;48;2;129;9;0m▄[38;2;125;8;0;48;2;126;9;0m▄[48;2;128;9;0m▄[38;2;124;7;0;48;2;90;6;0m▄[0m[38;2;89;5;0m▄[0m [38;2;128;50;0;48;2;121;50;0m▄[38;2;114;43;0;48;2;121;47;0m▄[0m [0m
 [38;2;0;0;0m   [0m [38;2;102;40;0;48;2;129;53;0m▄[38;2;135;56;0;48;2;138;58;0m▄[38;2;139;58;0;48;2;151;64;0m▄[38;2;58;21;0;48;2;66;24;0m▄[38;2;76;1;0;48;2;77;2;0m▄[0m [38;2;72;0;0;48;2;38;0;0m▄[38;2;55;1;0;48;2;118;7;0m▄[38;2;104;5;0;48;2;130;7;0m▄[38;2;134;8;0;48;2;126;7;0m▄[38;2;134;9;0;48;2;129;9;0m▄[38;2;129;7;0m▄[38;2;126;8;0;48;2;127;8;0m▄[38;2;126;7;0;48;2;129;9;0m▄[38;2;128;9;0;48;2;131;11;0m▄[38;2;128;8;0;48;2;127;9;0m▄[48;2;130;10;0m▄[48;2;129;10;0m▄[48;2;129;8;0m▄[38;2;127;5;0m▄[38;2;90;3;0;48;2;128;8;0m▄[0m[7m[38;2;69;6;0m▄[0m[38;2;68;26;0;48;2;86;36;0m▄[0m[7m[38;2;75;29;0m▄[0m[38;2;37;13;0m [0m
 [38;2;0;0;0m    [0m [7m[38;2;99;39;0m▄[38;2;130;51;0m▄[0m[38;2;27;0;0;48;2;57;20;0m▄[38;2;39;1;0;48;2;79;1;0m▄[0m [38;2;73;1;0;48;2;69;0;0m▄[38;2;47;0;0;48;2;42;0;0m▄[0m [38;2;189;156;59m▄[38;2;116;95;33m▄[7m[38;2;54;2;0m▄[38;2;93;3;0m▄[38;2;110;5;0m▄[38;2;123;7;0m▄[38;2;117;5;0m▄[38;2;110;5;0m▄[38;2;87;3;0m▄[0m[38;2;110;91;36m▄[0m  [7m[38;2;48;14;0m▄[0m [38;2;1;0;0m  [0m
 [38;2;0;0;0m       [0m [38;2;73;0;0m▄[38;2;76;0;0;48;2;58;0;0m▄[38;2;71;1;0;48;2;74;1;0m▄[38;2;52;0;0;48;2;43;0;0m▄[0m [38;2;218;183;70;48;2;229;189;67m▄[38;2;230;192;73;48;2;168;140;52m▄[0m[38;2;229;195;81m▄[38;2;110;94;40;48;2;187;162;66m▄[0m [38;2;91;2;0;48;2;103;2;0m▄[0m[38;2;83;3;0m▄[38;2;152;121;46;48;2;177;153;67m▄[0m[38;2;214;181;76m▄[38;2;98;74;32;48;2;161;137;61m▄[0m  [38;2;0;0;0m    [0m
 [38;2;0;0;0m       [0m [7m[38;2;65;0;0m▄[0m[38;2;74;0;0;48;2;73;0;0m▄[38;2;77;1;0;48;2;72;0;0m▄[38;2;75;1;0;48;2;70;1;0m▄[0m[38;2;61;0;0m▄[38;2;102;5;0m▄[38;2;138;10;0m▄[38;2;126;7;0m▄[38;2;118;6;0m▄[38;2;88;3;0;48;2;46;0;0m▄[38;2;82;2;0;48;2;89;1;0m▄[38;2;128;5;0;48;2;130;4;0m▄[38;2;75;5;0;48;2;49;20;7m▄[38;2;118;8;1;48;2;50;41;18m▄[0m[7m[38;2;63;3;1m▄[0m [38;2;0;0;0m     [0m
 [38;2;0;0;0m        [0m [7m[38;2;68;0;0m▄[0m[38;2;74;0;0;48;2;76;0;0m▄[0m[7m[38;2;77;1;0m▄[38;2;71;0;0m▄[0m[38;2;50;0;0;48;2;71;2;0m▄[38;2;99;5;0;48;2;139;7;0m▄[38;2;130;7;0;48;2;131;6;0m▄[38;2;130;8;0;48;2;132;7;0m▄[38;2;126;7;0;48;2;115;5;0m▄[38;2;122;6;0;48;2;54;1;0m▄[38;2;121;6;0;48;2;63;2;0m▄[38;2;125;7;0;48;2;74;5;0m▄[38;2;126;6;0;48;2;121;6;0m▄[0m [38;2;9;0;0m      [0m
 [38;2;0;0;0m         [0m [38;2;80;0;0;48;2;71;0;0m▄[0m [38;2;36;0;0m [0m  [7m[38;2;129;5;0m▄[38;2;131;5;0m▄[38;2;127;5;0m▄[38;2;128;5;0m▄[38;2;130;5;0m▄[38;2;132;5;0m▄[38;2;131;5;0m▄[38;2;102;5;0m▄[0m[38;2;29;1;0m      [0m
 [38;2;0;0;0m          [7m[38;2;38;0;0m▄[0m[38;2;36;0;0;48;2;69;1;0m▄[0m[38;2;75;0;0m▄[0m        [38;2;0;0;0m        [0m
 [38;2;0;0;0m           [38;2;38;0;0m▄[7m[38;2;41;0;0m▄[38;2;66;1;0m▄[0m[38;2;64;1;0;48;2;73;1;0m▄[38;2;71;2;0;48;2;71;2;0m▄[0m[7m[38;2;72;2;0m▄[0m[38;2;62;1;0;48;2;85;2;0m▄[0m[7m[38;2;92;2;0m▄[0m [38;2;0;0;0m         [0m
 [38;2;0;0;0m  [0m [38;2;61;3;0m▄[38;2;89;1;0m▄[38;2;98;3;0m▄[0m [38;2;84;1;0m▄[38;2;101;2;0m▄[38;2;106;2;0m▄[0m [38;2;64;0;0;48;2;33;0;0m▄[38;2;53;0;0;48;2;38;0;0m▄[38;2;45;0;0;48;2;43;0;0m▄[38;2;37;0;0;48;2;54;0;0m▄[38;2;55;0;0;48;2;61;0;0m▄[0m [38;2;114;2;0m▄[38;2;67;1;0m▄[0m    [38;2;19;0;0m      [0m
 [38;2;0;0;0m  [0m   [7m[38;2;82;2;0m▄[0m[38;2;103;2;0;48;2;81;3;0m▄[38;2;48;3;1;48;2;54;1;0m▄[38;2;105;2;0;48;2;107;2;0m▄[38;2;100;2;0;48;2;104;2;0m▄[38;2;95;2;0;48;2;60;1;0m▄[0m[38;2;83;2;0m▄[7m[38;2;57;0;0m▄[38;2;88;1;0m▄[38;2;82;1;0m▄[38;2;63;1;0m▄[0m[38;2;55;1;0m▄[38;2;96;3;0;48;2;94;2;0m▄[38;2;103;3;0;48;2;98;2;0m▄[38;2;106;3;0;48;2;95;2;0m▄[0m[38;2;94;3;0m▄[7m[38;2;87;1;0m▄[0m[38;2;96;3;0;48;2;81;2;0m▄[0m [38;2;28;1;0m     [0m
  [38;2;89;2;0;48;2;50;1;0m▄[38;2;93;2;0;48;2;96;2;0m▄[38;2;97;3;0;48;2;95;2;0m▄[0m[38;2;99;2;0m▄[0m [38;2;83;1;0;48;2;93;2;0m▄[38;2;40;1;0;48;2;46;2;1m▄[38;2;66;1;0;48;2;97;1;0m▄[38;2;106;2;0;48;2;101;2;0m▄[38;2;104;2;0;48;2;104;3;0m▄[48;2;105;3;0m▄[38;2;105;2;0;48;2;101;2;0m▄[38;2;106;2;0;48;2;103;2;0m▄[38;2;104;2;0;48;2;108;3;0m▄[38;2;103;1;0;48;2;109;2;0m▄[38;2;107;2;0;48;2;104;4;0m▄[38;2;109;2;0;48;2;103;2;0m▄[38;2;107;2;0;48;2;105;2;0m▄[38;2;105;1;0;48;2;106;2;0m▄[38;2;62;1;0;48;2;104;2;0m▄[0m [38;2;81;2;0;48;2;107;3;0m▄[0m[38;2;50;0;0m▄[0m [38;2;28;0;0m    [0m
  [7m[38;2;83;2;0m▄[0m[38;2;65;1;0;48;2;94;2;0m▄[38;2;96;2;0;48;2;93;2;0m▄[38;2;49;1;0;48;2;86;2;0m▄[0m [38;2;50;0;0;48;2;78;1;0m▄[38;2;22;0;0;48;2;32;0;0m▄[38;2;69;2;0;48;2;35;0;0m▄[38;2;102;2;0;48;2;27;1;0m▄[38;2;48;1;0;48;2;77;2;0m▄[38;2;30;1;0;48;2;104;2;0m▄[38;2;31;1;0;48;2;100;3;0m▄[38;2;29;1;0;48;2;102;2;0m▄[48;2;105;2;0m▄[38;2;30;1;0;48;2;108;2;0m▄[38;2;28;1;0;48;2;111;3;0m▄[38;2;27;1;0;48;2;109;2;0m▄[38;2;38;1;0;48;2;99;2;0m▄[38;2;79;1;0;48;2;55;1;0m▄[38;2;69;1;0;48;2;37;1;0m▄[0m [38;2;36;0;0;48;2;47;0;0m▄[38;2;55;0;0;48;2;66;0;0m▄[0m [38;2;10;0;0m    [0m
 [38;2;37;0;0;48;2;33;0;0m▄[38;2;75;0;0;48;2;61;0;0m▄[0m[38;2;69;1;0m▄[0m   [38;2;45;0;0;48;2;32;0;0m▄[38;2;64;1;0;48;2;58;1;0m▄[38;2;79;1;0;48;2;76;2;0m▄[38;2;102;1;0;48;2;103;2;0m▄[38;2;98;2;0;48;2;100;2;0m▄[48;2;101;2;0m [38;2;102;2;0;48;2;104;3;0m▄[38;2;101;2;0;48;2;100;2;0m▄[38;2;100;2;0;48;2;101;2;0m▄[38;2;101;2;0;48;2;103;3;0m▄[38;2;97;2;0;48;2;99;2;0m▄[38;2;97;1;0;48;2;96;2;0m▄[38;2;100;2;0;48;2;99;2;0m▄[38;2;101;1;0;48;2;100;2;0m▄[0m[7m[38;2;56;1;0m▄[0m[38;2;12;0;0m [0m [38;2;71;0;0m▄[38;2;63;1;0;48;2;50;1;0m▄[0m[38;2;63;1;0m    [0m
  [7m[38;2;55;0;0m▄[38;2;72;0;0m▄[0m [38;2;0;0;0m [0m [7m[38;2;47;0;0m▄[0m[38;2;59;0;0;48;2;62;0;0m▄[38;2;65;0;0;48;2;71;0;0m▄[38;2;93;1;0;48;2;83;1;0m▄[38;2;106;3;0;48;2;97;2;0m▄[38;2;107;3;0;48;2;100;3;0m▄[38;2;104;3;0;48;2;99;2;0m▄[38;2;106;4;0;48;2;101;2;0m▄[38;2;104;2;0;48;2;100;2;0m▄[38;2;102;2;0;48;2;98;1;0m▄[48;2;93;1;0m▄[38;2;101;3;0;48;2;92;1;0m▄[38;2;102;2;0;48;2;99;1;0m▄[0m  [38;2;0;0;0m [0m [38;2;76;1;0m▄[38;2;77;2;0m▄    [0m
                            [38;2;7;1;1m  [0m
 [38;2;126;25;19;48;2;119;18;14m▄[0m [38;2;86;12;11m▄[38;2;12;1;1;48;2;119;16;13m▄[0m[38;2;96;14;12m▄[38;2;114;19;15;48;2;110;19;16m▄[38;2;123;20;16;48;2;106;14;12m▄[0m [38;2;105;18;14;48;2;92;14;11m▄[38;2;45;8;7;48;2;121;18;14m▄[0m [7m[38;2;106;17;13m▄[38;2;110;17;13m▄[0m [38;2;0;0;0m [38;2;89;13;9;48;2;87;14;10m▄[38;2;22;3;2;48;2;108;13;10m▄[0m[38;2;90;14;11m▄[48;2;113;22;16m▄[38;2;92;15;10;48;2;93;14;11m▄[0m [38;2;95;18;15;48;2;89;14;12m▄[0m [7m[38;2;86;15;10m▄[38;2;136;21;18m▄[0m [38;2;92;17;12;48;2;97;17;12m▄[0m[38;2;92;17;12m  [0m
  [7m[38;2;83;14;12m▄[0m [7m[38;2;56;9;7m▄[38;2;84;12;10m▄[38;2;103;17;14m▄[38;2;59;9;7m▄[0m [7m[38;2;91;15;13m▄[38;2;76;13;10m▄[0m   [38;2;28;5;4m  [7m[38;2;79;11;9m▄[38;2;50;7;5m▄[38;2;77;10;8m▄[38;2;96;17;13m▄[0m[38;2;78;16;13m▄[0m  [7m[38;2;104;16;12m▄[0m [7m[38;2;87;16;13m▄[0m [7m[38;2;98;16;12m▄[0m[38;2;79;14;10m▄[0m [0m
[?25h