[?25l[0m [38;2;0;0;0m  [0m [38;2;104;83;49;48;2;31;30;30m▄[0m [38;2;1;1;1m                     [0m  [38;2;15;15;16m [0m
 [38;2;0;0;0m  [38;2;122;96;51;48;2;62;51;31m▄[38;2;176;134;64;48;2;155;121;65m▄[0m [38;2;15;15;15m                     [0m [38;2;147;118;69;48;2;56;47;36m▄[0m [0m
 [38;2;0;0;0m [0m [38;2;180;140;71;48;2;165;130;69m▄[38;2;217;170;88;48;2;211;165;82m▄[0m[38;2;104;85;54m▄ [0m      [38;2;8;8;8m             [0m [38;2;132;104;57;48;2;80;66;43m▄[38;2;197;151;73;48;2;175;135;65m▄[0m [0m
 [38;2;0;0;0m [0m [38;2;173;134;71;48;2;181;138;68m▄[38;2;214;164;82;48;2;213;163;79m▄[38;2;212;162;78;48;2;178;137;69m▄[0m[38;2;122;97;56m▄[38;2;82;22;8;48;2;58;31;24m▄[38;2;92;21;7;48;2;75;20;8m▄[38;2;109;27;8;48;2;111;31;12m▄[38;2;126;33;11;48;2;112;32;13m▄[38;2;122;31;11;48;2;103;31;14m▄[38;2;122;32;12;48;2;102;40;25m▄[48;2;101;47;35m▄[38;2;122;33;12;48;2;79;35;24m▄[38;2;122;33;13;48;2;74;38;29m▄[38;2;121;33;13;48;2;57;36;29m▄[38;2;121;34;13;48;2;41;29;27m▄[0m[38;2;118;34;13m▄[38;2;104;30;12m▄[38;2;96;35;21m▄[38;2;101;47;34m▄[38;2;81;43;32m▄[38;2;49;24;19m▄[0m  [38;2;113;94;59m▄[38;2;209;163;82;48;2;191;148;74m▄[38;2;205;162;85;48;2;202;158;80m▄[0m [0m
 [38;2;0;0;0m  [38;2;51;44;32;48;2;130;101;57m▄[38;2;208;161;83;48;2;204;155;74m▄[38;2;214;165;83;48;2;213;163;80m▄[38;2;212;163;81;48;2;214;165;81m▄[38;2;198;150;72;48;2;150;109;51m▄[38;2;113;46;18;48;2;105;38;12m▄[38;2;81;18;5;48;2;93;21;6m▄[38;2;117;30;10;48;2;124;32;11m▄[38;2;123;32;11;48;2;122;31;11m▄[38;2;123;32;12;48;2;122;32;11m▄[38;2;123;33;12;48;2;123;32;12m▄[48;2;122;32;12m [38;2;122;33;12;48;2;121;33;12m▄[38;2;123;34;13m▄[38;2;123;33;13;48;2;121;33;13m▄[38;2;122;33;13;48;2;121;33;12m▄▄[38;2;122;33;12;48;2;120;32;12m▄[38;2;121;33;12m▄[38;2;122;33;12;48;2;121;33;13m▄[38;2;123;33;13m▄[38;2;122;33;13;48;2;97;32;16m▄[38;2;119;66;30;48;2;83;70;50m▄[38;2;212;165;83;48;2;204;161;85m▄[38;2;212;164;81;48;2;211;164;83m▄[38;2;158;124;65;48;2;192;149;74m▄[0m [0m
 [38;2;0;0;0m  [0m [7m[38;2;144;115;66m▄[0m[38;2;121;98;59;48;2;214;164;80m▄[38;2;192;148;74;48;2;213;165;84m▄[38;2;159;114;54;48;2;194;148;73m▄[38;2;115;44;16;48;2;125;52;19m▄[38;2;116;30;10;48;2;109;27;8m▄[38;2;90;24;8;48;2;101;25;8m▄[38;2;123;32;12;48;2;126;33;11m▄[38;2;122;32;12;48;2;124;33;12m▄[48;2;122;33;12m▄[38;2;123;33;12m▄[38;2;124;33;12;48;2;123;33;12m▄[38;2;123;33;13;48;2;123;34;13m▄▄[48;2;123;33;13m [38;2;122;33;12m▄[38;2;122;32;12;48;2;122;33;13m▄[38;2;123;33;12;48;2;123;33;13m▄▄ [48;2;125;34;13m▄[38;2;121;32;12;48;2;116;33;12m▄[38;2;112;66;29;48;2;173;130;61m▄[38;2;147;113;59;48;2;209;160;74m▄[0m[7m[38;2;78;63;39m▄[0m[38;2;16;15;15m [0m
 [38;2;0;0;0m    [0m [7m[38;2;37;33;28m▄[0m[38;2;93;28;15;48;2;89;36;11m▄[38;2;117;31;11;48;2;94;26;9m▄[38;2;121;33;12;48;2;116;31;11m▄[38;2;75;20;6;48;2;87;22;7m▄[38;2;80;19;6;48;2;109;28;10m▄[38;2;121;30;11;48;2;120;31;12m▄[38;2;127;33;12;48;2;124;32;12m▄[38;2;125;34;12;48;2;125;33;12m▄[38;2;122;32;12;48;2;124;33;12m▄[48;2;123;33;12m [38;2;124;34;13;48;2;123;34;13m▄[38;2;125;34;13;48;2;123;33;13m▄[38;2;124;33;12;48;2;122;33;12m▄[38;2;121;32;12;48;2;122;32;12m▄▄[38;2;122;33;12m▄[38;2;123;33;12m▄[38;2;124;33;12m▄[38;2;125;33;11;48;2;121;31;12m▄[38;2;116;32;11;48;2;92;28;12m▄[0m [38;2;27;24;24m  [0m
 [38;2;0;0;0m      [38;2;39;24;21;48;2;66;28;21m▄[38;2;123;35;13;48;2;115;31;11m▄[38;2;119;33;12;48;2;114;31;11m▄[38;2;98;26;9;48;2;80;21;7m▄[38;2;121;32;8;48;2;93;24;7m▄[38;2;159;124;80;48;2;90;46;25m▄[38;2;249;231;155;48;2;166;144;95m▄[38;2;234;216;138;48;2;150;123;78m▄[38;2;230;213;136;48;2;140;111;68m▄[38;2;245;231;153;48;2;127;90;53m▄[38;2;92;44;23;48;2;85;22;7m▄[38;2;154;53;21;48;2;111;32;11m▄[38;2;180;62;25;48;2;105;28;9m▄[38;2;148;84;46;48;2;87;22;8m▄[38;2;243;230;152;48;2;97;35;15m▄[38;2;227;213;135;48;2;103;32;12m▄[38;2;211;198;132;48;2;121;34;12m▄[38;2;94;50;28;48;2;118;31;11m▄[38;2;33;20;19m▄[0m[7m[38;2;123;35;12m▄[38;2;40;22;19m▄[0m[38;2;18;15;14m  [0m
 [38;2;0;0;0m      [0m [38;2;66;25;18;48;2;102;29;13m▄[38;2;113;30;11;48;2;113;31;12m▄[38;2;116;31;11;48;2;111;30;10m▄[38;2;92;23;7;48;2;95;24;7m▄[38;2;114;40;16;48;2;138;103;63m▄[38;2;202;185;125;48;2;249;229;146m▄[38;2;249;233;158;48;2;216;200;129m▄[38;2;246;229;153;48;2;222;207;140m▄[38;2;154;130;88;48;2;245;230;154m▄[38;2;78;22;7;48;2;82;40;20m▄[38;2;104;32;13;48;2;131;45;18m▄[38;2;171;58;26;48;2;175;60;26m▄[38;2;161;56;25;48;2;136;51;23m▄[38;2;204;187;119;48;2;236;225;155m▄[38;2;237;222;142;48;2;168;159;107m▄[38;2;234;222;148;48;2;247;231;147m▄[38;2;53;46;37;48;2;115;94;62m▄[0m [38;2;0;0;0m    [0m
 [38;2;0;0;0m      [0m [38;2;56;23;12;48;2;39;22;19m▄[38;2;104;27;9;48;2;118;31;11m▄[38;2;102;26;9;48;2;115;30;10m▄[38;2;87;22;8;48;2;88;21;8m▄[38;2;123;31;11;48;2;116;30;11m▄[38;2;121;32;11;48;2;113;33;12m▄[38;2;122;32;11;48;2;122;61;33m▄[38;2;120;31;11;48;2;113;51;26m▄[38;2;117;30;11;48;2;104;27;10m▄[38;2;84;21;6;48;2;71;18;6m▄[38;2;88;23;6;48;2;89;26;9m▄[38;2;170;54;22;48;2;178;60;24m▄[38;2;164;54;24;48;2;177;61;25m▄[38;2;97;27;10;48;2;128;93;56m▄[38;2;108;27;9;48;2;161;135;83m▄[38;2;88;31;19;48;2;115;61;35m▄[0m [38;2;10;10;10m     [0m
 [38;2;0;0;0m     [0m [38;2;52;29;21;48;2;55;36;29m▄[38;2;78;38;23;48;2;58;27;16m▄[38;2;68;23;11;48;2;69;18;6m▄[38;2;95;27;9;48;2;72;19;7m▄[38;2;61;17;6;48;2;89;23;7m▄[38;2;95;23;8;48;2;120;31;11m▄[38;2;119;30;10;48;2;122;32;11m▄[38;2;119;31;11;48;2;120;31;11m▄[38;2;122;33;11m▄[48;2;126;33;11m▄[38;2;105;28;11;48;2;80;19;5m▄[38;2;62;15;4;48;2;70;16;4m▄[38;2;85;21;6;48;2;103;29;10m▄[38;2;99;25;7;48;2;115;32;12m▄[38;2;118;29;9;48;2;88;23;7m▄[38;2;106;31;14;48;2;115;29;7m▄[0m[7m[38;2;54;33;29m▄[0m[38;2;19;18;18m      [0m
 [38;2;0;0;0m     [0m [38;2;76;41;28;48;2;54;29;21m▄[38;2;78;47;33;48;2;59;30;19m▄[38;2;221;220;221;48;2;133;123;121m▄[38;2;88;31;19;48;2;102;27;10m▄[38;2;58;12;4;48;2;50;12;4m▄[38;2;1;0;0;48;2;9;2;1m▄[38;2;99;97;75;48;2;79;46;28m▄[38;2;103;100;72;48;2;96;37;18m▄[38;2;93;86;62;48;2;121;31;10m▄[38;2;126;106;71;48;2;120;31;12m▄[38;2;86;45;27;48;2;116;29;11m▄[38;2;111;54;33;48;2;115;28;10m▄[38;2;100;34;16;48;2;117;29;10m▄[38;2;96;33;15;48;2;120;30;10m▄[38;2;92;40;29;48;2;118;30;9m▄[0m[7m[38;2;67;35;29m▄[0m[38;2;25;23;23m       [0m
 [38;2;0;0;0m     [0m [38;2;72;36;25;48;2;66;34;22m▄[38;2;70;50;43;48;2;73;48;38m▄[38;2;230;230;231;48;2;244;244;244m▄[38;2;170;155;151;48;2;113;79;70m▄[38;2;123;32;9;48;2;88;21;6m▄[38;2;85;21;6;48;2;41;10;3m▄[38;2;22;7;2;48;2;11;11;9m▄[38;2;117;109;68;48;2;4;4;3m▄[38;2;2;2;1;48;2;56;55;39m▄[38;2;30;26;14;48;2;51;50;36m▄[38;2;7;6;5;48;2;80;79;62m▄[38;2;35;22;18;48;2;100;98;85m▄[0m[7m[38;2;109;109;92m▄[38;2;115;113;85m▄[0m [38;2;0;0;0m        [0m
 [38;2;0;0;0m    [0m [38;2;29;26;25m▄[38;2;58;29;19;48;2;67;33;23m▄[38;2;58;30;21;48;2;70;48;41m▄[38;2;122;82;73;48;2;234;234;234m▄[38;2;119;74;65;48;2;220;218;218m▄[38;2;79;31;20;48;2;98;33;18m▄[38;2;110;31;11;48;2;104;29;10m▄[38;2;88;23;8;48;2;65;18;7m▄[38;2;122;31;10;48;2;115;66;31m▄[38;2;121;32;11;48;2;45;16;6m▄[38;2;121;31;11;48;2;118;90;47m▄[38;2;114;29;10;48;2;35;20;9m▄[38;2;112;28;10;48;2;32;8;3m▄[38;2;65;39;34;48;2;56;28;21m▄[0m [38;2;0;0;0m         [0m
 [38;2;65;42;36m▄[38;2;99;31;15m▄[38;2;118;33;12;48;2;48;31;28m▄[38;2;119;33;13;48;2;88;42;31m▄[38;2;118;32;12;48;2;93;29;14m▄[38;2;118;31;12;48;2;101;27;10m▄[38;2;63;23;13;48;2;81;39;24m▄[38;2;62;30;19;48;2;87;44;29m▄[38;2;53;25;17;48;2;92;26;11m▄[38;2;95;23;8;48;2;117;30;10m▄[38;2;115;29;9;48;2;116;29;9m▄[38;2;96;23;7;48;2;97;25;8m▄[38;2;101;25;6;48;2;104;27;8m▄[38;2;87;21;7;48;2;99;25;9m▄[38;2;117;31;11;48;2;115;30;11m▄[38;2;118;30;11;48;2;116;30;11m▄[38;2;109;27;9;48;2;118;30;10m▄[38;2;99;26;9;48;2;99;25;7m▄[38;2;126;35;12;48;2;86;44;32m▄[38;2;125;34;11;48;2;45;29;25m▄[0m[38;2;99;28;11m▄[38;2;76;39;30m▄[0m [38;2;35;32;31m      [0m
[38;2;70;23;10;48;2;75;35;25m▄[38;2;89;23;8;48;2;119;33;13m▄[38;2;118;32;12;48;2;119;32;12m▄[38;2;121;34;12;48;2;120;33;12m▄[38;2;124;34;12;48;2;122;33;12m▄[48;2;121;32;12m▄[38;2;121;32;12;48;2;122;33;12m▄[38;2;112;31;11;48;2;79;22;8m▄[38;2;83;25;11;48;2;71;37;25m▄[38;2;79;26;12;48;2;76;41;29m▄[38;2;106;30;12;48;2;69;25;10m▄[38;2;117;32;12;48;2;111;29;10m▄[38;2;115;30;12;48;2;100;26;9m▄[38;2;90;24;9;48;2;70;17;5m▄[38;2;73;19;5;48;2;91;22;6m▄[38;2;89;21;5;48;2;122;30;10m▄[38;2;79;20;6;48;2;125;32;10m▄[38;2;117;30;10;48;2;91;23;7m▄[38;2;119;31;11;48;2;116;30;11m▄[38;2;120;31;12;48;2;120;32;11m▄[38;2;122;33;12;48;2;122;32;12m▄[38;2;123;33;12;48;2;121;32;11m▄[38;2;121;33;12;48;2;120;32;12m▄[38;2;116;33;12;48;2;111;33;12m▄[38;2;83;28;10;48;2;61;40;34m▄[0m[38;2;55;36;28m▄    [0m
[38;2;160;67;32;48;2;130;55;27m▄[38;2;170;71;35;48;2;63;21;9m▄[38;2;101;27;9;48;2;100;26;9m▄[38;2;94;24;9;48;2;122;33;12m▄[38;2;96;24;8;48;2;125;34;12m▄[38;2;108;28;10;48;2;124;33;12m▄[38;2;123;32;12;48;2;123;33;12m▄[38;2;123;33;12;48;2;120;33;13m▄[38;2;122;33;12;48;2;118;32;13m▄[38;2;124;33;12;48;2;121;32;13m▄[48;2;123;34;13m [38;2;121;33;13;48;2;120;33;13m▄[48;2;119;32;12m▄[38;2;121;33;12;48;2;122;32;12m▄[48;2;124;33;11m▄[38;2;119;33;12;48;2;73;18;6m▄[38;2;120;33;12;48;2;99;26;8m▄[38;2;124;35;13;48;2;122;33;12m▄[38;2;125;35;12;48;2;120;32;12m▄[38;2;123;33;12m▄[38;2;119;31;11;48;2;122;33;12m▄[38;2;98;26;9;48;2;126;34;12m▄[38;2;93;24;8;48;2;125;33;11m▄[38;2;112;28;9;48;2;84;23;7m▄[38;2;114;47;21;48;2;84;33;13m▄[38;2;26;20;18;48;2;69;46;33m▄[0m [38;2;0;0;0m   [0m
[38;2;111;47;22;48;2;157;65;31m▄[38;2;178;74;37;48;2;183;77;39m▄[38;2;140;57;26;48;2;117;42;19m▄[38;2;127;33;12;48;2;119;32;13m▄[38;2;120;32;12;48;2;120;32;13m▄[38;2;119;31;12;48;2;111;31;12m▄[38;2;118;32;12;48;2;95;25;8m▄[38;2;120;33;13;48;2;100;26;9m▄[38;2;123;34;13;48;2;98;26;9m▄[38;2;123;33;13;48;2;97;25;8m▄[38;2;119;33;12;48;2;101;27;9m▄[38;2;115;31;11;48;2;106;28;10m▄[38;2;108;30;11;48;2;113;30;10m▄[38;2;101;27;10;48;2;112;29;9m▄[48;2;112;30;9m▄[38;2;104;28;10;48;2;110;29;9m▄[38;2;110;31;11;48;2;104;27;9m▄[38;2;122;34;13;48;2;104;28;9m▄[38;2;123;34;13;48;2;98;26;9m▄[38;2;122;34;13;48;2;103;28;10m▄[38;2;120;33;13;48;2;97;26;9m▄[38;2;117;31;12;48;2;111;30;11m▄[38;2;119;31;11;48;2;116;30;11m▄[38;2;108;33;13;48;2;109;29;10m▄[38;2;116;51;25;48;2;127;55;26m▄[38;2;84;40;21;48;2;75;39;23m▄[0m[38;2;52;30;22m▄[0m [38;2;3;3;3m  [0m
[7m[38;2;100;45;22m▄[38;2;184;78;38m▄[38;2;170;70;32m▄[38;2;113;30;11m▄[38;2;122;33;12m▄[38;2;121;33;13m▄[38;2;125;34;13m▄[38;2;129;37;14m▄[38;2;127;37;14m▄[38;2;121;33;12m▄[38;2;121;34;12m▄[38;2;123;35;13m▄[38;2;121;34;13m▄[38;2;123;35;13m▄[38;2;124;35;13m▄[38;2;123;35;13m▄[38;2;122;35;14m▄[38;2;123;35;14m▄[38;2;120;34;13m▄[38;2;119;33;13m▄[38;2;124;34;12m▄[38;2;125;34;12m▄[38;2;124;34;11m▄[38;2;110;37;17m▄[38;2;66;36;25m▄[38;2;72;34;19m▄[38;2;81;39;23m▄[0m [38;2;18;14;13m  [0m
[?25h