[?25l[0m[7m[38;2;77;23;28m▄[38;2;104;38;44m▄[38;2;72;37;25m▄[38;2;80;27;25m▄[38;2;105;29;36m▄[38;2;105;26;33m▄[38;2;103;23;29m▄[38;2;102;21;27m▄[38;2;101;20;27m▄[38;2;102;20;27m▄▄[38;2;101;20;26m▄[38;2;102;20;27m▄[38;2;101;19;26m▄[38;2;101;20;26m▄[38;2;104;23;29m▄[38;2;106;27;33m▄[38;2;103;26;32m▄[38;2;108;31;37m▄[38;2;108;33;39m▄[38;2;88;17;23m▄[38;2;93;28;33m▄[38;2;98;38;43m▄[38;2;78;20;25m▄[38;2;62;12;16m▄[38;2;55;18;22m▄[0m    [0m
 [38;2;0;0;0m                             [0m
 [38;2;0;0;0m    [0m [38;2;55;54;48m▄                       [0m
 [38;2;0;0;0m   [0m [38;2;167;153;102;48;2;76;71;52m▄[38;2;155;142;97;48;2;121;112;81m▄[0m [38;2;5;5;5m                 [38;2;82;77;60m▄[0m [38;2;20;19;17m   [0m
 [38;2;0;0;0m   [0m [38;2;231;210;133;48;2;223;204;135m▄[38;2;233;212;136;48;2;218;200;128m▄[0m[38;2;170;156;103m▄[38;2;82;25;7;48;2;40;32;31m▄[38;2;113;28;1;48;2;83;42;26m▄[38;2;166;47;3;48;2;110;43;18m▄[38;2;159;45;4;48;2;122;53;27m▄[38;2;159;45;5;48;2;110;42;17m▄[38;2;161;46;5;48;2;119;46;20m▄[38;2;162;47;6;48;2;128;56;30m▄[38;2;161;47;6;48;2;103;44;21m▄[38;2;161;48;7;48;2;80;40;24m▄[38;2;160;48;7;48;2;46;26;17m▄[0m[38;2;147;43;5m▄[38;2;119;39;11m▄[38;2;87;40;22m▄[0m [38;2;26;20;18m [0m [38;2;78;74;56m▄[38;2;230;210;136;48;2;169;155;106m▄[38;2;124;115;83;48;2;80;74;54m▄[0m[38;2;124;115;83m   [0m
 [38;2;0;0;0m   [0m [38;2;151;139;95;48;2;216;196;125m▄[38;2;234;214;139;48;2;233;213;138m▄[38;2;233;212;135;48;2;234;214;139m▄[38;2;232;212;135;48;2;210;192;125m▄[38;2;152;122;74;48;2;125;75;37m▄[38;2;112;24;1;48;2;118;30;1m▄[38;2;127;35;2;48;2;159;46;4m▄[38;2;162;46;5;48;2;161;46;5m▄[38;2;160;45;4;48;2;159;46;5m▄[38;2;159;45;5m▄[38;2;160;46;5;48;2;160;47;6m▄ ▄[38;2;159;46;5;48;2;160;46;5m▄[38;2;159;45;5;48;2;162;46;5m▄[38;2;158;45;5;48;2;162;48;5m▄[38;2;157;45;5;48;2;131;43;12m▄[38;2;130;46;11;48;2;43;35;31m▄[38;2;200;180;115;48;2;100;93;65m▄[38;2;236;216;141;48;2;222;204;135m▄[38;2;237;219;146;48;2;236;217;142m▄[38;2;59;55;42;48;2;115;107;75m▄[0m[38;2;59;55;42m   [0m
 [38;2;0;0;0m    [0m [7m[38;2;194;176;112m▄[0m[38;2;127;109;66;48;2;232;211;131m▄[38;2;143;117;71;48;2;234;214;140m▄[38;2;108;27;4;48;2;130;88;51m▄[38;2;125;27;2;48;2;129;29;1m▄[38;2;126;25;1;48;2;117;25;1m▄[38;2;88;22;1;48;2;158;44;3m▄[38;2;152;43;5;48;2;161;45;5m▄[38;2;165;47;6;48;2;162;46;5m▄[38;2;159;45;6;48;2;160;46;5m▄[38;2;159;46;6;48;2;159;45;5m▄[38;2;159;46;5m▄[38;2;159;45;5;48;2;158;45;5m▄[48;2;159;45;5m [38;2;160;46;5;48;2;160;45;5m▄ [38;2;157;44;5;48;2;164;47;4m▄[38;2;147;41;4;48;2;115;59;26m▄[38;2;109;85;51;48;2;229;209;130m▄[0m[7m[38;2;162;149;98m▄[0m [38;2;0;0;0m   [0m
 [38;2;0;0;0m     [0m [38;2;46;23;18;48;2;88;36;22m▄[38;2;125;28;2;48;2;133;30;2m▄[38;2;128;28;2;48;2;129;29;2m▄[38;2;126;28;2;48;2;131;29;1m▄[38;2;54;11;2;48;2;70;14;1m▄[38;2;179;175;123;48;2;34;34;23m▄[38;2;245;242;168;48;2;156;153;106m▄[38;2;233;231;153;48;2;155;131;83m▄[38;2;207;206;140;48;2;136;91;52m▄[38;2;176;176;123;48;2;108;38;10m▄[38;2;6;5;3;48;2;117;34;3m▄[38;2;5;2;1;48;2;126;35;3m▄[38;2;53;52;35;48;2;140;39;4m▄[38;2;171;170;114;48;2;150;43;5m▄[38;2;180;180;122;48;2;145;41;6m▄[38;2;141;139;99;48;2;139;38;5m▄[38;2;31;14;12;48;2;124;33;2m▄[0m[7m[38;2;80;31;17m▄[0m [38;2;0;0;0m    [0m
 [38;2;0;0;0m     [0m [38;2;50;26;20m▄[38;2;81;23;4;48;2;122;40;6m▄[38;2;116;37;5;48;2;113;27;2m▄[38;2;130;28;1;48;2;131;29;1m▄[38;2;123;26;1;48;2;93;19;2m▄[38;2;85;42;21;48;2;174;165;111m▄[38;2;194;188;122;48;2;245;242;161m▄[38;2;244;241;159;48;2;224;221;145m▄[38;2;242;239;171;48;2;200;198;138m▄[38;2;139;128;91;48;2;238;237;165m▄[38;2;100;25;1;48;2;78;29;10m▄[38;2;140;38;2;48;2;130;35;2m▄[38;2;123;40;9;48;2;148;117;73m▄[38;2;229;227;157;48;2;248;245;169m▄[38;2;246;244;172;48;2;136;135;93m▄[38;2;225;224;165;48;2;247;245;174m▄[0m[7m[38;2;71;71;58m▄[0m[38;2;40;40;36m      [0m
 [38;2;0;0;0m    [0m [38;2;90;24;3;48;2;43;25;19m▄[38;2;72;22;7;48;2;72;19;2m▄[38;2;108;87;81;48;2;75;18;3m▄[38;2;90;23;2;48;2;117;38;4m▄[38;2;130;27;2;48;2;135;28;1m▄[48;2;128;27;1m▄[38;2;127;27;2;48;2;94;19;1m▄[38;2;108;22;1;48;2;122;26;2m▄[38;2;141;33;1;48;2;118;48;16m▄[38;2;136;32;3;48;2;120;44;14m▄[38;2;131;31;3;48;2;105;24;3m▄[38;2;119;26;0;48;2;115;28;0m▄[38;2;128;33;2;48;2;130;35;2m▄[38;2;152;43;4;48;2;158;45;4m▄[38;2;97;24;2;48;2;133;108;70m▄[38;2;106;28;8;48;2;165;141;94m▄[0m[7m[38;2;63;59;49m▄[0m [38;2;0;0;0m      [0m
 [38;2;0;0;0m   [0m [38;2;70;30;17;48;2;45;24;18m▄[38;2;93;29;5;48;2;72;19;3m▄[38;2;170;169;169;48;2;113;101;99m▄[38;2;245;246;247;48;2;245;245;245m▄[38;2;145;113;104;48;2;102;47;33m▄[38;2;136;31;2;48;2;129;29;2m▄[38;2;108;23;2;48;2;131;29;2m▄[38;2;87;19;2;48;2;134;30;2m▄[38;2;122;25;1;48;2;135;30;1m▄[38;2;99;20;1;48;2;116;25;1m▄[38;2;136;31;2;48;2;134;31;3m▄[38;2;143;33;1;48;2;136;32;3m▄[38;2;99;21;1;48;2;99;19;0m▄[38;2;86;19;1;48;2;114;28;2m▄[38;2;111;28;2;48;2;144;41;3m▄[38;2;108;25;3;48;2;94;24;2m▄[38;2;54;30;26;48;2;74;38;30m▄[0m[38;2;54;30;26m        [0m
 [38;2;0;0;0m   [0m [38;2;74;22;6;48;2;51;15;5m▄[48;2;68;19;4m [38;2;229;229;229;48;2;226;225;225m▄[38;2;236;236;236;48;2;242;242;242m▄[38;2;206;205;203;48;2;172;165;162m▄[38;2;106;23;3;48;2;137;33;3m▄[38;2;94;19;1;48;2;80;16;1m▄[38;2;17;8;4;48;2;41;38;25m▄[38;2;10;9;6;48;2;104;77;43m▄[38;2;110;105;65;48;2;88;22;3m▄[38;2;45;38;20;48;2;137;29;2m▄[38;2;67;40;26;48;2;136;29;1m▄[38;2;111;66;41;48;2;133;29;2m▄[38;2;108;47;22;48;2;117;27;2m▄[38;2;114;43;19;48;2;131;30;3m▄[38;2;95;36;21;48;2;134;32;5m▄[0m [38;2;32;26;25m        [0m
 [38;2;0;0;0m   [0m [38;2;47;29;23;48;2;87;36;19m▄[38;2;79;19;2;48;2;100;28;4m▄[38;2;145;136;134;48;2;199;199;199m▄[38;2;250;251;251;48;2;236;237;237m▄[38;2;246;246;246;48;2;235;235;233m▄[38;2;55;30;23;48;2;101;44;29m▄[38;2;114;27;2;48;2;119;28;1m▄[38;2;118;27;1;48;2;60;12;0m▄[38;2;71;13;1;48;2;4;0;0m▄[38;2;30;6;0;48;2;0;0;0m▄[38;2;12;1;1;48;2;16;2;1m▄[38;2;29;13;13;48;2;57;51;49m▄[0m [7m[38;2;75;75;61m▄[0m [38;2;0;0;0m          [0m
 [38;2;0;0;0m    [7m[38;2;24;17;16m▄[0m[38;2;63;20;6;48;2;99;23;2m▄[38;2;89;27;6;48;2;89;63;56m▄[38;2;141;135;133;48;2;250;250;250m▄[38;2;132;121;117;48;2;237;237;237m▄[38;2;72;25;5;48;2;47;23;13m▄[38;2;56;18;2;48;2;68;17;1m▄[38;2;55;13;1;48;2;131;30;1m▄[38;2;126;29;2;48;2;130;30;2m▄[38;2;102;24;2;48;2;98;22;1m▄[38;2;135;31;3;48;2;108;21;1m▄[38;2;130;30;3;48;2;72;13;1m▄[38;2;131;29;1;48;2;62;12;3m▄[38;2;81;38;28;48;2;57;33;28m▄[0m [38;2;2;2;2m          [0m
 [38;2;0;0;0m [0m [38;2;57;35;29m▄[38;2;108;30;9m▄[38;2;134;32;3;48;2;56;33;28m▄[38;2;124;29;2;48;2;71;22;8m▄[38;2;64;17;2;48;2;101;28;3m▄[38;2;101;30;4;48;2;74;19;3m▄[38;2;62;17;2;48;2;77;18;2m▄[38;2;62;22;4;48;2;63;21;3m▄[38;2;74;26;5;48;2;54;17;2m▄[38;2;66;19;2;48;2;38;10;1m▄[38;2;135;29;1;48;2;91;19;1m▄[38;2;105;24;1;48;2;100;22;2m▄[38;2;127;30;3;48;2;130;30;3m▄[38;2;139;32;2;48;2;135;32;3m▄[38;2;87;37;25;48;2;129;31;5m▄[0m [38;2;5;5;5m           [0m
[38;2;96;45;25m▄[38;2;120;47;19m▄[38;2;103;26;4;48;2;62;26;16m▄[38;2;137;31;3;48;2;129;31;5m▄[38;2;135;32;4;48;2;137;33;3m▄[48;2;136;33;3m [38;2;135;32;3;48;2;136;32;3m▄[38;2;134;32;3;48;2;131;32;4m▄[38;2;133;31;3;48;2;129;30;3m▄[38;2;118;28;3;48;2;71;20;2m▄[38;2;87;22;2;48;2;85;30;3m▄[38;2;81;24;2;48;2;63;19;3m▄[38;2;84;20;1;48;2;56;14;1m▄[38;2;135;32;3;48;2;138;32;2m▄[38;2;133;32;3;48;2;107;25;2m▄[38;2;101;24;3;48;2;106;24;2m▄[38;2;89;21;2;48;2;108;24;2m▄[38;2;130;30;3;48;2;97;22;3m▄[38;2;133;31;3;48;2;72;35;25m▄[0m[38;2;112;30;8m▄[38;2;58;36;27m▄[38;2;44;31;25m▄[0m [38;2;2;3;3m       [0m
[38;2;85;28;5;48;2;148;54;15m▄[38;2;138;48;10;48;2;164;59;16m▄[38;2;170;61;14;48;2;150;52;12m▄[38;2;89;25;4;48;2;117;27;2m▄[38;2;97;20;1;48;2;135;31;3m▄[38;2;102;22;1;48;2;133;31;3m▄[38;2;129;29;2;48;2;135;32;3m▄[38;2;138;32;3;48;2;137;32;4m▄[48;2;136;31;3m▄[38;2;137;32;3;48;2;136;32;3m▄[38;2;133;32;3;48;2;134;32;4m▄[38;2;133;31;3;48;2;137;32;3m▄[38;2;135;31;2;48;2;132;30;2m▄[38;2;126;30;1;48;2;136;31;2m▄[48;2;137;33;3m [38;2;136;33;4;48;2;134;32;4m▄[38;2;137;33;3;48;2;133;31;4m▄[38;2;138;33;3;48;2;134;32;3m▄[38;2;134;32;3;48;2;137;32;3m▄[38;2;119;27;3;48;2;141;33;2m▄[38;2;87;18;1;48;2;105;26;1m▄[38;2;141;50;12;48;2;139;50;11m▄[38;2;67;36;24;48;2;38;25;20m▄[0m[38;2;67;36;24m       [0m
[38;2;87;27;4;48;2;85;27;4m▄[38;2;85;27;4;48;2;78;25;3m▄[38;2;115;38;8;48;2;158;57;13m▄[38;2;146;50;11;48;2;119;39;8m▄[38;2;112;25;2;48;2;132;29;2m▄[38;2;132;30;2;48;2;130;30;3m▄[38;2;132;30;3;48;2;108;24;2m▄[38;2;131;30;3;48;2;104;24;2m▄[48;2;105;22;1m▄[38;2;132;31;3;48;2;101;23;2m▄[38;2;127;29;3;48;2;106;24;1m▄[38;2;119;26;3;48;2;120;28;1m▄[38;2;109;25;3;48;2;125;29;1m▄[38;2;102;23;2;48;2;123;29;1m▄[38;2;103;23;2;48;2;133;32;2m▄[38;2;107;24;1;48;2;128;30;2m▄[38;2;120;26;2;48;2;120;27;2m▄[38;2;128;30;3;48;2;105;24;2m▄[38;2;132;30;3;48;2;101;22;1m▄[38;2;134;31;2;48;2;100;23;2m▄[38;2;105;24;2;48;2;105;23;2m▄[38;2;142;50;8;48;2;149;52;10m▄[38;2;54;24;14;48;2;53;32;23m▄[0m [38;2;12;12;12m      [0m
[?25h