[?25l[0m[38;2;128;82;16;48;2;163;123;20m▄[38;2;187;141;23;48;2;183;140;23m▄[38;2;141;100;17;48;2;132;83;16m▄[38;2;113;12;23;48;2;112;11;23m▄[48;2;112;12;23m [38;2;111;12;24;48;2;111;12;23m▄[38;2;112;12;23m▄[38;2;112;13;24m▄[38;2;112;13;23m▄[38;2;112;12;24m▄[38;2;112;12;23m▄[38;2;112;13;24m▄[38;2;112;13;23m▄[38;2;111;12;23;48;2;111;12;22m▄▄[38;2;112;12;23m▄[38;2;112;13;23;48;2;111;13;23m▄[48;2;111;12;23m [38;2;111;13;23;48;2;110;12;23m▄[38;2;111;12;23m▄▄[38;2;112;13;23m▄[38;2;112;13;24;48;2;111;13;24m▄[48;2;112;13;24m [38;2;113;13;24;48;2;111;13;24m▄[38;2;112;14;25;48;2;113;13;25m▄[48;2;113;13;24m▄[38;2;104;39;17;48;2;95;34;16m▄[38;2;182;136;23;48;2;179;133;23m▄[38;2;185;139;24;48;2;185;139;23m▄[0m
[7m[38;2;115;40;19m▄[38;2;195;147;24m▄[38;2;159;117;18m▄[38;2;104;13;23m▄[38;2;108;14;24m▄[38;2;111;13;24m▄[38;2;115;14;25m▄[38;2;116;15;25m▄[38;2;117;15;25m▄[38;2;115;15;26m▄[38;2;112;14;25m▄[38;2;111;14;25m▄[38;2;113;14;25m▄[38;2;114;15;24m▄[38;2;114;14;24m▄[38;2;113;14;24m▄[38;2;114;14;24m▄▄[38;2;113;14;25m▄[38;2;114;15;25m▄▄[38;2;114;14;25m▄[38;2;116;15;26m▄▄[38;2;112;14;25m▄[38;2;111;15;26m▄[38;2;110;16;26m▄[38;2;113;49;19m▄[38;2;193;146;25m▄[38;2;143;102;18m▄[0m
 [38;2;0;0;0m                             [0m
 [38;2;0;0;0m             [0m  [38;2;20;20;20m     [0m  [38;2;57;90;91m▄[38;2;86;122;124m▄[38;2;112;156;158m▄[38;2;136;184;185m▄[38;2;150;195;197m▄[38;2;150;196;199m▄[38;2;149;196;199m▄[0m
 [38;2;0;0;0m             [0m [38;2;185;139;56;48;2;108;83;46m▄[0m [38;2;34;30;23m   [38;2;74;123;125m▄[38;2;175;220;222;48;2;123;173;175m▄[38;2;169;223;222;48;2;167;214;215m▄[38;2;157;219;214;48;2;193;229;231m▄[38;2;147;217;209;48;2;192;229;230m▄[38;2;130;209;200;48;2;189;228;229m▄[38;2;123;207;196;48;2;191;229;230m▄[38;2;122;208;195;48;2;193;230;232m▄[38;2;124;209;195;48;2;189;228;229m▄[38;2;122;207;193;48;2;184;225;226m▄[0m
     [38;2;26;26;25m        [0m [38;2;157;120;54m▄[38;2;237;176;67;48;2;233;179;74m▄[38;2;104;84;49;48;2;87;71;41m▄[0m[38;2;104;84;49m   [38;2;101;144;145;48;2;101;143;144m▄[38;2;110;201;191;48;2;108;189;185m▄[38;2;114;206;190;48;2;99;189;179m▄[38;2;123;209;192;48;2;109;189;179m▄[38;2;125;207;192;48;2;111;192;181m▄[38;2;111;195;184;48;2;131;208;193m▄[38;2;107;190;180;48;2;144;217;201m▄[38;2;109;190;180;48;2;142;217;201m▄[38;2;84;155;147;48;2;138;216;200m▄[38;2;49;100;96m▄[0m
[38;2;103;29;5;48;2;122;35;8m▄[38;2;143;41;8;48;2;124;34;8m▄[38;2;144;41;9;48;2;119;33;8m▄[38;2;143;41;9;48;2;120;36;9m▄[38;2;143;41;10;48;2;116;36;12m▄[38;2;143;41;11;48;2;115;40;17m▄[38;2;143;41;10;48;2;117;44;21m▄[38;2;142;41;10;48;2;118;46;23m▄[48;2;123;53;32m▄[38;2;141;40;10;48;2;105;39;20m▄[48;2;104;37;19m▄[38;2;143;42;9;48;2;111;45;25m▄[38;2;144;42;9;48;2;104;45;29m▄[38;2;139;66;22;48;2;139;104;45m▄[38;2;240;181;75;48;2;237;175;65m▄[38;2;206;154;64;48;2;239;178;70m▄[0m [38;2;22;21;20m   [38;2;100;142;144;48;2;95;140;142m▄[38;2;108;200;184;48;2;106;199;185m▄[38;2;110;204;179;48;2;110;205;181m▄[38;2;111;206;180;48;2;104;203;179m▄[38;2;111;205;180;48;2;96;199;177m▄[38;2;105;202;177;48;2;98;200;179m▄[38;2;74;144;126;48;2;99;201;180m▄[38;2;35;42;42;48;2;68;112;103m▄[38;2;36;43;43;48;2;37;46;46m▄[38;2;37;44;44;48;2;40;47;48m▄[0m
[38;2;134;37;7;48;2;113;31;6m▄[38;2;110;29;5;48;2;127;35;7m▄[38;2;145;41;9;48;2;144;41;9m▄[38;2;143;41;10;48;2;144;41;10m▄▄[38;2;142;41;10;48;2;143;42;10m▄[48;2;142;40;9m [38;2;142;41;9m▄[48;2;143;41;10m [38;2;143;42;10m▄[38;2;142;41;9;48;2;143;41;9m▄[38;2;141;40;9;48;2;142;40;8m▄[38;2;141;39;8;48;2;143;41;9m▄[38;2;137;39;8;48;2;134;38;9m▄[38;2;84;44;30;48;2;184;133;48m▄[0m[7m[38;2;92;76;47m▄[0m[38;2;5;6;6m    [38;2;105;145;147;48;2;102;142;144m▄[38;2;114;204;188;48;2;110;201;185m▄[38;2;114;206;182;48;2;112;205;180m▄[38;2;113;207;182;48;2;111;205;180m▄[38;2;78;142;125;48;2;108;204;179m▄[38;2;34;43;43;48;2;70;132;116m▄[38;2;38;45;45;48;2;38;55;52m▄[38;2;82;75;57;48;2;40;48;48m▄[38;2;205;169;107;48;2;86;77;58m▄[38;2;211;173;110;48;2;144;120;77m▄[0m
[38;2;127;33;7;48;2;124;33;8m▄[38;2;121;30;6;48;2;110;28;6m▄[38;2;99;28;7;48;2;137;40;9m▄[38;2;143;43;11;48;2;146;43;10m▄[38;2;145;43;10;48;2;143;42;10m▄[38;2;144;42;10;48;2;142;41;10m▄[38;2;142;41;9;48;2;141;41;9m▄[38;2;140;41;9;48;2;142;41;10m▄ [38;2;144;41;10m▄[38;2;145;42;11m▄[38;2;144;42;10;48;2;143;41;9m▄[48;2;144;41;9m▄[38;2;141;41;10;48;2;142;42;10m▄[38;2;130;38;10;48;2;111;44;24m▄[0m [38;2;19;17;17m    [38;2;94;138;140;48;2;99;141;143m▄[38;2;109;200;185;48;2;108;200;184m▄[38;2;111;204;179;48;2;112;205;181m▄[38;2;104;191;168;48;2;116;207;184m▄[38;2;37;50;49;48;2;41;63;58m▄[38;2;37;46;46;48;2;36;44;44m▄[38;2;41;49;50;48;2;36;43;44m▄[38;2;147;124;83;48;2;134;113;76m▄[38;2;210;174;111;48;2;212;176;113m▄[38;2;212;176;114;48;2;212;175;113m▄[0m
[38;2;119;32;8;48;2;133;36;7m▄[38;2;35;5;4;48;2;61;15;3m▄[38;2;158;157;115;48;2;77;33;17m▄[38;2;249;246;168;48;2;132;68;37m▄[38;2;164;162;108;48;2;117;49;20m▄[38;2;185;182;129;48;2;124;54;23m▄[38;2;199;197;149;48;2;121;52;23m▄[38;2;55;13;6;48;2;91;26;6m▄[38;2;74;18;7;48;2;99;29;6m▄[38;2;179;165;117;48;2;130;57;25m▄[38;2;231;227;157;48;2;135;63;29m▄[38;2;129;128;90;48;2;102;37;13m▄[38;2;242;238;170;48;2;120;55;25m▄[0m[7m[38;2;126;56;33m▄[38;2;136;62;36m▄[0m [38;2;0;0;0m    [38;2;101;141;143;48;2;95;137;140m▄[38;2;114;203;188;48;2;107;199;183m▄[38;2;108;202;178;48;2;109;203;179m▄[38;2;77;144;126;48;2;75;136;121m▄[38;2;35;42;43;48;2;39;47;48m▄[38;2;38;45;46;48;2;37;45;47m▄[38;2;48;56;56;48;2;49;57;58m▄[38;2;69;77;74;48;2;100;92;70m▄[38;2;209;175;115;48;2;211;175;112m▄[38;2;213;178;117;48;2;212;176;114m▄[0m
[38;2;129;36;8;48;2;118;32;7m▄[38;2;95;23;6;48;2;55;11;6m▄[38;2;127;68;39;48;2;167;160;113m▄[38;2;231;227;163;48;2;251;248;172m▄[38;2;250;247;184;48;2;251;248;170m▄[38;2;237;234;162;48;2;251;248;167m▄[38;2;114;78;50;48;2;202;195;140m▄[38;2;110;28;8;48;2;93;23;8m▄[38;2;119;31;10;48;2;128;33;10m▄[38;2;135;38;12;48;2;113;54;30m▄[38;2;179;163;113;48;2;243;239;160m▄[38;2;248;245;180;48;2;251;247;173m▄[38;2;150;147;114;48;2;246;243;177m▄[0m [38;2;7;7;7m      [38;2;102;143;146;48;2;94;133;135m▄[38;2;108;200;185;48;2;110;202;187m▄[48;2;109;203;179m [38;2;112;204;181;48;2;96;183;161m▄[38;2;48;76;70;48;2;31;41;41m▄[38;2;38;46;47;48;2;36;45;45m▄[38;2;40;49;50;48;2;39;48;48m▄[38;2;116;104;75;48;2;85;85;72m▄[38;2;158;133;89;48;2;203;169;112m▄[38;2;60;55;40;48;2;100;86;59m▄[0m
[38;2;126;33;7;48;2;125;33;8m▄[38;2;128;34;7;48;2;130;35;7m▄[38;2;128;34;6;48;2;109;29;5m▄[38;2;99;26;5;48;2;115;38;13m▄[38;2;134;38;9;48;2;136;71;39m▄[38;2;139;40;10;48;2;126;47;18m▄[38;2;140;39;9;48;2;134;38;11m▄[38;2;101;26;7;48;2;90;22;6m▄[38;2;84;19;5;48;2;101;25;7m▄[38;2;123;30;8;48;2;130;33;8m▄[38;2;101;24;5;48;2;92;37;17m▄[38;2;131;36;8;48;2;112;54;29m▄[38;2;69;36;27;48;2;66;36;28m▄[0m[38;2;69;36;27m       [38;2;79;118;122;48;2;91;132;135m▄[38;2;113;201;187;48;2;114;202;188m▄[38;2;109;203;180;48;2;111;204;180m▄[38;2;108;204;179;48;2;106;204;179m▄[38;2;159;143;101;48;2;114;132;103m▄[38;2;146;120;79;48;2;157;133;90m▄[38;2;107;92;65;48;2;48;51;46m▄[38;2;115;100;70;48;2;108;95;67m▄[38;2;214;179;118;48;2;211;175;111m▄[38;2;203;171;114;48;2;183;158;104m▄[0m
[38;2;105;36;16;48;2;131;35;6m▄[38;2;121;31;6;48;2;125;32;6m▄[48;2;126;32;6m▄[38;2;102;26;4;48;2;112;29;4m▄[38;2;140;39;8;48;2;140;39;9m▄[38;2;139;39;9;48;2;137;39;10m▄[38;2;137;38;10;48;2;140;40;9m▄[38;2;137;38;9;48;2;124;34;8m▄[38;2;135;38;9;48;2;96;25;6m▄[38;2;134;37;9;48;2;105;27;7m▄[38;2;137;38;8;48;2;133;37;8m▄[38;2;111;43;24;48;2;137;38;9m▄[0m [38;2;3;3;3m       [38;2;70;108;111;48;2;86;126;129m▄[38;2;110;201;188;48;2;108;200;186m▄[38;2;108;202;179;48;2;109;203;179m▄[38;2;106;202;178;48;2;110;206;181m▄[38;2;101;156;130;48;2;143;147;105m▄[38;2;193;161;106;48;2;162;134;87m▄[38;2;212;176;115;48;2;192;158;99m▄[38;2;213;177;115;48;2;196;163;106m▄[48;2;214;178;116m▄[38;2;214;177;116;48;2;213;178;118m▄[0m
[7m[38;2;77;38;26m▄[0m[38;2;128;35;6;48;2;123;33;6m▄[38;2;35;7;3;48;2;65;16;3m▄[38;2;44;34;24;48;2;65;17;3m▄[38;2;183;179;135;48;2;122;39;12m▄[38;2;25;22;16;48;2;119;33;9m▄[38;2;155;151;115;48;2;114;36;11m▄[38;2;13;9;6;48;2;106;29;7m▄[38;2;156;149;108;48;2;115;35;10m▄[38;2;124;112;95;48;2;113;30;8m▄[38;2;146;140;106;48;2;105;31;9m▄[0m[7m[38;2;52;29;22m▄[0m[38;2;9;9;9m        [48;2;68;107;110m [38;2;114;201;187;48;2;113;202;188m▄[48;2;110;203;180m [38;2;110;204;180;48;2;108;203;179m▄[38;2;109;204;180;48;2;110;204;179m▄[38;2;106;205;179;48;2;121;156;124m▄[38;2;165;148;102;48;2;178;152;101m▄[38;2;214;177;115;48;2;214;178;116m▄ [38;2;215;179;118;48;2;214;177;116m▄[0m
[38;2;102;63;27m▄[38;2;95;33;11;48;2;91;34;17m▄[38;2;107;30;4;48;2;99;24;5m▄[38;2;111;35;10;48;2;160;134;115m▄[38;2;72;27;14;48;2;101;53;33m▄[38;2;111;68;43;48;2;121;97;66m▄[38;2;85;20;7;48;2;102;23;12m▄[38;2;123;74;48;48;2;136;103;81m▄[38;2;89;24;7;48;2;108;20;9m▄[38;2;115;66;34;48;2;110;93;64m▄[0m [38;2;31;27;26m         [38;2;67;105;107;48;2;71;106;109m▄[38;2;111;201;187;48;2;116;202;187m▄[38;2;112;205;182;48;2;111;204;180m▄[38;2;112;205;181;48;2;111;205;180m▄[38;2;112;206;181;48;2;111;204;181m▄[38;2;110;206;181;48;2;108;205;181m▄[38;2;151;154;112;48;2;160;150;103m▄[38;2;215;179;117;48;2;214;177;115m▄[38;2;216;180;117;48;2;215;179;116m▄[38;2;216;179;117;48;2;216;181;121m▄[0m
[7m[38;2;84;51;25m▄[0m[38;2;112;31;4;48;2;89;24;3m▄[38;2;89;24;3;48;2;98;28;3m▄[38;2;79;27;12;48;2;95;25;3m▄[38;2;73;21;8;48;2;102;24;4m▄[38;2;143;40;7;48;2;132;35;7m▄[38;2;137;37;7;48;2;135;36;7m▄[38;2;136;37;8;48;2;138;37;8m▄[38;2;134;36;7;48;2;138;38;8m▄[38;2;84;40;28;48;2;121;37;14m▄[0m [38;2;0;0;0m         [38;2;71;109;112;48;2;68;106;109m▄[38;2;116;206;191;48;2;111;203;188m▄[38;2;113;206;183;48;2;113;206;182m▄[38;2;110;205;181;48;2;112;206;182m▄[38;2;109;205;181m▄[38;2;85;159;140;48;2;110;206;181m▄[38;2;96;93;73;48;2;129;148;111m▄[38;2;215;179;117;48;2;213;177;113m▄[38;2;216;180;117;48;2;215;180;116m▄[38;2;217;180;118;48;2;216;179;116m▄[0m
[38;2;67;26;12;48;2;39;22;17m▄[38;2;112;31;4;48;2;94;25;3m▄[38;2;115;32;3;48;2;110;30;3m▄[38;2;87;34;17;48;2;75;31;19m▄[0m [7m[38;2;104;42;24m▄[0m[38;2;86;35;20;48;2;139;37;7m▄[38;2;136;36;7;48;2;139;38;8m▄[38;2;56;31;26;48;2;120;33;9m▄[0m [38;2;0;0;0m          [38;2;53;89;94;48;2;66;104;109m▄[38;2;77;140;128;48;2;111;203;188m▄[38;2;61;92;75;48;2;108;202;180m▄[38;2;73;93;69;48;2;88;178;158m▄[38;2;74;92;68;48;2;74;148;130m▄[38;2;51;65;63;48;2;44;76;72m▄[38;2;57;67;69;48;2;62;74;75m▄[38;2;77;88;91;48;2;125;112;83m▄[38;2;72;81;83;48;2;190;158;101m▄[38;2;74;76;69;48;2;216;179;116m▄[0m
[38;2;107;31;5;48;2;93;25;3m▄[38;2;112;31;3;48;2;83;22;2m▄[38;2;100;26;2;48;2;86;22;2m▄[38;2;99;29;5;48;2;93;26;4m▄[38;2;146;44;9;48;2;141;42;8m▄[38;2;150;47;10;48;2;128;46;19m▄[38;2;153;48;10;48;2;63;33;24m▄[38;2;89;38;18;48;2;49;33;30m▄[0m[38;2;92;52;26m▄[0m [38;2;24;20;17m         [0m [38;2;59;34;9;48;2;39;47;37m▄[38;2;31;40;26;48;2;66;96;75m▄[38;2;47;75;57;48;2;62;91;74m▄[38;2;77;93;65;48;2;66;97;75m▄[38;2;83;92;63;48;2;69;94;71m▄[38;2;90;97;66;48;2;61;73;52m▄[38;2;81;87;60;48;2;66;78;77m▄[38;2;61;69;58;48;2;82;94;97m▄[38;2;53;61;60;48;2;64;76;78m▄[38;2;59;69;69;48;2;60;72;74m▄[0m
[?25h