[?25l[0m [38;2;0;0;0m    [0m [7m[38;2;38;26;39m▄[38;2;60;35;62m▄[38;2;77;47;79m▄[38;2;61;34;65m▄[38;2;50;33;53m▄[0m     [38;2;0;0;0m [38;2;75;60;48m▄[38;2;234;169;116;48;2;151;116;87m▄[38;2;237;171;118;48;2;237;172;119m▄[38;2;238;172;118;48;2;238;172;119m▄[48;2;239;172;119m [38;2;239;173;120;48;2;240;174;120m▄[38;2;239;172;120;48;2;239;173;121m▄[38;2;239;172;119;48;2;239;171;117m▄[38;2;167;125;92;48;2;106;81;61m▄[0m  [38;2;89;69;55;48;2;196;142;100m▄[38;2;237;169;115;48;2;238;170;116m▄[0m
 [38;2;0;0;0m               [38;2;71;59;50m▄[38;2;236;171;119;48;2;184;135;95m▄[38;2;238;172;119;48;2;238;172;118m▄[38;2;239;173;119m▄[38;2;239;173;120;48;2;238;173;119m▄[48;2;239;173;119m ▄[48;2;239;173;120m  [38;2;218;161;116;48;2;198;147;106m▄[0m [38;2;16;15;15m [0m [7m[38;2;178;129;91m▄[0m
[38;2;84;33;31m▄              [0m [38;2;202;147;103;48;2;151;117;88m▄[38;2;239;173;120;48;2;238;173;120m▄[48;2;238;172;119m▄[38;2;239;173;119;48;2;239;172;119m▄[38;2;239;172;119;48;2;238;173;119m▄[38;2;240;173;120;48;2;239;173;119m▄[38;2;240;174;121m▄[48;2;239;173;120m▄[38;2;239;172;120;48;2;239;173;121m▄[38;2;199;143;98;48;2;217;158;110m▄[0m [38;2;14;14;14m   [0m
[38;2;146;29;25;48;2;121;34;31m▄[0m [38;2;14;11;12m             [0m [38;2;148;113;86;48;2;237;172;120m▄[38;2;226;167;119;48;2;239;173;119m▄[38;2;240;173;119m▄[38;2;239;174;120;48;2;239;173;120m▄[38;2;240;175;122m▄[48;2;240;173;120m▄[38;2;239;173;119;48;2;240;174;121m▄[38;2;214;153;103;48;2;239;173;120m▄[38;2;239;174;121;48;2;239;172;119m▄[38;2;104;80;63;48;2;168;123;88m▄[0m [38;2;0;0;0m   [0m
  [38;2;0;0;0m               [0m  [7m[38;2;158;123;95m▄[38;2;220;168;126m▄[38;2;240;174;121m▄[38;2;240;172;118m▄[38;2;193;143;100m▄[38;2;215;162;119m▄[0m [38;2;0;0;0m    [0m
 [38;2;0;0;0m    [0m  [38;2;93;112;119m▄[38;2;123;148;158m▄[38;2;145;174;185m▄[38;2;147;179;192m▄[38;2;167;200;214m▄[38;2;179;214;228m▄[38;2;178;216;232m▄[38;2;181;218;234m▄[38;2;182;219;235m▄[38;2;184;221;236m▄[38;2;186;221;236m▄[38;2;186;221;235m▄[38;2;181;216;229m▄[38;2;168;203;217m▄[38;2;150;184;198m▄[38;2;144;174;185m▄[38;2;133;158;168m▄[38;2;97;117;124m▄[38;2;70;83;87m▄[0m  [38;2;2;2;2m  [0m
 [38;2;0;0;0m  [0m [38;2;144;181;194;48;2;114;134;142m▄[38;2;164;200;214;48;2;164;203;219m▄[38;2;179;218;235;48;2;181;219;236m▄[38;2;182;220;236;48;2;182;220;237m▄[38;2;175;218;231;48;2;185;221;237m▄[38;2;159;214;226;48;2;183;220;236m▄[38;2;156;214;224;48;2;182;220;236m▄[38;2;155;216;225;48;2;185;221;236m▄[38;2;143;213;222;48;2;183;220;236m▄[38;2;145;215;222;48;2;182;220;236m▄[38;2;151;217;224;48;2;185;220;236m▄[38;2;145;214;222;48;2;185;221;236m▄[38;2;151;216;224;48;2;186;221;236m▄[38;2;146;213;222;48;2;185;221;236m▄[38;2;142;211;219;48;2;186;221;236m▄[38;2;147;214;223;48;2;184;221;236m▄[38;2;149;214;225;48;2;183;221;236m▄[38;2;159;216;227;48;2;184;221;237m▄[38;2;169;218;229;48;2;185;221;237m▄[38;2;178;220;232;48;2;187;222;237m▄[38;2;181;220;236;48;2;184;221;237m▄[38;2;182;221;237;48;2;187;223;239m▄[38;2;173;209;224;48;2;177;216;232m▄[38;2;152;193;207;48;2;128;159;170m▄[0m [38;2;47;54;57m [0m
 [38;2;0;0;0m  [0m [38;2;157;207;221;48;2;160;205;223m▄[38;2;132;209;215;48;2;146;204;221m▄[38;2;141;213;217;48;2;112;181;191m▄[38;2;143;215;218;48;2;118;187;194m▄[38;2;140;215;218;48;2;117;186;194m▄[38;2;140;216;220;48;2;122;189;198m▄[38;2;143;218;221;48;2;132;194;202m▄[38;2;113;179;181;48;2;128;191;200m▄[38;2;49;75;77;48;2;122;191;199m▄[38;2;25;34;37;48;2;127;195;201m▄[38;2;24;36;39;48;2;100;150;153m▄[38;2;29;45;48;48;2;69;111;113m▄[38;2;30;47;50;48;2;65;103;105m▄[38;2;20;32;34;48;2;57;88;91m▄[38;2;26;36;39;48;2;73;112;116m▄[38;2;28;37;40;48;2;86;136;140m▄[38;2;30;39;42;48;2;117;186;192m▄[38;2;125;182;185;48;2;130;192;201m▄[38;2;145;218;221;48;2;134;194;202m▄[38;2;143;216;220;48;2;119;186;194m▄[38;2;145;217;221;48;2;107;179;188m▄[38;2;146;217;220;48;2;114;180;189m▄[38;2;137;215;218;48;2;155;202;214m▄[38;2;156;216;229;48;2;191;225;240m▄[0m [38;2;54;62;66m [0m
 [38;2;0;0;0m  [0m [38;2;147;200;213;48;2;145;200;213m▄[38;2;93;185;180;48;2;115;200;200m▄[38;2;94;183;179;48;2;135;211;214m▄[38;2;95;185;184;48;2;140;215;218m▄[38;2;104;193;193;48;2;139;215;218m▄[38;2;85;150;150;48;2;139;216;218m▄[38;2;45;71;75;48;2;90;137;137m▄[38;2;47;72;75;48;2;23;28;28m▄[38;2;48;68;72;48;2;27;30;31m▄[38;2;121;106;83;48;2;28;31;32m▄[38;2;197;155;104;48;2;20;22;23m▄[38;2;169;133;88;48;2;26;29;30m▄[38;2;48;43;35;48;2;24;26;27m▄[38;2;27;30;31;48;2;25;28;29m▄▄ [38;2;21;24;24;48;2;22;25;26m▄[38;2;49;53;48;48;2;31;45;45m▄[38;2;46;88;93;48;2;109;167;169m▄[38;2;110;191;192;48;2;142;216;220m▄[38;2;105;193;191;48;2;147;218;221m▄[38;2;96;186;182;48;2;140;216;219m▄[38;2;92;183;178;48;2;117;202;203m▄[38;2;130;200;210;48;2;130;202;213m▄[0m [38;2;54;62;65m [0m
 [38;2;0;0;0m  [0m [38;2;148;201;213;48;2;146;199;212m▄[38;2;90;183;177;48;2;94;184;179m▄[38;2;92;184;178;48;2;92;182;177m▄[38;2;92;184;179;48;2;92;182;178m▄[38;2;70;141;136;48;2;88;176;169m▄[38;2;20;23;24;48;2;30;41;43m▄[38;2;23;27;27;48;2;27;32;33m▄[38;2;27;28;27;48;2;24;27;28m▄[38;2;208;165;109;48;2;125;99;66m▄[38;2;220;172;113;48;2;219;174;117m▄[38;2;220;171;112;48;2;220;173;116m▄[38;2;220;172;112;48;2;217;169;110m▄[48;2;201;157;103m▄[38;2;219;171;111;48;2;130;104;71m▄[38;2;217;170;110;48;2;77;64;47m▄[38;2;213;167;110;48;2;37;36;31m▄[38;2;219;173;114;48;2;60;52;39m▄[38;2;220;173;113;48;2;192;152;99m▄[38;2;219;171;113;48;2;126;104;73m▄[38;2;59;50;38;48;2;40;71;69m▄[38;2;64;130;126;48;2;91;183;177m▄[38;2;91;183;176;48;2;91;182;176m▄[38;2;93;185;178;48;2;93;184;178m▄[38;2;131;202;209;48;2;137;204;212m▄[0m [38;2;51;60;64m [0m
 [38;2;0;0;0m  [0m [38;2;159;206;216;48;2;155;206;215m▄[38;2;94;184;179;48;2;89;181;176m▄[38;2;90;182;176;48;2;91;183;177m▄[38;2;88;181;176;48;2;92;185;180m▄[38;2;26;42;42;48;2;43;79;77m▄[38;2;23;28;28;48;2;24;29;29m▄[38;2;23;28;29;48;2;27;31;32m▄[38;2;28;33;34;48;2;29;32;30m▄[38;2;148;120;83;48;2;202;158;103m▄[38;2;221;173;113;48;2;219;172;112m▄[38;2;220;173;112;48;2;220;172;112m▄[38;2;220;172;112;48;2;220;172;111m▄[48;2;220;172;112m [38;2;220;173;113m▄▄[38;2;220;172;113;48;2;219;172;112m▄[48;2;220;172;113m [48;2;220;173;113m▄[48;2;218;170;111m▄[38;2;202;160;108;48;2;145;116;77m▄[38;2;40;74;72;48;2;44;81;79m▄[38;2;87;180;174;48;2;93;185;179m▄[38;2;90;182;176;48;2;91;184;177m▄[38;2;135;204;211;48;2;129;200;207m▄[0m [38;2;54;62;66m [0m
 [38;2;0;0;0m  [0m [38;2;141;195;207;48;2;143;196;207m▄[38;2;88;181;175;48;2;93;184;178m▄[38;2;89;180;174;48;2;90;182;176m▄[38;2;88;180;174;48;2;90;183;176m▄[38;2;46;89;87;48;2;26;44;43m▄[38;2;26;31;32;48;2;23;28;28m▄[38;2;21;25;26;48;2;25;30;31m▄[38;2;23;28;29;48;2;27;32;33m▄[38;2;22;26;27;48;2;62;56;46m▄[38;2;202;160;105;48;2;219;172;113m▄[38;2;219;173;113;48;2;219;172;111m▄[38;2;220;173;114;48;2;220;172;112m▄[38;2;221;174;115;48;2;220;172;113m▄[38;2;220;172;113;48;2;221;173;114m▄[48;2;220;173;113m▄[48;2;220;172;112m▄[38;2;221;173;114m▄[38;2;221;174;115m▄[38;2;220;172;112;48;2;221;174;115m▄[38;2;219;170;107;48;2;216;172;114m▄[38;2;84;130;116;48;2;43;72;67m▄[38;2;90;184;178;48;2;88;181;175m▄[38;2;89;183;177;48;2;91;184;177m▄[38;2;128;201;209;48;2;133;204;212m▄[0m[38;2;128;201;209m  [0m
 [38;2;0;0;0m  [0m [38;2;145;198;212;48;2;145;197;209m▄[38;2;89;182;176;48;2;90;182;177m▄[38;2;89;183;176;48;2;89;181;175m▄[38;2;89;183;177;48;2;88;181;175m▄[38;2;69;142;137;48;2;51;101;99m▄[38;2;25;31;33;48;2;28;35;36m▄[38;2;25;30;32;48;2;26;31;32m▄[38;2;27;32;33;48;2;25;31;32m▄[38;2;81;68;51;48;2;42;39;32m▄[38;2;217;166;105;48;2;216;171;113m▄[38;2;102;82;56;48;2;191;152;102m▄[38;2;63;65;62;48;2;75;64;49m▄[38;2;79;81;81;48;2;56;50;40m▄[38;2;32;35;36;48;2;93;76;53m▄[38;2;33;37;38;48;2;138;111;76m▄[38;2;95;81;59;48;2;176;141;95m▄[38;2;218;171;111;48;2;222;177;119m▄[38;2;50;46;38;48;2;166;133;91m▄[38;2;40;44;44;48;2;121;97;65m▄[38;2;66;68;69;48;2;75;63;44m▄[38;2;47;65;65;48;2;49;79;73m▄[38;2;86;180;173;48;2;89;184;177m▄[38;2;92;186;178;48;2;90;183;176m▄[38;2;136;204;210;48;2;134;203;210m▄[0m [38;2;54;63;66m [0m
 [38;2;0;0;0m   [38;2;157;204;215;48;2;153;202;214m▄[38;2;92;183;178;48;2;88;180;175m▄[48;2;89;181;175m [38;2;84;179;173;48;2;87;181;175m▄[38;2;118;137;111;48;2;83;166;159m▄[38;2;183;143;93;48;2;94;80;61m▄[38;2;202;159;106;48;2;72;61;46m▄[38;2;85;74;56;48;2;23;28;29m▄[38;2;56;52;42;48;2;80;67;49m▄[38;2;222;175;117;48;2;221;173;114m▄[38;2;218;170;111;48;2;222;173;114m▄[38;2;188;147;99;48;2;188;182;176m▄[38;2;178;163;143;48;2;236;236;235m▄[38;2;180;167;149;48;2;202;202;202m▄[38;2;178;145;104;48;2;198;195;192m▄[38;2;219;172;113;48;2;214;168;111m▄[38;2;217;171;111;48;2;217;169;109m▄[38;2;143;112;77;48;2;172;161;149m▄[38;2;177;157;131;48;2;225;225;225m▄[38;2;172;150;123;48;2;215;214;215m▄[38;2;113;131;109;48;2;119;161;158m▄[38;2;88;181;175;48;2;87;180;173m▄[38;2;90;182;176;48;2;91;185;178m▄[38;2;134;202;209;48;2;137;204;210m▄[0m [38;2;54;62;66m [0m
 [38;2;0;0;0m  [0m [38;2;140;195;208;48;2;144;196;209m▄[38;2;88;180;175;48;2;92;182;177m▄[38;2;89;180;174;48;2;90;182;176m▄[38;2;90;183;177;48;2;88;182;176m▄[38;2;126;147;119;48;2;146;143;106m▄[38;2;203;165;113;48;2;199;160;105m▄[38;2;193;150;97;48;2;147;114;74m▄[38;2;212;165;107;48;2;192;154;106m▄[38;2;220;171;112;48;2;177;141;96m▄[48;2;221;172;113m▄[38;2;220;173;114;48;2;219;171;113m▄[38;2;221;175;117;48;2;202;159;105m▄[38;2;222;177;118;48;2;183;146;99m▄[38;2;221;175;117;48;2;176;138;91m▄[38;2;209;163;106;48;2;194;149;95m▄[38;2;219;171;112;48;2;218;170;111m▄[38;2;219;172;112;48;2;220;173;114m▄[38;2;219;171;111;48;2;185;145;94m▄[38;2;183;144;94;48;2;161;126;80m▄[38;2;185;150;101;48;2;217;175;122m▄[38;2;148;135;100;48;2;158;140;101m▄[38;2;86;178;172;48;2;90;182;175m▄[38;2;89;182;175;48;2;89;182;176m▄[38;2;131;204;211;48;2;128;201;210m▄[0m [38;2;56;64;68m [0m
 [38;2;0;0;0m  [0m [38;2;151;202;214;48;2;142;196;209m▄[38;2;91;182;177;48;2;88;181;176m▄[38;2;91;182;176;48;2;90;181;175m▄[38;2;90;181;176;48;2;91;183;177m▄[38;2;87;180;174;48;2;88;163;152m▄[38;2;104;136;115;48;2;206;165;114m▄[38;2;195;153;101;48;2;186;145;93m▄[38;2;189;150;99;48;2;220;171;111m▄[38;2;222;174;115;48;2;221;172;113m▄[48;2;221;173;113m  [38;2;221;174;115;48;2;220;173;114m▄[38;2;192;151;100;48;2;219;172;112m▄[38;2;195;152;98;48;2;203;160;105m▄[38;2;217;169;110;48;2;176;138;92m▄[38;2;184;143;92;48;2;212;165;107m▄[38;2;175;137;89;48;2;220;171;111m▄[38;2;184;146;97;48;2;221;174;115m▄[38;2;183;142;94m▄[38;2;156;120;76;48;2;175;136;85m▄[38;2;217;166;104;48;2;208;161;107m▄[38;2;120;144;118;48;2;88;155;147m▄[38;2;87;182;175;48;2;92;183;178m▄[38;2;127;200;207;48;2;131;203;210m▄[0m[38;2;127;200;207m  [0m
 [38;2;0;0;0m  [0m [38;2;151;201;212;48;2;153;203;214m▄[38;2;91;182;176;48;2;94;183;178m▄[38;2;90;181;175;48;2;92;182;176m▄[48;2;89;181;175m▄[38;2;89;180;174;48;2;88;179;173m▄[38;2;88;179;174;48;2;84;179;173m▄[38;2;84;180;175;48;2;79;170;165m▄[38;2;133;143;114;48;2;158;140;100m▄[38;2;223;176;117;48;2;221;172;112m▄[38;2;222;175;116;48;2;221;174;113m▄[38;2;223;176;116;48;2;222;175;115m▄[38;2;182;143;94;48;2;207;164;108m▄[38;2;219;171;111;48;2;185;144;94m▄[38;2;219;173;114;48;2;220;173;114m▄[38;2;225;179;120;48;2;221;174;116m▄[38;2;222;176;117;48;2;221;175;116m▄[38;2;220;173;113;48;2;221;176;118m▄[38;2;219;171;112;48;2;219;174;116m▄[38;2;220;174;116;48;2;216;170;112m▄[38;2;222;179;122;48;2;178;139;90m▄[38;2;219;174;117;48;2;219;172;114m▄[38;2;126;147;121;48;2;136;141;110m▄[38;2;90;184;178;48;2;85;181;174m▄[38;2;127;200;209;48;2;130;201;208m▄[0m [38;2;55;63;67m [0m
 [38;2;0;0;0m   [38;2;141;195;207;48;2;140;193;207m▄[38;2;91;181;176;48;2;90;181;176m▄[38;2;91;180;176;48;2;90;181;175m▄[38;2;92;181;176;48;2;91;181;175m▄[38;2;92;182;177;48;2;91;181;176m▄[38;2;92;183;178;48;2;90;181;176m▄[38;2;88;177;172;48;2;85;178;174m▄[38;2;116;122;97;48;2;99;125;106m▄[38;2;221;173;112;48;2;217;172;113m▄[38;2;222;173;113;48;2;222;174;114m▄[38;2;223;175;115;48;2;222;174;113m▄[38;2;222;175;114;48;2;189;148;96m▄[38;2;223;176;118;48;2;203;160;106m▄[38;2;222;176;117;48;2;172;137;93m▄[38;2;221;174;114;48;2;181;143;95m▄[38;2;218;169;108;48;2;179;138;88m▄[38;2;189;147;96;48;2;178;137;88m▄[38;2;178;140;94;48;2;175;137;88m▄[38;2;215;172;117;48;2;182;143;94m▄[38;2;213;170;112;48;2;208;167;114m▄[38;2;116;137;116;48;2;216;173;119m▄[38;2;92;185;179;48;2;91;152;141m▄[38;2;92;187;182;48;2;89;184;178m▄[38;2;134;205;214;48;2;137;205;213m▄[0m [38;2;55;65;68m [0m
[?25h