[?25l[0m[38;2;201;150;11;48;2;201;148;10m▄[38;2;198;151;11;48;2;179;132;9m▄[38;2;85;19;12;48;2;90;4;14m▄[38;2;98;4;17;48;2;98;3;16m▄[38;2;101;4;18;48;2;97;3;17m▄[38;2;98;5;18;48;2;98;4;17m▄[48;2;97;4;17m▄[38;2;98;5;17m▄[38;2;98;5;18;48;2;97;3;16m▄[38;2;99;5;18;48;2;97;4;17m▄[38;2;98;5;18m▄[38;2;99;5;18m▄[38;2;98;5;18m▄[48;2;97;4;16m▄[38;2;98;4;18;48;2;96;3;16m▄[38;2;98;4;17;48;2;97;4;16m▄[38;2;98;5;17m▄[38;2;98;4;17;48;2;96;3;16m▄[38;2;99;4;17;48;2;96;4;16m▄[38;2;97;4;17;48;2;96;3;16m▄[38;2;98;5;17;48;2;96;3;17m▄[38;2;97;5;18;48;2;96;4;17m▄[38;2;98;5;18m▄[38;2;99;5;18;48;2;97;4;17m▄[38;2;98;5;18m▄[38;2;100;6;19m▄[38;2;97;5;18m▄[38;2;95;5;18;48;2;96;4;17m▄[38;2;100;5;18;48;2;94;4;17m▄[38;2;86;6;14;48;2;82;5;13m▄[0m
[7m[38;2;101;81;31m▄[38;2;102;84;31m▄[38;2;65;43;34m▄[38;2;65;34;38m▄[38;2;70;38;41m▄[38;2;70;39;42m▄▄[0m   [7m[38;2;73;43;46m▄[0m   [7m[38;2;74;44;46m▄[0m         [7m[38;2;74;44;46m▄[0m     [0m
 [38;2;0;0;0m   [0m  [38;2;13;13;13m                        [0m
 [38;2;0;0;0m [0m [38;2;111;34;13m▄[38;2;127;38;15;48;2;88;41;28m▄[0m [38;2;3;3;3m                 [0m  [38;2;14;14;14m     [0m
  [38;2;142;33;3;48;2;89;37;24m▄[38;2;153;33;0;48;2;143;29;1m▄[38;2;142;33;5;48;2;118;40;22m▄[0m [38;2;23;20;19m  [0m      [38;2;12;12;12m          [38;2;70;34;23;48;2;87;43;34m▄[0m[38;2;129;34;7m▄[0m [38;2;27;17;15m   [0m
  [38;2;146;31;2;48;2;144;31;3m▄[38;2;148;31;1;48;2;151;32;0m▄[38;2;147;30;0;48;2;147;31;0m▄[38;2;143;29;0;48;2;119;35;13m▄[38;2;149;32;1;48;2;51;25;19m▄[0m[38;2;133;29;2m▄[38;2;105;18;0;48;2;70;24;18m▄[38;2;101;15;0;48;2;106;20;4m▄[38;2;128;21;0;48;2;107;18;2m▄[38;2;127;20;0;48;2;105;17;1m▄[38;2;129;21;0;48;2;110;19;2m▄[38;2;128;20;0;48;2;104;21;7m▄[38;2;129;20;0;48;2;110;42;29m▄[38;2;130;21;0;48;2;82;28;18m▄[38;2;132;23;1;48;2;77;33;24m▄[38;2;131;21;1;48;2;47;26;22m▄[0m[38;2;128;22;2m▄[38;2;109;28;13m▄[38;2;80;28;17m▄[0m   [38;2;115;33;13;48;2;76;37;26m▄[38;2;148;31;0;48;2;147;33;1m▄[38;2;141;32;2;48;2;103;34;15m▄[0m [38;2;32;22;20m  [0m
  [7m[38;2;113;34;14m▄[0m[38;2;117;33;12;48;2;148;31;0m▄[38;2;148;33;1;48;2;146;30;0m▄[38;2;151;33;1;48;2;148;32;1m▄[38;2;148;31;1;48;2;147;31;0m▄[38;2;149;31;0;48;2;148;31;0m▄[38;2;144;30;0;48;2;135;27;0m▄[38;2;98;13;0;48;2;92;12;0m▄[38;2;108;15;0;48;2;100;14;0m▄[38;2;122;17;0;48;2;130;20;0m▄[38;2;129;20;0;48;2;128;20;0m▄[38;2;128;19;0;48;2;129;20;0m▄[38;2;131;21;0;48;2;129;21;0m▄[38;2;132;22;0;48;2;130;22;0m▄[48;2;131;22;0m  [38;2;131;22;0;48;2;132;22;0m▄[38;2;130;21;0;48;2;133;22;0m▄[38;2;130;22;1;48;2;132;23;1m▄[38;2;130;22;0;48;2;125;22;2m▄[38;2;135;23;0;48;2;94;21;8m▄[38;2;116;20;0;48;2;125;26;1m▄[38;2;145;29;0;48;2;144;31;0m▄[38;2;144;28;0;48;2;148;31;0m▄[38;2;136;28;3;48;2;152;34;1m▄[0m [38;2;31;19;18m  [0m
 [38;2;0;0;0m  [0m [7m[38;2;94;39;25m▄[38;2;144;35;5m▄[0m[38;2;76;25;15;48;2;150;32;0m▄[38;2;118;22;0;48;2;150;31;0m▄[38;2;95;18;0;48;2;130;26;0m▄[38;2;110;17;0;48;2;105;15;0m▄[38;2;110;16;0;48;2;113;16;0m▄[38;2;90;12;0;48;2;87;12;0m▄[38;2;89;11;0;48;2;125;18;0m▄[38;2;94;11;0;48;2;134;20;0m▄[38;2;105;15;0;48;2;135;22;0m▄[38;2;105;16;0;48;2;134;22;0m▄[38;2;100;17;0;48;2;131;23;1m▄[38;2;105;17;0;48;2;129;22;0m▄[38;2;122;20;0;48;2;130;22;0m▄[38;2;134;21;0;48;2;131;21;0m▄[38;2;132;21;0;48;2;132;22;0m▄[38;2;133;22;0;48;2;134;23;0m▄[38;2;132;21;0;48;2;135;24;0m▄[38;2;133;22;0;48;2;138;23;0m▄[38;2;128;22;0;48;2;115;21;0m▄[38;2;100;34;17;48;2;143;29;0m▄[0m[7m[38;2;98;35;21m▄[0m [38;2;0;0;0m  [0m
 [38;2;0;0;0m     [0m [38;2;100;16;2;48;2;118;18;1m▄[38;2;108;16;0;48;2;116;18;0m▄[38;2;112;16;0;48;2;111;17;0m▄[38;2;114;18;0;48;2;112;17;0m▄[38;2;97;14;0;48;2;83;9;0m▄[38;2;71;17;7;48;2;34;4;0m▄[38;2;224;222;187;48;2;65;42;32m▄[38;2;249;246;200;48;2;151;120;93m▄[38;2;241;239;187;48;2;134;94;70m▄[38;2;154;153;121;48;2;72;16;5m▄[38;2;25;5;2;48;2;85;13;0m▄[38;2;37;5;0;48;2;89;15;1m▄[38;2;20;7;4;48;2;80;13;1m▄[38;2;133;120;103;48;2;86;12;0m▄[38;2;176;158;130;48;2;90;12;0m▄[38;2;114;81;62;48;2;101;14;0m▄[38;2;62;7;1;48;2;95;14;0m▄[38;2;65;17;11;48;2;104;16;0m▄[0m[7m[38;2;66;33;27m▄[0m[38;2;30;23;22m    [0m
 [38;2;0;0;0m     [0m [38;2;116;83;19;48;2;93;24;12m▄[38;2;192;118;2;48;2;105;34;0m▄[38;2;154;54;2;48;2;121;41;1m▄[38;2;109;18;1;48;2;122;20;0m▄[48;2;104;17;1m▄[38;2;85;12;4;48;2;114;43;26m▄[38;2;205;194;161;48;2;250;248;195m▄[38;2;252;249;207;48;2;205;203;162m▄[38;2;251;249;212;48;2;162;161;130m▄[38;2;147;143;121;48;2;215;213;176m▄[38;2;86;13;1;48;2;79;11;2m▄[38;2;118;20;0;48;2;138;25;0m▄[38;2;115;37;18;48;2;131;72;49m▄[38;2;243;242;203;48;2;250;249;209m▄[38;2;176;176;145;48;2;205;202;162m▄[38;2;246;245;212;48;2;242;240;198m▄[38;2;105;71;61;48;2;95;44;31m▄[0m [38;2;1;1;1m     [0m
 [38;2;0;0;0m     [0m [7m[38;2;91;69;29m▄[0m[38;2;112;14;1;48;2;163;98;2m▄[38;2;95;15;1;48;2;133;49;2m▄[38;2;112;18;1;48;2;103;16;1m▄[38;2;117;19;0;48;2;109;17;1m▄[38;2;110;16;0;48;2;91;14;1m▄[38;2;135;21;0;48;2;72;22;12m▄[38;2;124;19;0;48;2;111;105;85m▄[38;2;123;19;0;48;2;98;94;77m▄[38;2;124;19;0;48;2;58;13;4m▄[38;2;91;11;0;48;2;83;11;0m▄[38;2;112;18;0;48;2;107;17;0m▄[38;2;139;25;0;48;2;125;23;3m▄[38;2;63;12;3;48;2;191;188;148m▄[38;2;58;23;13;48;2;250;247;202m▄[38;2;62;11;5;48;2;166;156;132m▄[0m[7m[38;2;54;30;29m▄[0m[38;2;23;22;22m      [0m
 [38;2;0;0;0m      [0m [38;2;87;16;3;48;2;90;21;11m▄[38;2;121;20;0;48;2;113;17;0m▄[38;2;111;17;0;48;2;114;18;1m▄[38;2;113;16;0;48;2;116;18;0m▄[38;2;95;14;0;48;2;97;15;0m▄[38;2;126;19;0;48;2;128;20;0m▄[38;2;132;22;0;48;2;126;20;1m▄[38;2;130;22;0;48;2;128;20;0m▄[38;2;128;21;0;48;2;131;20;0m▄[38;2;88;13;0;48;2;88;12;0m▄[38;2;81;12;0;48;2;96;15;0m▄[38;2;122;21;0;48;2;126;22;0m▄[38;2;112;18;0;48;2;99;15;0m▄[38;2;137;23;1;48;2;127;19;0m▄[0m[7m[38;2;86;27;18m▄[0m [38;2;0;0;0m      [0m
 [38;2;0;0;0m     [0m [38;2;73;39;28;48;2;49;28;22m▄[38;2;93;34;13;48;2;82;24;8m▄[38;2;113;16;0;48;2;123;19;0m▄[38;2;99;14;0;48;2;85;12;0m▄[38;2;12;10;8;48;2;49;7;0m▄[38;2;158;134;109;48;2;116;17;0m▄[38;2;89;18;5;48;2;113;16;0m▄[38;2;125;22;3;48;2;131;21;1m▄[38;2;128;20;1;48;2;129;21;1m▄[38;2;131;21;0;48;2;128;21;1m▄[38;2;136;22;0;48;2;130;20;0m▄[38;2;135;23;0;48;2;135;21;0m▄[38;2;128;20;0;48;2;131;21;0m▄[38;2;129;20;0;48;2;130;20;0m▄[38;2;74;28;22;48;2;106;23;10m▄[0m [38;2;0;0;0m       [0m
 [38;2;0;0;0m     [38;2;35;22;20m▄[38;2;95;34;16;48;2;90;33;15m▄[38;2;93;34;16;48;2;81;30;12m▄[38;2;72;16;5;48;2;92;15;1m▄[38;2;112;15;0;48;2;114;16;0m▄[38;2;52;7;1;48;2;23;5;2m▄[38;2;2;1;0;48;2;112;112;90m▄[38;2;7;6;5;48;2;73;72;58m▄[38;2;35;34;28;48;2;147;141;118m▄[38;2;39;38;30;48;2;112;94;79m▄[38;2;15;15;12;48;2;115;88;71m▄[38;2;85;85;77;48;2;153;115;94m▄[0m[7m[38;2;112;62;43m▄[0m[38;2;88;89;81;48;2;115;59;42m▄[0m[7m[38;2;78;20;10m▄[0m [38;2;0;0;0m        [0m
 [38;2;0;0;0m    [0m [38;2;92;35;17;48;2;75;37;27m▄[38;2;96;36;17;48;2;89;31;13m▄[38;2;81;29;14;48;2;105;39;18m▄[38;2;109;83;76;48;2;79;26;10m▄[38;2;110;29;17;48;2;116;16;0m▄[38;2;112;15;0;48;2;98;13;0m▄[38;2;109;15;0;48;2;59;7;0m▄[38;2;96;11;0;48;2;29;4;1m▄[38;2;98;14;0;48;2;4;1;1m▄[38;2;83;13;0;48;2;2;1;0m▄[38;2;62;7;0;48;2;3;2;2m▄[38;2;61;8;1;48;2;46;22;19m▄[0m[38;2;70;36;31m▄[0m [38;2;4;4;5m          [0m
 [38;2;68;26;19m▄[38;2;102;23;10m▄[38;2;125;19;2m▄[38;2;123;19;1;48;2;43;25;21m▄[38;2;84;22;7;48;2;50;26;19m▄[38;2;87;30;11;48;2;102;37;17m▄[38;2;89;32;13;48;2;104;38;18m▄[38;2;79;29;12;48;2;99;36;17m▄[38;2;100;41;31;48;2;167;154;151m▄[38;2;159;136;132;48;2;169;148;146m▄[38;2;168;152;150;48;2;110;18;4m▄[38;2;114;23;10;48;2;120;16;0m▄[38;2;102;14;0;48;2;98;13;0m▄[38;2;133;22;0;48;2;125;20;0m▄[38;2;132;22;0;48;2;129;21;0m▄[38;2;129;21;1;48;2;125;20;1m▄[38;2;123;20;2;48;2;130;22;0m▄[0m[7m[38;2;92;36;26m▄[0m [38;2;0;0;0m          [0m
[38;2;129;20;0;48;2;120;20;2m▄[38;2;128;19;0;48;2;129;19;0m▄[48;2;128;20;0m▄[38;2;127;19;0;48;2;126;19;0m▄[38;2;109;15;0;48;2;113;16;0m▄[38;2;96;31;12;48;2;79;26;11m▄[38;2;96;32;14;48;2;97;33;14m▄[38;2;96;33;14;48;2;105;37;15m▄[38;2;95;22;5;48;2;87;26;9m▄[38;2;132;22;0;48;2;125;21;0m▄[48;2;128;23;1m▄[38;2;134;22;0;48;2;126;46;31m▄[38;2;116;21;4;48;2;137;119;117m▄[38;2;123;99;96;48;2;87;28;19m▄[38;2;70;21;11;48;2;113;18;0m▄[38;2;93;44;35;48;2;129;22;0m▄[38;2;92;36;26;48;2;136;23;0m▄[0m[7m[38;2;106;36;25m▄[0m [38;2;0;0;0m           [0m
[38;2;126;19;0;48;2;128;20;0m▄[38;2;127;19;0m▄[48;2;128;19;0m [38;2;129;20;0;48;2;129;19;0m▄[38;2;128;20;0;48;2;132;20;0m▄[38;2;127;19;0;48;2;98;18;2m▄[38;2;128;20;0;48;2;76;23;8m▄[38;2;128;21;1;48;2;79;24;8m▄[38;2;129;21;1;48;2;111;19;1m▄[38;2;129;21;0;48;2;131;22;0m▄[48;2;130;21;0m [38;2;131;21;0;48;2;130;20;0m▄[38;2;132;21;0;48;2;130;22;0m▄[38;2;127;21;0;48;2;119;20;1m▄[38;2;106;27;7;48;2;111;33;12m▄[38;2;120;43;21;48;2;78;37;26m▄[0m [38;2;18;18;19m             [0m
[?25h