[?25l[0m [38;2;0;0;0m   [0m [38;2;95;74;35m▄                        [0m
 [38;2;0;0;0m  [0m [38;2;154;111;36;48;2;77;61;34m▄[38;2;195;134;23;48;2;169;115;26m▄[0m [38;2;11;12;12m                    [0m [38;2;122;78;25m▄ [0m
 [38;2;0;0;0m  [0m [38;2;222;147;20;48;2;190;125;17m▄[38;2;225;150;21;48;2;217;146;20m▄[0m[38;2;130;92;27m▄[0m  [38;2;48;23;13m▄[38;2;59;28;14m▄[38;2;56;24;11m▄[38;2;49;20;9m▄[38;2;49;22;12m▄[38;2;53;25;15m▄[38;2;57;31;22m▄[38;2;58;35;26m▄[38;2;59;39;30m▄[0m       [38;2;5;5;5m [0m [38;2;140;98;30m▄[38;2;218;140;14;48;2;186;118;16m▄[0m [0m
 [38;2;0;0;0m  [0m [38;2;194;124;14;48;2;215;141;18m▄[38;2;221;142;16;48;2;221;145;19m▄[38;2;218;138;12;48;2;210;135;14m▄[38;2;214;135;14;48;2;117;81;31m▄[38;2;200;125;13;48;2;75;23;4m▄[38;2;117;52;3;48;2;94;27;2m▄[38;2;111;33;5;48;2;157;50;10m▄[38;2;157;49;11;48;2;159;50;11m▄[38;2;155;48;11;48;2;152;47;11m▄[38;2;154;48;11;48;2;150;47;12m▄[38;2;154;49;11;48;2;154;49;12m▄[38;2;155;49;12;48;2;155;49;13m▄[38;2;155;50;12;48;2;155;49;12m▄[38;2;155;49;12;48;2;153;48;12m▄[38;2;154;48;12;48;2;154;48;11m▄[48;2;159;50;12m▄[38;2;153;48;11;48;2;157;50;12m▄[38;2;152;47;11;48;2;147;47;11m▄[38;2;151;47;12;48;2;136;43;10m▄[38;2;153;48;12;48;2;118;37;11m▄[38;2;160;51;13;48;2;93;47;32m▄[0m[38;2;104;46;19m▄[38;2;204;136;19m▄[38;2;227;145;15;48;2;222;144;18m▄[38;2;224;143;12;48;2;230;147;13m▄[0m [0m
 [38;2;0;0;0m  [0m [7m[38;2;144;97;26m▄[0m[38;2;191;120;15;48;2;221;138;13m▄[38;2;209;130;13;48;2;215;135;13m▄[38;2;213;133;13;48;2;214;133;12m▄[38;2;211;134;12;48;2;215;136;13m▄[38;2;129;72;6;48;2;137;77;7m▄[38;2;99;25;2;48;2;89;23;2m▄[38;2;96;26;3;48;2;131;40;9m▄[38;2;158;48;10;48;2;157;49;11m▄[38;2;155;47;10;48;2;155;48;11m▄[38;2;154;47;10;48;2;154;48;11m▄[38;2;155;48;11m▄[38;2;154;48;11;48;2;155;49;12m▄[48;2;155;49;11m▄[48;2;154;49;11m▄[38;2;153;48;11;48;2;154;48;12m▄[38;2;153;47;11;48;2;154;48;11m▄▄ [38;2;155;48;11;48;2;154;48;12m▄[38;2;154;48;11;48;2;156;49;12m▄[38;2;150;47;11;48;2;158;51;12m▄[38;2;123;40;8;48;2;151;87;8m▄[38;2;197;123;9;48;2;213;135;13m▄[38;2;126;85;23;48;2;192;121;12m▄[0m [0m
 [38;2;0;0;0m    [0m [7m[38;2;160;103;21m▄[0m[38;2;58;40;24;48;2;214;134;11m▄[38;2;105;42;2;48;2;206;130;9m▄[38;2;99;25;2;48;2;106;45;4m▄[38;2;104;26;2;48;2;102;26;2m▄[38;2;91;23;1;48;2;91;23;2m▄[38;2;96;27;5;48;2;136;40;8m▄[38;2;153;47;10;48;2;155;47;11m▄[38;2;157;48;11;48;2;156;48;11m▄[38;2;156;47;10;48;2;155;47;11m▄[38;2;157;47;10;48;2;155;48;11m▄[38;2;155;48;11;48;2;155;48;12m▄[38;2;152;47;11;48;2;153;48;11m▄[38;2;153;47;11;48;2;152;47;11m▄[38;2;154;47;11;48;2;153;47;11m▄ [38;2;152;47;11;48;2;153;48;11m▄[38;2;153;48;12m▄[38;2;155;48;11;48;2;153;47;11m▄[38;2;153;46;10;48;2;152;46;11m▄[38;2;155;47;10;48;2;157;48;9m▄[38;2;120;53;30;48;2;112;57;14m▄[0m [38;2;2;2;2m [0m
 [38;2;0;0;0m      [0m [38;2;65;22;10;48;2;100;26;3m▄[38;2;87;21;2;48;2;101;25;1m▄[38;2;106;26;2;48;2;103;25;2m▄[38;2;77;17;1;48;2;45;10;1m▄[38;2;10;8;4;48;2;37;21;9m▄[38;2;226;203;121;48;2;166;120;62m▄[38;2;250;223;132;48;2;168;115;59m▄[38;2;248;220;120;48;2;160;105;50m▄[38;2;249;224;123;48;2;156;99;47m▄[38;2;148;135;77;48;2;135;74;33m▄[38;2;13;4;1;48;2;87;26;6m▄[38;2;108;28;3;48;2;112;31;5m▄[38;2;161;124;61;48;2;127;52;18m▄[38;2;248;224;126;48;2;141;64;24m▄[38;2;248;225;133;48;2;138;60;20m▄[38;2;246;222;123;48;2;132;54;17m▄[38;2;186;170;97;48;2;135;53;15m▄[38;2;4;3;2;48;2;121;37;7m▄[0m[7m[38;2;118;40;14m▄[38;2;99;37;17m▄[0m [38;2;1;1;1m [0m
 [38;2;0;0;0m     [0m [38;2;46;30;25m▄[38;2;95;30;2;48;2;109;46;17m▄[38;2;100;32;3;48;2;160;57;3m▄[38;2;123;40;4;48;2;109;32;3m▄[38;2;88;22;1;48;2;104;26;1m▄[38;2;37;8;1;48;2;12;4;1m▄[38;2;91;79;44;48;2;162;144;83m▄[38;2;250;221;131;48;2;250;219;122m▄[38;2;210;189;110;48;2;167;151;87m▄[38;2;209;192;115;48;2;211;194;116m▄[38;2;11;11;5;48;2;81;75;44m▄[38;2;38;9;0;48;2;27;5;0m▄[38;2;90;23;1;48;2;109;30;3m▄[38;2;143;55;15;48;2;145;87;37m▄[38;2;243;220;124;48;2;248;221;121m▄[38;2;201;180;96;48;2;220;198;109m▄[38;2;185;169;95;48;2;195;180;106m▄[38;2;23;20;12;48;2;110;101;57m▄[38;2;25;25;25;48;2;19;19;19m▄[0m [38;2;0;0;0m   [0m
 [38;2;0;0;0m   [0m [38;2;82;36;12m▄[38;2;101;27;1;48;2;80;34;15m▄[38;2;101;30;3;48;2;108;31;2m▄[38;2;115;92;83;48;2;110;34;0m▄[38;2;108;58;36;48;2;92;29;2m▄[38;2;101;32;2;48;2;132;44;3m▄[38;2;93;22;1;48;2;76;18;1m▄[38;2;62;14;1;48;2;79;18;2m▄[38;2;100;28;4;48;2;63;28;11m▄[38;2;122;36;6;48;2;144;110;61m▄[38;2;145;42;8;48;2;136;110;60m▄[38;2;144;41;8;48;2;80;66;35m▄[38;2;137;38;6;48;2;5;1;0m▄[38;2;78;19;0;48;2;48;11;0m▄[38;2;82;20;0;48;2;78;20;0m▄[38;2;125;38;6;48;2;151;47;7m▄[38;2;116;36;7;48;2;162;144;81m▄[38;2;136;43;8;48;2;200;179;93m▄[38;2;124;39;8;48;2;130;116;62m▄[38;2;88;40;25;48;2;6;5;4m▄[0m [38;2;4;4;4m    [0m
 [38;2;0;0;0m  [38;2;49;27;19m▄[38;2;83;26;2;48;2;71;32;15m▄[38;2;93;31;3;48;2;118;39;0m▄[38;2;179;170;166;48;2;87;33;12m▄[38;2;253;253;253;48;2;173;165;162m▄[38;2;252;252;252;48;2;235;236;238m▄[38;2;211;211;211;48;2;206;205;204m▄[38;2;89;23;4;48;2;106;27;3m▄[38;2;71;17;1;48;2;86;21;1m▄[38;2;12;3;1;48;2;80;18;1m▄[38;2;85;25;3;48;2;89;21;1m▄[38;2;100;24;1;48;2;90;22;2m▄[38;2;151;44;9;48;2;151;43;8m▄[38;2;144;41;8;48;2;147;42;8m▄[38;2;142;40;9;48;2;146;42;8m▄[38;2;138;39;8;48;2;95;25;3m▄[38;2;105;29;4;48;2;78;19;0m▄[38;2;93;28;3;48;2;106;31;4m▄[38;2;103;34;6;48;2;109;33;5m▄[38;2;88;41;24;48;2;126;46;18m▄[0m  [38;2;0;0;0m     [0m
 [38;2;0;0;0m [0m [38;2;99;33;3;48;2;101;42;15m▄[38;2;113;39;4;48;2;123;42;2m▄[38;2;203;198;197;48;2;118;92;82m▄[38;2;247;247;247;48;2;246;247;248m▄[38;2;245;245;245;48;2;253;253;253m▄[38;2;243;243;243;48;2;252;252;252m▄[38;2;237;237;237;48;2;217;217;217m▄[38;2;108;65;52;48;2;85;23;4m▄[38;2;93;23;2;48;2;78;18;1m▄[38;2;32;7;2;48;2;14;4;2m▄[38;2;33;32;18;48;2;128;117;64m▄[38;2;17;15;7;48;2;84;53;23m▄[38;2;212;197;110;48;2;124;35;8m▄[38;2;78;72;41;48;2;135;38;8m▄[38;2;169;148;87;48;2;147;42;9m▄[38;2;106;80;41;48;2;151;43;9m▄[38;2;127;97;55;48;2;152;43;9m▄[38;2;140;105;56;48;2;144;41;6m▄[38;2;83;55;35;48;2;133;36;5m▄[0m[7m[38;2;62;33;26m▄[0m[38;2;23;19;18m       [0m
 [38;2;0;0;0m [38;2;74;45;33;48;2;55;34;24m▄[38;2;129;43;2;48;2;109;35;2m▄[38;2;114;67;45;48;2;90;43;24m▄[38;2;249;248;248;48;2;249;249;249m▄[38;2;237;237;237;48;2;241;241;241m▄[38;2;238;238;238;48;2;237;237;237m▄[38;2;242;242;241;48;2;237;237;236m▄[38;2;254;254;254;48;2;251;251;252m▄[38;2;252;251;252;48;2;214;211;209m▄[38;2;158;148;145;48;2;96;34;15m▄[38;2;76;19;2;48;2;64;15;1m▄[38;2;50;11;1;48;2;7;1;0m▄[38;2;5;2;1;48;2;3;3;1m▄[38;2;27;25;15;48;2;106;101;60m▄[38;2;5;4;1;48;2;11;10;5m▄[38;2;0;0;0;48;2;66;64;36m▄[38;2;3;3;2;48;2;31;28;18m▄[0m[38;2;32;31;30m▄[7m[38;2;135;128;81m▄[0m [38;2;0;0;0m        [0m
 [38;2;0;0;0m [7m[38;2;46;31;23m▄[0m[38;2;60;16;2;48;2;103;33;2m▄[38;2;72;22;2;48;2;73;36;23m▄[38;2;185;179;177;48;2;235;235;236m▄[38;2;251;251;251;48;2;246;247;247m▄[38;2;253;253;253;48;2;249;249;250m▄[38;2;251;250;251;48;2;249;249;249m▄[38;2;235;235;236;48;2;243;243;243m▄[38;2;237;237;237;48;2;239;240;240m▄[38;2;245;244;245;48;2;238;238;238m▄[38;2;140;111;100;48;2;86;53;42m▄[38;2;84;20;0;48;2;94;25;0m▄[38;2;72;17;0;48;2;56;13;2m▄[38;2;80;20;4;48;2;175;166;92m▄[38;2;71;19;3;48;2;33;30;16m▄[38;2;88;28;7;48;2;77;56;26m▄[38;2;84;23;5;48;2;19;11;5m▄[38;2;99;42;12;48;2;154;146;80m▄[0m[38;2;57;33;25m▄         [0m
 [38;2;0;0;0m [0m [7m[38;2;70;33;21m▄[0m[38;2;62;21;7;48;2;90;26;0m▄[38;2;72;22;1;48;2;74;44;33m▄[38;2;60;26;14;48;2;217;216;216m▄[38;2;133;121;116;48;2;250;250;251m▄[38;2;183;183;184;48;2;251;251;251m▄[38;2;177;169;167;48;2;238;238;238m▄[38;2;169;152;147;48;2;237;237;237m▄[38;2;154;142;138;48;2;242;243;243m▄[38;2;87;43;24;48;2;135;107;96m▄[38;2;82;23;1;48;2;84;23;1m▄[38;2;53;14;1;48;2;70;18;0m▄[38;2;113;30;4;48;2;122;34;7m▄[38;2;146;42;8;48;2;140;40;7m▄[38;2;143;41;8;48;2;145;42;8m▄[38;2;140;40;8;48;2;143;41;8m▄[38;2;129;39;10;48;2;142;41;8m▄[0m[7m[38;2;57;33;26m▄[0m[38;2;23;21;20m         [0m
    [38;2;77;34;20m▄[38;2;107;33;6;48;2;69;22;2m▄[38;2;79;23;4;48;2;74;20;0m▄[38;2;95;27;4;48;2;81;23;1m▄[38;2;131;37;7;48;2;93;26;5m▄[38;2;128;35;7;48;2;126;37;8m▄[38;2;127;35;6;48;2;129;35;4m▄[38;2;69;17;0;48;2;67;16;1m▄[38;2;67;20;1;48;2;104;32;1m▄[38;2;95;31;2;48;2;121;41;1m▄[38;2;84;24;3;48;2;103;38;8m▄[38;2;106;30;6;48;2;93;29;6m▄[38;2;115;31;5;48;2;150;42;7m▄[38;2;131;37;6;48;2;142;41;8m▄[38;2;151;43;8;48;2;141;40;9m▄[38;2;76;37;26;48;2;107;48;30m▄[0m [38;2;0;0;0m         [0m
[38;2;63;43;31m▄[38;2;175;82;15;48;2;73;43;21m▄[38;2;164;78;15;48;2;109;50;6m▄[38;2;137;62;11;48;2;114;52;6m▄[38;2;173;80;16;48;2;102;42;6m▄[38;2;170;78;15;48;2;108;35;5m▄[38;2;116;32;4;48;2;127;36;6m▄[38;2;128;34;6;48;2;130;35;6m▄[38;2;131;35;7;48;2;132;36;6m▄[48;2;131;35;6m [38;2;130;35;6;48;2;128;35;6m▄[38;2;131;36;6;48;2;92;24;3m▄[38;2;132;37;6;48;2;75;21;0m▄[38;2;129;36;7;48;2;78;22;0m▄[38;2;130;36;6;48;2;96;26;4m▄[38;2;133;37;7;48;2;127;35;7m▄[38;2;135;38;7;48;2;123;34;6m▄[38;2;139;40;7;48;2;129;36;7m▄[38;2;114;34;7;48;2;99;54;33m▄[38;2;139;59;7;48;2;82;53;38m▄[0m[38;2;120;67;28m▄[0m [38;2;15;15;15m        [0m
[38;2;107;63;31;48;2;119;70;34m▄[38;2;96;38;4;48;2;185;86;13m▄[38;2;79;25;1;48;2;178;84;15m▄[38;2;150;66;10;48;2;175;81;17m▄[38;2;182;84;16;48;2;177;82;17m▄[48;2;179;84;17m [38;2;125;49;8;48;2;121;43;7m▄[38;2;134;36;6;48;2;131;34;6m▄[38;2;133;36;6;48;2;132;36;7m▄[38;2;132;36;7;48;2;132;36;6m▄[48;2;131;36;6m▄[48;2;132;36;7m [48;2;131;36;7m▄[38;2;132;37;7m▄[48;2;132;37;7m [38;2;133;37;6;48;2;133;37;7m▄[38;2;133;37;7;48;2;133;38;7m▄▄[38;2;130;36;7;48;2;134;37;6m▄[38;2;126;51;8;48;2;125;55;8m▄[38;2;187;89;16;48;2;182;89;18m▄[38;2;100;55;19;48;2;79;52;33m▄[0m[38;2;100;55;19m        [0m
[38;2;76;25;5;48;2;43;29;24m▄[38;2;78;23;1;48;2;73;21;2m▄[38;2;65;18;1;48;2;85;25;1m▄[38;2;119;52;8;48;2;100;39;3m▄[38;2;182;86;16;48;2;178;82;15m▄[38;2;159;74;13;48;2;184;86;16m▄[38;2;119;32;4;48;2;127;45;7m▄[38;2;137;38;7;48;2;136;36;6m▄[38;2;135;38;7;48;2;134;37;7m▄[38;2;134;38;7;48;2;133;37;7m▄[38;2;134;37;7m▄[48;2;132;36;6m▄[38;2;134;37;8;48;2;133;36;7m▄[38;2;134;38;8;48;2;133;37;7m▄[38;2;134;37;7m▄[38;2;134;38;7;48;2;134;37;6m▄[48;2;135;38;7m [38;2;136;39;7;48;2;134;37;7m▄[38;2;139;39;7m▄[38;2;128;49;7;48;2;123;46;7m▄[38;2;160;77;10;48;2;178;84;13m▄[38;2;64;22;3;48;2;93;54;25m▄[0m [38;2;30;25;24m       [0m
[?25h