[?25l[0m [38;2;0;0;0m         [0m [38;2;10;10;10m                         [0m
 [38;2;0;0;0m       [0m  [38;2;173;120;31;48;2;84;70;43m▄[0m  [38;2;0;0;0m           [0m   [38;2;0;0;0m  [0m  [38;2;23;20;17m     [0m
 [38;2;0;0;0m       [0m [38;2;167;117;32;48;2;144;112;56m▄[38;2;222;149;21;48;2;196;133;20m▄[0m[38;2;73;60;39m▄[0m               [38;2;6;6;6m [0m [38;2;120;93;51m▄[38;2;167;112;24;48;2;116;78;27m▄[0m [38;2;38;38;38m    [0m
 [38;2;0;0;0m       [0m [38;2;164;114;31;48;2;184;126;29m▄[38;2;222;143;17;48;2;223;148;20m▄[38;2;218;138;13;48;2;185;128;36m▄[38;2;193;122;13;48;2;161;151;143m▄[38;2;138;74;6;48;2;79;30;13m▄[38;2;101;29;3;48;2;132;48;15m▄[38;2;157;49;10;48;2;142;49;16m▄[38;2;154;48;11;48;2;131;43;13m▄[48;2;128;44;15m▄[38;2;154;49;12;48;2;133;48;20m▄[38;2;155;49;12;48;2;134;52;24m▄[48;2;133;56;28m▄[38;2;154;48;12;48;2;139;63;36m▄[48;2;131;57;31m▄[38;2;154;48;11;48;2;133;70;48m▄[38;2;152;47;11;48;2;102;50;31m▄[38;2;151;47;12;48;2;114;67;50m▄[38;2;155;49;13;48;2;115;85;75m▄[0m[38;2;106;48;26m▄[38;2;156;110;32m▄[38;2;230;148;16;48;2;194;131;28m▄[38;2;193;123;12;48;2;193;125;14m▄[0m [38;2;26;26;26m    [0m
 [38;2;0;0;0m       [0m [7m[38;2;126;94;45m▄[0m[38;2;175;114;25;48;2;221;138;13m▄[38;2;210;131;13;48;2;215;135;13m▄[38;2;213;134;13;48;2;214;133;12m▄[38;2;203;130;11;48;2;209;134;12m▄[38;2;85;23;2;48;2;87;24;3m▄[38;2;90;24;2;48;2;114;34;7m▄[38;2;154;46;9;48;2;157;49;11m▄[38;2;155;47;10;48;2;155;49;11m▄[38;2;154;47;10;48;2;154;48;11m▄[38;2;155;48;11;48;2;155;49;11m▄[38;2;154;48;11;48;2;155;49;12m▄[48;2;154;49;11m▄[38;2;153;48;11;48;2;154;49;12m▄[38;2;153;47;11;48;2;154;48;11m▄[48;2;153;48;11m▄[48;2;154;48;11m [38;2;155;48;11;48;2;154;49;12m▄[38;2;152;47;11;48;2;161;51;13m▄[38;2;131;41;9;48;2;152;82;9m▄[38;2;188;116;8;48;2;214;135;13m▄[38;2;86;62;27;48;2;167;111;26m▄[0m [38;2;0;0;0m    [0m
 [38;2;0;0;0m         [0m [7m[38;2;143;103;44m▄[0m[38;2;71;42;33;48;2;186;117;12m▄[38;2;102;25;2;48;2;147;84;5m▄[38;2;104;26;2;48;2;100;25;3m▄[38;2;81;20;1;48;2;97;25;2m▄[38;2;65;18;3;48;2;114;33;6m▄[38;2;132;45;10;48;2;155;47;11m▄[38;2;142;44;10;48;2;156;48;11m▄[38;2;147;44;9;48;2;155;48;11m▄[38;2;156;47;11m▄[38;2;153;47;11;48;2;153;48;12m▄[38;2;153;46;10;48;2;152;47;11m▄[38;2;156;47;10;48;2;153;47;11m▄[38;2;155;48;11m▄[38;2;155;47;12m▄[38;2;156;49;11m▄[38;2;157;48;11;48;2;152;46;11m▄[38;2;152;46;10;48;2;157;48;10m▄[38;2;121;50;27;48;2;109;55;26m▄[0m  [38;2;0;0;0m    [0m
 [38;2;0;0;0m           [0m [38;2;122;42;4;48;2;96;23;2m▄[38;2;118;37;3;48;2;103;25;2m▄[38;2;108;27;1;48;2;81;19;1m▄[38;2;17;6;2;48;2;17;14;7m▄[38;2;185;164;96;48;2;233;211;124m▄[38;2;249;220;124;48;2;235;213;123m▄[38;2;173;157;89;48;2;227;204;109m▄[38;2;191;175;103;48;2;207;190;107m▄[38;2;8;2;1;48;2;22;12;5m▄[38;2;102;27;3;48;2;80;19;2m▄[38;2;158;106;50;48;2;141;103;51m▄[38;2;249;221;121;48;2;197;165;91m▄[38;2;203;184;103;48;2;195;163;90m▄[38;2;221;203;117;48;2;193;160;85m▄[38;2;9;8;6;48;2;61;37;16m▄[0m[7m[38;2;87;66;59m▄[38;2;85;69;64m▄[0m  [38;2;0;0;0m    [0m
 [38;2;0;0;0m         [0m [38;2;97;38;14m▄[38;2;98;28;1;48;2;69;40;28m▄[38;2;113;36;2;48;2;94;29;1m▄[38;2;115;38;3;48;2;136;46;4m▄[38;2;79;22;2;48;2;83;21;2m▄[38;2;82;19;2;48;2;44;10;1m▄[38;2;84;38;15;48;2;115;101;57m▄[38;2;148;102;53;48;2;249;221;131m▄[38;2;140;103;53;48;2;196;179;104m▄[38;2;38;16;6;48;2;101;93;55m▄[38;2;38;8;0;48;2;19;5;0m▄[38;2;78;20;0;48;2;87;22;1m▄[38;2;140;45;8;48;2;146;68;24m▄[38;2;168;143;79;48;2;249;225;125m▄[38;2;182;153;79;48;2;160;144;77m▄[38;2;45;29;15;48;2;128;117;67m▄[38;2;28;26;27;48;2;28;28;28m▄[0m [38;2;0;0;0m       [0m
 [38;2;0;0;0m   [0m [38;2;8;8;8m [0m [38;2;0;0;0m [0m [38;2;75;36;20m▄[38;2;114;36;1;48;2;98;38;8m▄[38;2;126;100;89;48;2;99;27;1m▄[38;2;241;241;241;48;2;112;74;60m▄[38;2;242;243;244;48;2;166;154;150m▄[38;2;127;88;75;48;2;114;50;23m▄[38;2;86;22;1;48;2;100;25;1m▄[38;2;49;11;1;48;2;72;16;1m▄[38;2;96;23;1;48;2;91;24;2m▄[38;2;110;29;4;48;2;119;34;5m▄[38;2;149;42;8;48;2;146;42;8m▄[38;2;146;41;8;48;2;147;41;7m▄[38;2;132;37;7;48;2;94;25;3m▄[38;2;80;20;2;48;2;86;21;0m▄[38;2;108;33;4;48;2;115;35;6m▄[38;2;117;37;5;48;2;120;35;5m▄[38;2;67;39;31;48;2;133;43;10m▄[0m[7m[38;2;109;46;24m▄[0m [38;2;11;11;11m        [0m
 [38;2;0;0;0m   [0m [38;2;0;0;0m  [0m [38;2;84;46;28;48;2;61;42;34m▄[38;2;119;41;3;48;2;114;39;3m▄[38;2;175;161;156;48;2;92;54;38m▄[38;2;247;247;248;48;2;239;239;240m▄[48;2;253;253;253m▄[38;2;242;242;242;48;2;245;245;245m▄[38;2;150;128;122;48;2;123;92;83m▄[38;2;95;24;2;48;2;77;19;1m▄[38;2;36;8;2;48;2;21;6;1m▄[38;2;58;55;31;48;2;109;82;41m▄[38;2;64;57;30;48;2;103;35;8m▄[38;2;143;116;62;48;2;143;40;8m▄[38;2;136;100;56;48;2;142;40;9m▄[38;2;122;74;35;48;2;145;41;8m▄[38;2;148;97;51;48;2;146;41;8m▄[38;2;141;89;44;48;2;119;34;5m▄[38;2;106;65;49;48;2;118;34;6m▄[0m [38;2;16;16;16m          [0m
 [38;2;0;0;0m     [0m  [38;2;111;37;3;48;2;98;37;9m▄[38;2;101;39;10;48;2;90;31;4m▄[38;2;244;243;243;48;2;234;234;234m▄[38;2;237;236;237;48;2;240;241;241m▄[38;2;239;239;239;48;2;237;237;237m▄[38;2;248;248;248;48;2;243;243;243m▄[38;2;253;253;253m▄[38;2;209;207;206;48;2;113;66;51m▄[38;2;78;26;11;48;2;67;16;1m▄[38;2;53;12;1;48;2;7;1;0m▄[38;2;7;4;2;48;2;26;24;14m▄[38;2;42;40;24;48;2;76;72;43m▄[38;2;1;1;0;48;2;65;63;36m▄[38;2;1;1;1;48;2;14;13;8m▄[38;2;47;46;40;48;2;83;80;62m▄[0m[7m[38;2;140;135;90m▄[0m  [38;2;0;0;0m          [0m
 [38;2;0;0;0m   [0m [38;2;14;14;14m  [0m [38;2;68;43;35;48;2;71;30;13m▄[38;2;82;24;1;48;2;65;20;2m▄[38;2;126;103;94;48;2;208;208;209m▄[38;2;250;249;250;48;2;251;251;251m▄[38;2;252;252;252;48;2;253;253;253m▄[38;2;243;243;243;48;2;245;245;245m▄[38;2;236;236;237;48;2;237;237;237m▄[38;2;242;241;242;48;2;237;237;238m▄[38;2;163;139;131;48;2;119;94;86m▄[38;2;74;18;1;48;2;95;24;0m▄[38;2;79;20;2;48;2;70;29;10m▄[38;2;114;31;6;48;2;133;117;63m▄[38;2;117;33;6;48;2;36;19;7m▄[38;2;122;34;6;48;2;73;44;19m▄[38;2;120;34;6;48;2;127;111;55m▄[38;2;87;56;48;48;2;136;134;131m▄[0m [38;2;12;12;12m           [0m
 [38;2;0;0;0m     [0m [38;2;5;5;5m [0m [7m[38;2;73;25;7m▄[0m[38;2;73;25;5;48;2;63;19;1m▄[38;2;75;21;0;48;2;114;98;92m▄[38;2;66;22;6;48;2;210;210;210m▄[38;2;107;33;10;48;2;234;235;235m▄[38;2;119;33;6;48;2;220;220;220m▄[38;2;89;21;2;48;2;207;207;207m▄[38;2;88;27;1;48;2;115;85;71m▄[38;2;115;38;1;48;2;84;23;1m▄[38;2;82;30;8;48;2;60;15;1m▄[38;2;125;35;5;48;2;142;40;7m▄[38;2;144;41;8;48;2;144;42;8m▄[38;2;140;40;9;48;2;141;41;8m▄[38;2;118;47;26;48;2;138;40;8m▄[0m [38;2;9;9;9m            [0m
 [38;2;0;0;0m     [0m [38;2;125;63;17m▄[38;2;114;51;6m▄[38;2;117;51;7;48;2;74;45;35m▄[38;2;116;43;7;48;2;106;32;6m▄[38;2;128;36;6;48;2;84;23;3m▄[38;2;130;35;6;48;2;107;29;4m▄[38;2;132;36;6;48;2;131;37;7m▄[38;2;129;35;6;48;2;130;35;6m▄[38;2;112;30;5;48;2;81;21;2m▄[38;2;87;24;1;48;2;71;21;1m▄[48;2;96;31;2m▄[38;2;114;32;5;48;2;98;28;4m▄[38;2;127;35;7;48;2;96;27;5m▄[38;2;138;38;7;48;2;129;35;6m▄[38;2;100;43;22;48;2;144;43;9m▄[38;2;118;69;41;48;2;101;49;35m▄[0m  [38;2;1;1;1m    [0m [38;2;2;2;2m      [0m
 [38;2;0;0;0m    [0m [38;2;150;76;20;48;2;138;79;37m▄[38;2;124;53;7;48;2;178;84;16m▄[38;2;150;67;11;48;2;160;75;15m▄[38;2;180;83;16;48;2;176;81;17m▄[38;2;178;84;17;48;2;177;82;17m▄[38;2;121;44;7;48;2;114;33;5m▄[38;2;132;36;6;48;2;130;34;6m▄[38;2;132;36;7;48;2;132;35;7m▄[38;2;131;36;6;48;2;131;35;6m▄[38;2;132;36;6;48;2;131;36;7m▄[38;2;131;36;7;48;2;132;36;7m▄[38;2;131;37;7;48;2;130;36;7m▄[38;2;132;37;7;48;2;132;36;7m▄[38;2;133;37;7;48;2;134;37;7m▄[48;2;136;38;7m▄[48;2;130;36;7m▄[38;2;127;50;8;48;2;120;50;6m▄[38;2;185;89;16;48;2;150;80;26m▄[0m[38;2;82;58;40m▄           [0m
 [38;2;0;0;0m   [0m [38;2;65;58;57m▄[38;2;78;24;3;48;2;77;47;32m▄[38;2;72;20;1;48;2;83;25;1m▄[38;2;77;28;3;48;2;84;28;1m▄[38;2;182;86;15;48;2;180;83;14m▄[38;2;166;77;14;48;2;182;85;17m▄[38;2;122;33;5;48;2;124;44;8m▄[38;2;137;38;7;48;2;135;37;7m▄[48;2;134;37;7m [38;2;134;37;7;48;2;133;36;7m▄[48;2;132;36;7m▄▄[48;2;133;37;7m▄▄[38;2;135;38;7;48;2;134;37;7m▄[38;2;136;38;7m▄[38;2;138;39;7;48;2;133;37;7m▄[38;2;124;46;7;48;2;118;43;7m▄[38;2;158;75;10;48;2;180;85;14m▄[38;2;69;38;24;48;2;114;88;69m▄[0m [38;2;64;64;64m          [0m
 [38;2;0;0;0m   [38;2;157;157;157m▄[7m[38;2;71;41;30m▄[38;2;69;21;3m▄[38;2;72;26;9m▄[38;2;101;58;29m▄[38;2;131;56;10m▄[38;2;118;38;6m▄[38;2;133;35;6m▄[38;2;133;36;7m▄[38;2;136;37;7m▄[38;2;138;38;7m▄[38;2;134;37;7m▄[38;2;133;36;7m▄[38;2;135;38;8m▄[0m[38;2;122;111;108;48;2;135;38;8m▄[0m[7m[38;2;136;38;7m▄[38;2;138;39;7m▄[38;2;135;37;6m▄[38;2;108;49;20m▄[38;2;78;31;4m▄[38;2;69;21;3m▄[38;2;39;31;29m▄[0m[38;2;32;29;28m          [0m
 [38;2;0;0;0m       [0m [38;2;0;0;0m  [0m [38;2;0;0;0m     [0m  [38;2;0;0;0m   [0m [38;2;0;0;0m             [0m
[?25h