[?25l[0m [38;2;0;0;0m  [0m [38;2;59;55;49m▄                         [0m
 [38;2;0;0;0m  [0m [38;2;203;177;133;48;2;142;126;97m▄[0m [38;2;12;11;11m                        [0m
 [38;2;0;0;0m  [7m[38;2;72;66;57m▄[0m[38;2;235;204;153;48;2;232;199;145m▄[0m[38;2;171;149;114m▄[0m [38;2;12;11;11m [0m [38;2;50;40;36m▄[0m    [38;2;1;1;1m              [38;2;92;83;66m▄[0m [0m
 [38;2;0;0;0m  [0m [38;2;150;130;96;48;2;219;185;134m▄[38;2;233;200;145;48;2;233;198;143m▄[38;2;234;201;146;48;2;142;124;93m▄[0m[38;2;194;167;125m▄[38;2;132;93;60;48;2;70;26;11m▄[38;2;87;26;4;48;2;90;26;3m▄[38;2;84;24;3;48;2;144;45;7m▄[38;2;148;45;7;48;2;142;45;9m▄[48;2;127;40;9m▄[38;2;147;45;7;48;2;122;49;21m▄[38;2;150;47;8;48;2;113;52;28m▄[38;2;149;47;9;48;2;73;34;20m▄[38;2;148;46;8;48;2;56;37;30m▄[0m[38;2;143;45;8m▄[38;2;124;43;14m▄[38;2;103;43;20m▄[38;2;70;34;20m▄[0m  [38;2;17;16;16m    [38;2;82;75;62m▄[38;2;234;202;153;48;2;182;160;124m▄[0m [0m
 [38;2;0;0;0m   [0m [7m[38;2;212;183;137m▄[0m[38;2;192;164;118;48;2;233;200;146m▄[38;2;232;198;143;48;2;234;200;147m▄[38;2;229;197;143;48;2;233;199;145m▄[38;2;87;32;12;48;2;85;40;19m▄[38;2;96;26;2;48;2;86;23;2m▄[38;2;91;23;1;48;2;118;35;4m▄[38;2;152;45;6;48;2;151;46;7m▄[38;2;148;44;7;48;2;147;44;7m▄[38;2;147;44;7;48;2;148;45;7m▄[38;2;148;45;7;48;2;149;46;7m▄[38;2;149;45;8;48;2;148;46;7m▄[38;2;148;45;8;48;2;147;46;8m▄[38;2;147;45;7;48;2;147;45;8m▄[48;2;146;45;8m▄[38;2;146;44;7;48;2;147;46;8m▄[38;2;145;44;7;48;2;146;46;8m▄[48;2;123;39;9m▄[38;2;147;45;8;48;2;107;51;30m▄[38;2;149;47;8;48;2;64;40;29m▄[0m[38;2;116;86;63m▄[38;2;226;195;145m▄[38;2;233;199;145;48;2;216;189;144m▄[38;2;142;125;99;48;2;204;178;137m▄[0m [0m
 [38;2;0;0;0m     [0m [38;2;59;28;19;48;2;111;84;60m▄[38;2;89;23;2;48;2;125;92;61m▄[38;2;92;25;2;48;2;92;24;3m▄[48;2;92;24;2m [38;2;88;23;2;48;2;87;22;1m▄[38;2;75;20;1;48;2;105;30;4m▄[38;2;114;32;3;48;2;148;43;7m▄[38;2;134;39;5;48;2;149;44;6m▄[38;2;150;45;6;48;2;149;45;7m▄[38;2;149;45;7;48;2;149;45;8m▄[38;2;145;44;7;48;2;147;44;7m▄[38;2;146;43;7;48;2;146;44;7m▄[38;2;147;44;7m▄[38;2;147;44;8m▄[38;2;148;44;7;48;2;146;44;8m▄[38;2;147;44;7;48;2;146;45;8m▄[48;2;147;45;7m▄[38;2;146;45;8;48;2;150;47;7m▄[38;2;145;45;8;48;2;134;49;14m▄[38;2;129;82;52;48;2;209;177;126m▄[0m[7m[38;2;207;178;132m▄[0m [38;2;0;0;0m [0m
 [38;2;0;0;0m      [0m [38;2;59;31;21;48;2;94;25;2m▄[38;2;81;22;3;48;2;93;25;2m▄[38;2;80;22;2;48;2;90;24;2m▄[38;2;94;26;1;48;2;90;24;3m▄[38;2;30;8;2;48;2;20;4;0m▄[38;2;89;88;56;48;2;41;15;5m▄[38;2;248;243;158;48;2;130;93;54m▄[38;2;180;179;109;48;2;85;46;23m▄[38;2;229;226;156;48;2;78;28;6m▄[38;2;45;37;21;48;2;96;29;3m▄[38;2;59;16;1;48;2;111;32;3m▄[38;2;104;29;2;48;2;123;34;5m▄[38;2;56;15;1;48;2;139;40;6m▄[38;2;72;29;10;48;2;143;42;6m▄[38;2;84;21;2;48;2;144;43;6m▄[38;2;114;32;3;48;2;147;44;7m▄[38;2;115;34;4;48;2;146;45;8m▄[38;2;116;35;5;48;2;151;48;8m▄[38;2;143;45;5;48;2;134;50;18m▄[0m [38;2;35;23;20m  [0m
 [38;2;0;0;0m       [0m [7m[38;2;44;40;38m▄[0m[38;2;156;54;12;48;2;152;41;4m▄[38;2;126;39;4;48;2;127;40;4m▄[38;2;61;16;1;48;2;60;16;1m▄[38;2;18;6;2;48;2;68;66;41m▄[38;2;103;97;62;48;2;248;243;151m▄[38;2;165;163;114;48;2;176;174;106m▄[38;2;89;89;60;48;2;241;239;169m▄[38;2;1;1;0;48;2;39;38;24m▄[38;2;54;12;0;48;2;51;13;1m▄[38;2;138;44;7;48;2;160;52;8m▄[38;2;140;50;14;48;2;127;60;24m▄[38;2;239;236;147;48;2;243;240;150m▄[38;2;162;159;102;48;2;186;182;120m▄[38;2;212;211;146;48;2;173;162;108m▄[38;2;5;5;4;48;2;30;7;1m▄[0m[7m[38;2;44;17;10m▄[38;2;47;27;24m▄[0m [38;2;0;0;0m  [0m
 [38;2;0;0;0m        [0m [38;2;122;40;14;48;2;159;49;6m▄[38;2;145;45;6;48;2;117;35;4m▄[38;2;97;26;2;48;2;80;22;1m▄[38;2;91;24;1;48;2;104;30;3m▄[38;2;145;44;8;48;2;152;46;8m▄[38;2;146;45;8;48;2;129;39;8m▄[38;2;146;45;9;48;2;99;28;6m▄[38;2;152;46;7;48;2;75;21;4m▄[38;2;92;23;1;48;2;83;21;0m▄[38;2;129;40;6;48;2;138;45;7m▄[38;2;148;46;7;48;2;152;49;8m▄[38;2;107;29;5;48;2;121;118;73m▄[38;2;95;28;5;48;2;169;165;105m▄[38;2;70;20;4;48;2;60;59;39m▄[38;2;38;24;21;48;2;19;18;18m▄[0m [38;2;0;0;0m    [0m
 [38;2;0;0;0m         [0m [38;2;68;24;12;48;2;99;31;7m▄[38;2;95;25;2;48;2;104;29;2m▄[38;2;100;26;2;48;2;92;24;2m▄[38;2;107;29;3;48;2;109;33;5m▄[38;2;152;47;7;48;2;147;46;8m▄[38;2;148;46;8;48;2;150;47;8m▄[38;2;144;46;9;48;2;147;46;8m▄[38;2;69;19;3;48;2;77;20;1m▄[38;2;101;27;0;48;2;110;33;3m▄[38;2;91;24;2;48;2;146;45;5m▄[38;2;147;44;6;48;2;132;38;6m▄[38;2;151;45;7;48;2;145;44;7m▄[0m[7m[38;2;118;41;14m▄[0m [38;2;0;0;0m     [0m
 [38;2;0;0;0m        [0m [38;2;78;31;16;48;2;47;32;26m▄[38;2;90;24;2;48;2;72;19;2m▄[38;2;101;26;1;48;2;92;24;2m▄[38;2;58;14;0;48;2;100;25;1m▄[38;2;67;16;0;48;2;97;25;2m▄[38;2;134;39;7;48;2;147;44;7m▄[38;2;147;45;8;48;2;145;44;8m▄[38;2;152;47;8;48;2;146;45;9m▄[38;2;151;47;8;48;2;136;42;8m▄[38;2;150;47;8;48;2;124;37;6m▄[38;2;148;47;9;48;2;144;45;7m▄[38;2;145;46;8;48;2;143;43;7m▄[0m[7m[38;2;107;44;25m▄[0m [38;2;0;0;0m      [0m
 [38;2;0;0;0m        [0m [38;2;97;28;5;48;2;83;25;6m▄[38;2;89;26;5;48;2;116;35;3m▄[38;2;75;20;2;48;2;92;24;1m▄[38;2;59;14;0;48;2;54;13;0m▄[38;2;24;18;11;48;2;24;20;15m▄[38;2;38;37;27;48;2;122;87;55m▄[38;2;130;127;92;48;2;131;66;30m▄[38;2;109;106;72;48;2;126;42;10m▄[38;2;70;63;44;48;2;140;44;10m▄[38;2;129;103;73;48;2;149;47;10m▄[38;2;133;84;53;48;2;154;49;8m▄[38;2;98;52;35;48;2;140;48;13m▄[0m [38;2;6;6;6m       [0m
 [38;2;0;0;0m        [0m [38;2;101;29;3;48;2;116;35;6m▄[38;2;93;28;4;48;2;113;34;6m▄[38;2;149;130;127;48;2;97;65;56m▄[38;2;131;102;93;48;2;83;23;3m▄[38;2;83;22;2;48;2;65;18;2m▄[38;2;91;37;10;48;2;87;68;37m▄[38;2;112;34;4;48;2;13;5;2m▄[38;2;81;23;2;48;2;5;3;2m▄[38;2;70;20;3;48;2;17;14;11m▄[38;2;97;50;23;48;2;47;45;39m▄[0m[7m[38;2;98;98;84m▄[0m [38;2;0;0;0m        [0m
 [38;2;0;0;0m       [0m  [38;2;117;34;4;48;2;120;35;4m▄[38;2;123;38;3;48;2;112;33;5m▄[38;2;142;105;92;48;2;148;122;115m▄[38;2;241;242;242;48;2;218;216;215m▄[38;2;136;107;98;48;2;85;28;9m▄[38;2;108;31;4;48;2;110;30;4m▄[38;2;144;43;7;48;2;152;46;7m▄[38;2;143;43;8;48;2;141;43;6m▄[38;2;144;43;8;48;2;113;34;6m▄[38;2;93;47;30;48;2;113;39;7m▄[0m [38;2;2;2;2m         [0m
 [38;2;0;0;0m   [0m [38;2;81;40;27m▄[38;2;92;26;4m▄[38;2;98;28;4;48;2;52;29;21m▄[38;2;99;29;5;48;2;85;42;26m▄[38;2;84;24;3;48;2;65;22;7m▄[38;2;98;27;4;48;2;79;21;2m▄[38;2;108;31;4;48;2;89;25;3m▄[38;2;88;24;1;48;2;69;18;2m▄[38;2;103;28;3;48;2;93;42;25m▄[38;2;108;30;3;48;2;110;71;58m▄[38;2;89;25;3;48;2;105;31;4m▄[38;2;87;25;3;48;2;144;44;7m▄[38;2;79;49;37;48;2;149;45;8m▄[0m[7m[38;2;125;41;11m▄[0m [38;2;0;0;0m          [0m
 [38;2;0;0;0m [0m [38;2;60;15;2;48;2;58;31;22m▄[38;2;94;25;3;48;2;97;27;4m▄[38;2;97;26;3;48;2;102;28;4m▄[38;2;99;27;4;48;2;99;28;4m▄[38;2;100;28;4m▄[38;2;100;29;4;48;2;97;28;4m▄[38;2;99;28;4;48;2;95;27;4m▄[38;2;98;28;4;48;2;81;23;2m▄[38;2;99;28;4;48;2;95;25;2m▄[38;2;101;28;4;48;2;82;23;2m▄[38;2;100;28;3;48;2;98;28;3m▄[38;2;101;28;4;48;2;102;30;4m▄[38;2;101;29;4;48;2;103;30;3m▄[38;2;100;28;3;48;2;100;28;4m▄[48;2;86;26;6m▄[0m[38;2;69;37;28m▄           [0m
 [38;2;110;41;15m▄[38;2;128;41;7;48;2;63;31;20m▄[38;2;92;26;3;48;2;68;17;0m▄[38;2;79;18;1;48;2;78;19;1m▄[38;2;102;27;3;48;2;96;26;3m▄[38;2;98;26;3;48;2;100;27;3m▄[38;2;100;28;4;48;2;102;29;4m▄[48;2;101;29;4m [38;2;101;29;4;48;2;100;29;4m▄[38;2;102;29;4;48;2;99;28;3m▄[48;2;100;28;4m▄[48;2;101;29;4m▄[48;2;102;29;4m [48;2;100;29;3m▄[38;2;101;28;3;48;2;100;28;3m▄[38;2;102;28;2;48;2;101;28;3m▄[48;2;103;29;2m [38;2;91;26;2;48;2;85;36;18m▄[0m[38;2;84;33;15m▄[0m [38;2;13;12;12m         [0m
[?25h