[?25l[0m[7m[38;2;166;170;150m▄[38;2;229;235;204m▄[38;2;231;237;207m▄[38;2;231;236;207m▄[38;2;230;236;207m▄[38;2;230;236;208m▄[38;2;230;237;208m▄[38;2;231;237;208m▄[38;2;230;236;207m▄[38;2;230;237;207m▄[38;2;230;237;208m▄[38;2;230;236;207m▄[38;2;228;235;203m▄[38;2;167;171;150m▄[38;2;189;193;170m▄[38;2;229;235;205m▄[38;2;228;235;204m▄[38;2;229;236;206m▄[38;2;230;236;207m▄[38;2;230;236;205m▄[38;2;230;236;206m▄[38;2;230;236;207m▄▄[38;2;229;236;207m▄[38;2;230;236;207m▄[38;2;177;181;158m▄[38;2;228;235;204m▄[38;2;227;233;203m▄[38;2;210;215;187m▄[0m [0m
 [38;2;0;0;0m                             [0m
 [38;2;0;0;0m  [0m  [38;2;39;35;31m▄[38;2;43;37;33m▄[38;2;39;35;32m▄[0m  [38;2;47;41;35m▄[38;2;60;42;28m▄[38;2;57;38;24m▄[38;2;61;45;35m▄[38;2;42;38;34m▄[0m [38;2;3;3;3m              [0m
 [38;2;0;0;0m [0m [38;2;59;39;25;48;2;41;36;33m▄[38;2;70;45;27;48;2;65;43;27m▄[38;2;72;46;27;48;2;76;50;30m▄[38;2;72;46;26;48;2;74;48;29m▄[38;2;70;44;26;48;2;69;45;27m▄[38;2;71;45;26;48;2;67;44;26m▄[38;2;72;46;26;48;2;53;34;18m▄[38;2;68;43;25;48;2;44;28;15m▄[38;2;65;41;24;48;2;45;28;16m▄[38;2;69;43;25;48;2;54;33;19m▄[38;2;69;44;25;48;2;63;40;23m▄[38;2;68;43;25;48;2;49;31;18m▄[38;2;68;43;26;48;2;33;30;29m▄[0m[38;2;59;38;24m▄[38;2;62;48;37m▄[38;2;38;33;29m▄[0m [38;2;15;15;14m          [0m
 [38;2;0;0;0m [0m [38;2;63;42;27;48;2;74;47;27m▄[38;2;57;36;19;48;2;72;46;27m▄[38;2;56;34;19;48;2;71;45;26m▄[38;2;51;31;17;48;2;72;45;26m▄[38;2;46;29;16;48;2;69;44;25m▄[38;2;58;36;20;48;2;70;44;25m▄[38;2;72;45;26;48;2;70;45;25m▄[38;2;69;43;25;48;2;69;44;25m▄[38;2;68;43;24;48;2;69;43;24m▄[38;2;69;44;25;48;2;68;43;25m▄[38;2;69;43;25m▄▄[38;2;68;43;25;48;2;69;43;25m▄[48;2;68;43;25m [48;2;67;43;25m▄[38;2;69;43;25;48;2;68;43;25m▄[48;2;61;41;26m▄[38;2;69;44;25;48;2;47;39;34m▄[0m[38;2;49;35;25m▄[0m [38;2;13;13;13m       [0m
  [38;2;63;42;21;48;2;36;33;31m▄[38;2;64;41;18;48;2;44;39;36m▄[48;2;42;27;13m▄[38;2;69;45;20;48;2;59;37;19m▄[38;2;69;44;20;48;2;55;34;18m▄[38;2;60;40;19;48;2;59;36;20m▄[38;2;137;99;55;48;2;64;39;21m▄[38;2;112;81;45;48;2;49;29;15m▄[38;2;45;31;17;48;2;64;39;23m▄[38;2;50;30;17;48;2;67;42;25m▄[38;2;66;42;24;48;2;68;43;25m▄[38;2;70;43;25;48;2;69;44;25m▄[48;2;69;43;25m [38;2;68;43;24m▄[38;2;67;42;25;48;2;68;43;25m▄[48;2;68;43;24m [38;2;69;44;25;48;2;68;42;25m▄[38;2;70;44;25;48;2;69;43;24m▄[38;2;70;44;24;48;2;69;43;25m▄[38;2;65;41;24;48;2;67;42;24m▄[38;2;53;34;21;48;2;51;40;33m▄[0m [38;2;25;25;26m      [0m
 [38;2;48;38;29m▄[38;2;61;40;19;48;2;47;39;32m▄[38;2;66;43;18;48;2;63;40;17m▄[48;2;65;42;18m [38;2;65;41;18;48;2;63;41;19m▄[38;2;54;35;15;48;2;60;39;18m▄[38;2;201;153;91;48;2;148;111;66m▄[38;2;235;179;109;48;2;235;176;104m▄[38;2;236;178;107;48;2;235;175;103m▄[38;2;235;176;104;48;2;202;151;89m▄[38;2;198;149;89;48;2;66;43;24m▄[38;2;71;49;28;48;2;49;30;17m▄[38;2;64;41;23;48;2;46;29;17m▄[38;2;67;43;24;48;2;49;29;16m▄[38;2;68;43;25;48;2;51;31;18m▄[38;2;71;45;25;48;2;54;33;18m▄[38;2;71;46;25;48;2;53;33;17m▄[38;2;68;43;25;48;2;54;33;18m▄[38;2;65;41;24m▄[38;2;64;41;24;48;2;51;31;17m▄[38;2;63;40;23;48;2;63;39;22m▄[38;2;60;41;28;48;2;58;37;22m▄[0m [38;2;23;21;20m      [0m
[38;2;59;43;27;48;2;48;36;24m▄[38;2;51;35;20;48;2;66;44;20m▄[38;2;64;41;16;48;2;65;43;20m▄[38;2;51;32;14;48;2;63;41;17m▄[38;2;59;37;17;48;2;61;39;17m▄[48;2;65;42;18m [38;2;70;45;19;48;2;64;41;17m▄[38;2;153;114;67;48;2;190;143;84m▄[38;2;236;179;109;48;2;235;178;107m▄[38;2;236;178;108;48;2;236;178;107m▄[38;2;237;179;109m▄[48;2;236;179;108m [38;2;236;179;109;48;2;220;166;100m▄[38;2;237;180;110;48;2;115;85;51m▄[38;2;206;159;99;48;2;66;42;24m▄[38;2;142;107;64;48;2;74;47;26m▄[38;2;90;63;36;48;2;70;44;25m▄[38;2;70;47;27;48;2;69;44;25m▄[38;2;76;51;29;48;2;69;43;25m▄[38;2;80;55;32;48;2;68;43;25m▄[38;2;82;57;35;48;2;69;44;26m▄[38;2;72;49;28;48;2;75;48;28m▄[38;2;48;29;16;48;2;75;47;27m▄[38;2;54;33;18;48;2;60;39;25m▄[38;2;65;40;23;48;2;38;34;32m▄[0m [38;2;33;29;27m    [0m
[38;2;62;51;38;48;2;49;47;45m▄[38;2;73;48;22;48;2;55;35;17m▄[38;2;66;42;17;48;2;65;43;19m▄[38;2;67;43;17;48;2;65;42;19m▄[38;2;67;43;18;48;2;64;41;18m▄[38;2;61;40;17;48;2;62;40;18m▄[38;2;38;25;11;48;2;56;35;15m▄[38;2;194;145;86;48;2;134;100;59m▄[38;2;236;178;108;48;2;236;180;110m▄[38;2;237;181;111;48;2;237;180;110m▄[38;2;238;181;112;48;2;237;179;109m▄[38;2;236;179;108;48;2;235;179;108m▄[48;2;236;179;109m▄[48;2;237;181;110m [38;2;237;179;108m▄[48;2;236;178;108m▄[38;2;235;179;109;48;2;234;176;105m▄[38;2;235;178;108;48;2;233;174;102m▄[38;2;234;178;108;48;2;234;177;105m▄[38;2;235;178;109;48;2;236;180;111m▄[38;2;234;177;106;48;2;234;177;108m▄[38;2;219;165;97;48;2;185;138;80m▄[38;2;55;45;35;48;2;42;34;28m▄[0m[7m[38;2;59;38;20m▄[38;2;54;33;17m▄[38;2;58;47;38m▄[0m[38;2;13;13;13m    [0m
[38;2;32;30;29;48;2;42;28;13m▄[0m[7m[38;2;58;44;30m▄[0m[38;2;64;47;30;48;2;53;35;16m▄[38;2;57;36;15;48;2;68;43;18m▄[38;2;61;38;16;48;2;66;42;18m▄[38;2;71;44;18;48;2;65;41;17m▄[38;2;116;84;47;48;2;97;68;37m▄[38;2;235;179;110;48;2;234;175;103m▄[38;2;236;180;109;48;2;236;178;106m▄[38;2;179;137;84;48;2;216;165;100m▄[38;2;238;239;239;48;2;197;160;115m▄[38;2;250;248;249;48;2;198;156;106m▄[38;2;192;193;193;48;2;190;145;88m▄[38;2;165;165;165;48;2;206;156;93m▄[38;2;218;219;219;48;2;219;165;97m▄[38;2;165;159;152;48;2;223;171;104m▄[38;2;234;180;109;48;2;200;153;95m▄[38;2;236;180;109;48;2;237;181;113m▄[38;2;190;162;128;48;2;236;179;109m▄[38;2;195;180;161;48;2;234;175;104m▄[38;2;119;99;72;48;2;235;176;104m▄[38;2;193;171;142;48;2;235;181;112m▄[38;2;120;105;88;48;2;181;143;93m▄[0m [38;2;0;0;0m      [0m
 [38;2;107;90;68m▄[38;2;204;155;96;48;2;162;128;86m▄[38;2;167;127;78;48;2;226;172;109m▄[38;2;205;157;98;48;2;183;140;88m▄[38;2;178;134;82;48;2;79;52;24m▄[38;2;136;101;58;48;2;99;68;34m▄[38;2;235;177;107;48;2;233;174;101m▄[48;2;235;176;105m▄[48;2;226;169;100m▄[38;2;218;169;107;48;2;184;176;166m▄[38;2;182;157;126;48;2;250;250;250m▄[38;2;186;176;163;48;2;253;253;253m▄[38;2;186;176;164;48;2;251;251;251m▄[38;2;182;159;128;48;2;251;251;250m▄[38;2;213;165;102;48;2;188;169;144m▄[38;2;236;179;108;48;2;234;177;103m▄[38;2;235;178;107;48;2;235;176;104m▄[38;2;219;165;100;48;2;190;159;119m▄[38;2;156;152;148;48;2;250;250;250m▄[38;2;198;199;199;48;2;222;222;222m▄[38;2;166;161;155;48;2;249;249;249m▄[0m[7m[38;2;119;118;118m▄[0m[38;2;26;26;27m       [0m
 [38;2;136;111;79;48;2;146;116;80m▄[38;2;236;182;115;48;2;226;171;101m▄[38;2;183;142;87;48;2;181;137;82m▄[38;2;236;181;114;48;2;184;138;84m▄[38;2;235;177;107;48;2;234;176;106m▄[38;2;235;176;106;48;2;234;175;106m▄[48;2;236;178;108m  [38;2;235;178;107;48;2;234;178;107m▄[38;2;235;177;107;48;2;235;179;109m▄[38;2;235;178;107;48;2;234;179;112m▄[38;2;199;154;94;48;2;238;181;109m▄[38;2;212;165;102;48;2;220;168;101m▄[38;2;235;179;109;48;2;174;132;80m▄[38;2;235;178;108;48;2;228;172;103m▄[38;2;236;180;110;48;2;236;179;109m▄ [38;2;234;177;106;48;2;234;176;105m▄[38;2;233;178;109;48;2;168;125;72m▄[38;2;170;128;77;48;2;212;159;93m▄[38;2;203;153;91;48;2;223;166;97m▄[0m [38;2;24;24;23m       [0m
  [38;2;76;63;48;48;2;224;173;111m▄[38;2;176;134;83;48;2;230;175;107m▄[38;2;188;141;83;48;2;234;175;104m▄[38;2;173;132;80;48;2;235;177;107m▄[38;2;236;179;108;48;2;236;178;108m▄[48;2;236;179;107m [38;2;236;178;107;48;2;235;178;107m▄[38;2;236;179;108m▄[38;2;236;179;109;48;2;235;178;108m▄[38;2;235;179;109m▄[38;2;235;178;108;48;2;235;180;109m▄[38;2;236;179;109;48;2;236;181;111m▄[38;2;237;182;113;48;2;237;182;112m▄[38;2;210;164;104;48;2;209;161;99m▄[38;2;187;144;86;48;2;237;180;110m▄[38;2;218;165;100;48;2;235;178;107m▄[38;2;235;179;111;48;2;234;177;108m▄[38;2;234;179;111;48;2;234;179;110m▄[38;2;234;178;108;48;2;235;183;116m▄[38;2;94;73;50;48;2;109;88;60m▄[0m [38;2;0;0;0m       [0m
 [38;2;0;0;0m [0m [38;2;83;83;78m▄[38;2;107;92;67;48;2;99;86;66m▄[38;2;235;177;105;48;2;239;183;114m▄[38;2;238;180;109;48;2;238;181;110m▄[38;2;238;181;110;48;2;237;180;108m▄[38;2;238;182;111;48;2;237;179;108m▄[38;2;236;179;107;48;2;236;179;108m▄[38;2;236;179;106;48;2;236;179;109m▄[38;2;235;178;106;48;2;235;179;109m▄[38;2;199;151;91m▄[38;2;232;180;113;48;2;237;182;113m▄[38;2;229;178;112;48;2;238;184;114m▄[38;2;227;174;107;48;2;237;183;114m▄[38;2;233;177;106;48;2;234;178;106m▄[38;2;208;155;88;48;2;223;167;96m▄[38;2;234;174;100;48;2;220;168;104m▄[38;2;234;176;104;48;2;180;139;87m▄[38;2;235;177;105;48;2;165;125;76m▄[38;2;140;111;75;48;2;44;36;26m▄[0m [38;2;7;7;7m       [0m
 [38;2;42;42;40m▄[38;2;94;94;86;48;2;84;84;78m▄[38;2;92;93;85;48;2;100;101;92m▄[38;2;146;112;68;48;2;112;89;56m▄[38;2;236;180;107;48;2;236;179;106m▄[38;2;237;180;109;48;2;237;179;108m▄[38;2;237;181;110;48;2;237;180;108m▄[38;2;228;174;104m▄[38;2;200;154;94;48;2;181;137;81m▄[38;2;170;131;79;48;2;219;167;100m▄[38;2;181;139;85;48;2;211;161;97m▄[38;2;184;141;86;48;2;235;180;112m▄[38;2;177;135;79;48;2;238;181;109m▄[38;2;174;130;74;48;2;219;166;100m▄[38;2;219;163;92;48;2;217;161;93m▄[38;2;238;181;106;48;2;236;178;106m▄[38;2;237;184;116;48;2;232;177;106m▄[38;2;221;171;103;48;2;232;175;101m▄[38;2;224;169;99;48;2;216;160;92m▄[38;2;196;148;89;48;2;233;176;105m▄[38;2;229;175;107;48;2;205;158;98m▄[38;2;217;167;105;48;2;73;60;45m▄[0m [38;2;25;23;21m      [0m
[38;2;101;101;92;48;2;79;79;73m▄[38;2;76;77;69;48;2;77;77;70m▄[38;2;101;101;91;48;2;100;100;90m▄[38;2;101;100;90;48;2;97;98;89m▄[38;2;147;115;74;48;2;177;137;85m▄[38;2;225;169;100;48;2;236;180;108m▄[38;2;215;164;100;48;2;237;179;107m▄[38;2;237;181;111;48;2;238;181;109m▄[48;2;236;180;109m [38;2;236;181;111;48;2;232;179;110m▄[48;2;235;181;112m▄[38;2;236;180;109;48;2;237;182;113m▄[38;2;236;179;108;48;2;236;180;110m▄[38;2;235;179;107;48;2;235;176;104m▄[38;2;235;179;108;48;2;232;174;101m▄[38;2;234;178;107;48;2;195;149;89m▄[38;2;234;177;105;48;2;179;139;85m▄[38;2;212;161;97;48;2;180;139;85m▄[0m[7m[38;2;189;146;89m▄[38;2;217;165;97m▄[0m[38;2;59;53;46;48;2;236;181;108m▄[38;2;56;51;42;48;2;239;184;113m▄[0m[7m[38;2;206;157;94m▄[0m [38;2;3;3;3m      [0m
[38;2;100;101;91;48;2;104;104;96m▄[48;2;74;74;67m [48;2;98;98;88m [38;2;100;100;89;48;2;96;95;86m▄[38;2;90;84;69;48;2;117;99;70m▄[38;2;227;175;110;48;2;231;177;110m▄[38;2;235;179;109;48;2;238;183;115m▄[38;2;236;180;110;48;2;237;181;111m▄[38;2;237;182;114;48;2;237;180;111m▄[38;2;213;164;100;48;2;223;171;104m▄[38;2;235;177;105;48;2;235;178;107m▄[38;2;236;179;108;48;2;235;179;107m▄[38;2;232;177;107;48;2;236;180;108m▄[38;2;235;182;113;48;2;236;180;110m▄[38;2;221;169;103;48;2;236;181;110m▄[38;2;230;175;104;48;2;224;170;100m▄[38;2;91;85;71;48;2;115;91;58m▄[38;2;89;89;81;48;2;61;57;50m▄[0m[38;2;72;70;66m▄[38;2;43;43;41m▄[0m [38;2;5;5;5m         [0m
[38;2;102;103;92;48;2;101;102;92m▄[38;2;80;80;72;48;2;78;78;70m▄[38;2;101;101;91;48;2;101;100;90m▄[38;2;99;99;89;48;2;101;101;90m▄[38;2;100;100;90;48;2;90;91;81m▄[38;2;123;102;71;48;2;188;143;89m▄[38;2;236;183;114;48;2;237;179;110m▄[38;2;211;159;93;48;2;236;180;109m▄[38;2;236;178;107;48;2;237;181;111m▄[38;2;236;179;109;48;2;236;180;109m▄[38;2;236;181;111;48;2;236;179;109m▄[48;2;236;181;110m▄[38;2;235;179;109;48;2;215;164;99m▄[38;2;235;179;108;48;2;235;178;105m▄[38;2;236;178;107;48;2;215;161;96m▄[38;2;178;137;84;48;2;206;158;96m▄[38;2;87;86;74;48;2;80;80;69m▄[38;2;98;97;88;48;2;105;105;94m▄[38;2;75;75;67;48;2;79;79;71m▄[38;2;84;84;75;48;2;90;91;82m▄[38;2;90;91;82;48;2;58;59;55m▄[0m[38;2;65;64;58m▄[0m [38;2;36;36;34m       [0m
[38;2;98;98;88;48;2;102;102;92m▄[38;2;75;75;67;48;2;78;77;69m▄[38;2;76;76;67;48;2;103;102;92m▄[38;2;59;59;52;48;2;97;97;87m▄[38;2;86;86;77;48;2;95;95;85m▄[38;2;90;91;81;48;2;70;69;62m▄[38;2;45;45;44;48;2;169;132;89m▄[38;2;143;112;72;48;2;237;177;102m▄[38;2;219;168;101;48;2;235;179;107m▄[38;2;222;172;107;48;2;236;180;109m▄[38;2;236;183;114;48;2;237;181;110m▄[48;2;237;182;112m [38;2;181;140;84;48;2;223;173;108m▄[38;2;239;187;119;48;2;237;184;117m▄[38;2;221;171;107;48;2;234;180;113m▄[38;2;155;119;73;48;2;164;124;75m▄[38;2;72;66;56;48;2;77;73;63m▄[38;2;66;65;58;48;2;63;61;55m▄[38;2;86;86;77;48;2;69;68;61m▄[38;2;101;101;91;48;2;76;76;68m▄[38;2;102;102;92;48;2;103;103;93m▄[38;2;79;79;71;48;2;78;78;69m▄[38;2;101;101;90;48;2;91;91;82m▄[0m[38;2;78;78;71m▄[0m [38;2;14;13;13m     [0m
[38;2;102;102;92;48;2;98;98;89m▄[38;2;84;83;74;48;2;96;96;86m▄[38;2;78;77;70;48;2;70;70;63m▄[38;2;102;101;91;48;2;91;91;81m▄[38;2;101;101;91;48;2;103;102;92m▄[38;2;99;99;89;48;2;96;96;86m▄[38;2;79;79;71;48;2;55;55;52m▄[0m [7m[38;2;74;63;48m▄[38;2;186;147;96m▄[0m[38;2;54;47;38;48;2;235;179;110m▄[38;2;110;91;66;48;2;237;182;109m▄[38;2;94;77;54;48;2;175;135;77m▄[38;2;108;89;62;48;2;237;180;105m▄[38;2;50;46;38;48;2;184;142;88m▄[0m[7m[38;2;102;86;62m▄[38;2;42;42;39m▄[0m[38;2;84;83;75;48;2;80;80;72m▄[38;2;98;97;87;48;2;88;88;79m▄[48;2;96;96;86m [38;2;98;98;87;48;2;100;100;90m▄[38;2;91;91;81;48;2;81;82;73m▄[38;2;88;87;78;48;2;96;95;86m▄[38;2;96;95;85;48;2;97;96;86m▄[38;2;80;80;72;48;2;52;51;49m▄[0m [38;2;15;15;15m    [0m
[?25h