[?25l[0m [38;2;107;97;66m▄[38;2;107;99;71m▄[0m [38;2;23;21;16m                  [0m        [0m
[38;2;249;215;128;48;2;248;216;132m▄[48;2;248;213;125m▄[38;2;249;214;128;48;2;249;216;132m▄[38;2;249;216;129;48;2;221;196;122m▄[0m [38;2;50;45;32m                         [0m
[38;2;242;165;96;48;2;216;184;106m▄[38;2;237;166;100;48;2;225;194;116m▄[38;2;205;152;92;48;2;246;210;121m▄[38;2;88;80;57;48;2;231;200;119m▄[0m [38;2;0;0;0m                         [0m
[7m[38;2;244;167;98m [0m[38;2;244;167;99;48;2;244;169;100m▄[38;2;243;169;102;48;2;243;173;106m▄[0m[38;2;113;86;59m▄                          [0m
[38;2;239;167;101;48;2;245;169;102m▄[38;2;217;153;91;48;2;244;167;99m▄[38;2;198;148;101;48;2;243;165;95m▄[38;2;200;154;113;48;2;227;157;91m▄[0m[38;2;100;81;64m▄                         [0m
[38;2;243;168;99;48;2;242;165;94m▄[38;2;241;165;97;48;2;230;165;102m▄[38;2;189;148;107;48;2;216;211;206m▄[38;2;201;175;147;48;2;198;198;197m▄[38;2;122;98;77;48;2;147;148;148m▄[0m[38;2;122;98;77m                         [0m
[38;2;243;167;98;48;2;243;168;99m▄[38;2;244;169;101;48;2;242;165;96m▄[38;2;238;168;102;48;2;208;141;79m▄[38;2;206;144;82;48;2;237;163;91m▄[38;2;173;121;73;48;2;185;129;79m▄[0m[38;2;173;121;73m                         [0m
[38;2;244;167;97;48;2;221;153;89m▄[38;2;243;164;92;48;2;205;143;85m▄[38;2;242;164;96;48;2;204;143;85m▄[38;2;243;167;98;48;2;222;154;89m▄[38;2;232;162;96;48;2;184;132;83m▄[0m [38;2;30;26;22m                        [0m
[38;2;153;112;70;48;2;244;168;98m▄[38;2;190;147;106;48;2;243;168;99m▄[38;2;177;130;85;48;2;242;164;95m▄[38;2;143;103;64;48;2;243;165;95m▄[38;2;98;76;55;48;2;243;168;98m▄[0m[7m[38;2;103;77;53m▄[0m[38;2;13;12;11m                        [0m
[38;2;122;108;91m▄[38;2;198;178;159;48;2;250;250;250m▄[38;2;189;151;110;48;2;196;186;171m▄[0m[38;2;88;69;49m▄                          [0m
[38;2;242;165;97;48;2;241;164;95m▄[38;2;242;167;98;48;2;241;165;97m▄[38;2;179;127;79;48;2;224;153;88m▄[0m [38;2;0;0;0m                          [0m
[38;2;242;166;98;48;2;241;164;95m▄[38;2;232;157;88;48;2;241;165;95m▄[38;2;134;74;46;48;2;171;113;68m▄[38;2;93;29;37;48;2;63;33;36m▄[0m   [38;2;1;1;1m                       [0m
[38;2;153;78;51;48;2;218;149;87m▄[38;2;120;7;24;48;2;112;21;28m▄[38;2;121;6;25;48;2;111;8;25m▄[38;2;119;66;20;48;2;111;49;23m▄[38;2;151;108;23;48;2;171;127;32m▄[38;2;177;129;28;48;2;150;111;30m▄[38;2;193;142;31;48;2;163;129;56m▄[38;2;188;136;31;48;2;102;80;31m▄[38;2;194;141;31;48;2;73;61;32m▄[0m[38;2;196;144;30m▄[38;2;164;118;24;48;2;61;52;32m▄[38;2;188;136;30;48;2;99;78;34m▄[38;2;193;141;32;48;2;147;118;54m▄[38;2;192;140;33;48;2;163;130;56m▄[48;2;155;123;57m▄[38;2;162;119;29;48;2;77;64;37m▄[0m [38;2;2;2;3m             [0m
[38;2;95;4;18;48;2;111;9;24m▄[38;2;108;6;22;48;2;111;5;22m▄[38;2;118;6;26;48;2;85;5;17m▄[38;2;117;7;26;48;2;109;9;24m▄[38;2;118;7;26;48;2;116;11;26m▄[38;2;117;8;27;48;2;113;10;23m▄[48;2;103;17;20m▄[38;2;118;8;26;48;2;113;35;20m▄[48;2;134;64;22m▄[38;2;115;8;27;48;2;130;76;20m▄[38;2;120;31;24;48;2;150;105;23m▄[38;2;195;143;32;48;2;193;141;32m▄[38;2;193;140;32;48;2;194;142;32m▄[38;2;194;142;33;48;2;192;141;33m▄[38;2;191;141;33;48;2;192;140;33m▄[38;2;105;82;36;48;2;150;113;36m▄[0m [38;2;0;0;0m             [0m
[38;2;117;7;26;48;2;116;6;25m▄▄[38;2;118;6;25;48;2;117;6;25m▄[38;2;118;6;26;48;2;118;6;25m▄[48;2;118;7;26m  [38;2;118;7;26;48;2;119;8;27m▄[48;2;118;7;26m [38;2;119;8;27;48;2;118;8;27m▄[48;2;119;8;27m [38;2;105;14;21;48;2;112;16;23m▄[38;2;191;140;31;48;2;189;138;31m▄[38;2;193;141;32;48;2;191;139;32m▄[38;2;192;142;32;48;2;195;143;33m▄[38;2;138;86;24;48;2;194;143;33m▄[0m [38;2;34;18;21m              [0m
[7m[38;2;118;7;26m [0m[38;2;119;7;26;48;2;118;7;26m▄[48;2;119;7;26m [48;2;118;6;26m▄[38;2;120;7;26m▄[48;2;119;7;26m▄[48;2;118;7;26m▄[38;2;119;7;26;48;2;119;7;27m▄[38;2;119;7;27;48;2;119;8;27m▄[38;2;121;7;26;48;2;119;7;27m▄[38;2;120;39;23;48;2;105;19;20m▄[38;2;193;143;36;48;2;196;144;32m▄[38;2;193;144;34m▄[38;2;125;51;24;48;2;178;128;28m▄[38;2;120;8;25;48;2;102;15;22m▄[38;2;118;8;25;48;2;97;19;32m▄[0m[38;2;51;14;20m▄             [0m
[38;2;95;26;35;48;2;120;7;26m▄[38;2;85;16;26;48;2;119;6;25m▄[38;2;92;26;36;48;2;120;7;26m▄[38;2;91;37;44;48;2;122;8;27m▄[38;2;70;25;32;48;2;121;7;26m▄[0m[7m[38;2;121;7;27m▄[38;2;123;7;27m▄[38;2;127;7;27m▄[38;2;126;8;28m▄[38;2;122;17;34m▄[38;2;129;68;29m▄[38;2;197;145;38m▄[38;2;154;104;44m▄[38;2;127;34;49m▄[38;2;91;27;37m▄[38;2;78;35;41m▄[0m [38;2;0;0;0m             [0m
[38;2;106;115;173m▄[38;2;95;101;148m▄[0m [38;2;36;38;49m                     [0m [38;2;93;55;42m▄[0m [38;2;11;11;11m   [0m
[?25h