[?25l[0m[38;2;227;235;204;48;2;226;235;203m▄[48;2;226;235;204m   [38;2;186;193;167;48;2;186;192;167m▄[38;2;226;234;203;48;2;226;235;203m▄[38;2;225;234;202m▄ [38;2;226;235;204m▄[48;2;226;235;204m [38;2;226;235;205m▄[38;2;227;236;204m▄[38;2;226;235;205m▄[48;2;225;234;203m▄[38;2;203;211;182m▄[38;2;191;197;171;48;2;194;201;174m▄[38;2;226;234;203;48;2;185;193;167m▄[48;2;226;235;203m  ▄▄[38;2;226;235;203;48;2;225;235;203m▄▄[38;2;226;235;204;48;2;225;234;203m▄[38;2;205;213;185;48;2;198;205;179m▄[38;2;206;214;185;48;2;211;218;190m▄[38;2;226;235;205;48;2;225;235;203m▄[38;2;226;235;204;48;2;225;234;202m▄[38;2;131;136;106;48;2;78;80;47m▄[38;2;52;53;2;48;2;52;53;1m▄[0m
[38;2;227;236;205;48;2;226;235;204m▄[38;2;227;236;206m▄[38;2;227;235;205m▄[38;2;226;235;203m▄[38;2;181;187;162;48;2;187;194;168m▄[38;2;227;235;204;48;2;227;235;205m▄[38;2;204;211;185;48;2;226;234;203m▄[38;2;228;237;207;48;2;226;235;204m▄[38;2;228;236;206m▄[38;2;227;236;205;48;2;227;235;205m▄[48;2;227;236;206m [38;2;227;235;204;48;2;227;235;205m▄[38;2;186;191;167;48;2;226;235;205m▄[38;2;199;205;181;48;2;198;205;181m▄[38;2;230;237;210;48;2;196;203;177m▄[38;2;228;236;208;48;2;226;235;204m▄[38;2;227;236;205m▄▄[38;2;227;236;206m▄[38;2;227;235;205m▄▄ [38;2;226;235;203;48;2;226;235;205m▄[38;2;226;235;204;48;2;226;236;205m▄[38;2;204;211;185;48;2;207;216;187m▄[38;2;209;216;189;48;2;204;211;183m▄[38;2;226;235;204;48;2;226;235;205m▄[38;2;224;232;205;48;2;227;236;207m▄[38;2;160;166;146;48;2;169;176;153m▄[38;2;56;55;20;48;2;51;52;3m▄[0m
             [38;2;0;0;0m    [0m           [38;2;0;0;0m [0m [0m
 [38;2;0;0;0m      [0m [38;2;36;31;27m▄[38;2;71;56;44m▄[38;2;75;54;35m▄[38;2;78;56;36m▄[38;2;69;53;38m▄[0m [38;2;23;22;21m                [0m
 [38;2;54;44;36m▄[38;2;50;42;36m▄[38;2;66;50;38m▄[38;2;76;54;34m▄[38;2;79;56;36;48;2;49;41;35m▄[38;2;80;56;36;48;2;68;54;43m▄[38;2;79;56;35;48;2;69;52;37m▄[38;2;78;55;35;48;2;76;54;34m▄[38;2;78;55;34;48;2;78;55;35m▄[38;2;79;56;35m▄[48;2;79;56;35m [38;2;78;55;35;48;2;81;58;37m▄[38;2;74;58;47;48;2;56;43;33m▄[0m[38;2;74;58;47m                [0m
[38;2;58;48;39;48;2;46;38;31m▄[38;2;72;50;31;48;2;64;44;25m▄[38;2;78;55;34;48;2;79;55;35m▄[48;2;78;54;34m▄[48;2;78;55;35m▄[48;2;79;55;36m▄[48;2;79;55;35m▄[48;2;78;55;35m▄[48;2;78;55;34m  [48;2;79;56;35m▄[38;2;77;54;33;48;2;78;56;35m▄[38;2;71;50;30;48;2;77;54;34m▄[38;2;69;49;30;48;2;61;47;34m▄[0m[38;2;47;41;37m▄[38;2;47;44;40m▄[0m   [38;2;8;8;8m           [0m
[38;2;78;54;33;48;2;73;51;33m▄[38;2;78;55;34;48;2;76;53;33m▄[48;2;78;54;34m ▄[38;2;79;55;34m▄[48;2;78;55;34m▄[38;2;78;55;33;48;2;78;54;34m▄[38;2;63;44;27;48;2;78;55;34m▄[38;2;58;40;24m▄[38;2;67;47;28;48;2;67;47;29m▄[38;2;72;50;31;48;2;61;42;25m▄[38;2;78;55;33;48;2;65;46;27m▄[38;2;81;57;34;48;2;70;49;30m▄[38;2;76;52;29;48;2;80;55;33m▄[38;2;79;53;26;48;2;75;54;34m▄[38;2;95;65;34;48;2;62;44;27m▄[38;2;81;55;29;48;2;61;43;26m▄[38;2;58;41;23;48;2;56;40;24m▄[38;2;59;43;29;48;2;60;46;34m▄[0m [38;2;21;18;16m          [0m
[38;2;79;56;36;48;2;79;55;35m▄[38;2;80;56;36;48;2;77;54;34m▄[38;2;79;55;35m▄[38;2;68;47;29;48;2;78;55;34m▄[38;2;51;35;18;48;2;80;56;35m▄[38;2;74;52;29;48;2;71;50;32m▄[38;2;95;66;36;48;2;67;47;28m▄[38;2;116;82;44;48;2;73;51;29m▄[38;2;130;93;51;48;2;77;53;30m▄[38;2;94;64;32;48;2;78;53;29m▄[38;2;96;63;29;48;2;75;51;26m▄[38;2;106;70;34;48;2;77;51;27m▄[38;2;98;68;37;48;2;84;58;31m▄[38;2;96;64;31;48;2;107;73;36m▄[38;2;199;148;89;48;2;120;86;47m▄[38;2;128;102;72;48;2;98;72;44m▄[0m[7m[38;2;109;74;39m▄[0m[38;2;51;41;28;48;2;99;70;40m▄[0m [38;2;36;32;27m           [0m
[38;2;66;51;37;48;2;76;53;34m▄[38;2;77;53;27;48;2;82;57;37m▄[38;2;117;78;39;48;2;78;54;31m▄[38;2;121;81;40;48;2;92;61;31m▄[38;2;152;109;60;48;2;160;111;59m▄[38;2;220;160;94;48;2;175;121;65m▄[38;2;221;164;99;48;2;178;124;66m▄[38;2;222;164;101;48;2;193;138;78m▄[38;2;221;163;99;48;2;221;164;99m▄[38;2;218;160;95;48;2;184;135;83m▄[38;2;220;164;101;48;2;129;92;53m▄[38;2;221;165;98;48;2;149;107;59m▄[38;2;218;163;97;48;2;145;104;55m▄[38;2;221;164;100;48;2;149;108;62m▄[38;2;221;165;100;48;2;223;167;104m▄[38;2;221;164;99;48;2;187;144;93m▄[0m[38;2;126;100;71m▄[0m [38;2;2;2;2m            [0m
[38;2;109;73;36;48;2;87;64;40m▄[38;2;112;75;37;48;2;114;76;37m▄[38;2;114;76;38;48;2;112;75;38m▄[38;2;117;79;39;48;2;110;73;37m▄[38;2;91;65;32;48;2;118;81;41m▄[38;2;199;147;89;48;2;224;168;104m▄[38;2;176;138;95;48;2;222;164;98m▄[38;2;197;195;193;48;2;221;164;99m▄[38;2;224;225;226;48;2;212;159;98m▄[38;2;153;154;154;48;2;197;145;85m▄[38;2;234;234;235;48;2;195;143;84m▄[38;2;194;169;138;48;2;193;144;86m▄[38;2;222;163;93;48;2;222;168;102m▄[38;2;190;172;152;48;2;201;151;94m▄[38;2;249;249;249;48;2;187;145;97m▄[38;2;170;170;170;48;2;189;146;97m▄[38;2;214;214;215;48;2;179;134;82m▄[0m [38;2;22;22;22m            [0m
[38;2;114;77;39;48;2;115;77;38m▄[38;2;109;73;35;48;2;113;75;37m▄[38;2;96;65;31;48;2;112;75;37m▄[38;2;109;72;35;48;2;112;74;37m▄[38;2;100;67;33;48;2;128;90;50m▄[38;2;213;157;95;48;2;220;162;99m▄[38;2;223;168;105;48;2;191;153;111m▄[38;2;195;169;140;48;2;250;250;250m▄[38;2;202;199;196;48;2;252;252;252m▄[38;2;207;207;206m▄[38;2;191;175;155;48;2;250;250;250m▄[38;2;213;159;95;48;2;193;163;129m▄[38;2;221;163;97;48;2;223;165;97m▄[38;2;218;162;98;48;2;188;156;121m▄[38;2;187;162;133;48;2;249;248;249m▄[38;2;173;163;150;48;2;252;252;252m▄[38;2;156;129;98;48;2;226;226;226m▄[0m [38;2;1;1;1m            [0m
[38;2;106;74;38;48;2;116;80;39m▄[38;2;199;146;87;48;2;177;132;82m▄[38;2;149;110;65;48;2;202;151;93m▄[38;2;104;71;35;48;2;102;68;32m▄[38;2;119;79;37;48;2;108;72;35m▄[38;2;134;95;52;48;2;161;116;66m▄[38;2;222;165;101;48;2;221;163;98m▄[38;2;208;154;91;48;2;223;167;103m▄[38;2;185;138;83;48;2;223;168;105m▄[38;2;195;144;84;48;2;215;159;98m▄[38;2;221;160;93;48;2;182;136;82m▄[38;2;218;159;94;48;2;221;161;94m▄[38;2;223;165;99;48;2;221;163;97m▄[48;2;223;165;100m▄[38;2;222;163;99;48;2;223;166;102m▄[38;2;220;162;96;48;2;207;152;91m▄[38;2;119;93;64;48;2;138;106;69m▄[0m [38;2;0;0;0m            [0m
[38;2;113;76;37;48;2;99;67;33m▄[38;2;136;100;58;48;2;211;158;96m▄[38;2;219;160;94;48;2;184;138;85m▄[38;2;172;126;71;48;2;137;99;55m▄[38;2;161;115;66;48;2;108;71;33m▄[38;2;177;132;80;48;2;110;76;38m▄[38;2;224;169;103;48;2;222;164;97m▄[38;2;222;164;98;48;2;222;163;97m▄[38;2;223;165;99;48;2;223;164;98m▄[38;2;195;148;90;48;2;222;163;97m▄[38;2;223;168;105;48;2;222;165;99m▄[38;2;223;168;104;48;2;187;139;82m▄[38;2;222;165;100;48;2;187;138;81m▄[38;2;192;141;82;48;2;214;156;90m▄[38;2;187;139;84;48;2;223;163;97m▄[38;2;192;144;90;48;2;221;165;101m▄[38;2;93;74;51;48;2;84;69;51m▄[0m[38;2;93;74;51m             [0m
[38;2;69;51;32;48;2;102;75;46m▄[38;2;92;64;34;48;2;110;73;34m▄[38;2;97;64;32;48;2;92;63;30m▄[38;2;220;165;101;48;2;208;153;89m▄[38;2;222;164;99;48;2;204;151;89m▄[38;2;215;156;90;48;2;209;157;95m▄[38;2;186;135;79;48;2;216;161;98m▄[38;2;215;162;99;48;2;196;146;88m▄[38;2;225;170;106;48;2;184;138;82m▄[38;2;215;162;100;48;2;218;166;103m▄[38;2;219;162;98;48;2;220;168;106m▄[38;2;206;151;88;48;2;224;169;103m▄[38;2;221;163;96;48;2;223;165;99m▄[38;2;210;157;97;48;2;223;165;98m▄[38;2;224;169;105;48;2;223;165;99m▄[38;2;209;155;93;48;2;224;166;101m▄[38;2;214;156;90;48;2;181;136;84m▄[0m[38;2;162;124;81m▄[0m [38;2;12;11;10m           [0m
 [38;2;53;59;59;48;2;89;81;71m▄[38;2;79;67;49;48;2;64;54;41m▄[38;2;220;160;93;48;2;223;166;100m▄[38;2;210;154;91;48;2;210;152;88m▄[38;2;214;161;99;48;2;203;149;86m▄[38;2;222;167;103;48;2;211;157;95m▄[38;2;218;164;100;48;2;186;141;86m▄[38;2;220;161;95;48;2;180;135;80m▄[38;2;185;137;80;48;2;214;157;92m▄[38;2;185;138;83;48;2;219;159;93m▄[38;2;185;139;84;48;2;221;162;95m▄[38;2;191;144;88;48;2;223;167;101m▄[38;2;182;137;84;48;2;224;169;103m▄[38;2;175;129;75;48;2;224;167;102m▄[38;2;176;134;83m▄[38;2;176;141;97;48;2;222;165;99m▄[38;2;96;78;58;48;2;221;166;103m▄[0m [38;2;4;4;4m           [0m
[38;2;46;51;51;48;2;47;50;50m▄[38;2;52;57;57;48;2;48;53;53m▄[38;2;127;101;69;48;2;113;86;54m▄[38;2;222;166;102;48;2;222;167;101m▄[38;2;221;163;98;48;2;202;151;92m▄[38;2;215;157;91;48;2;222;165;100m▄[38;2;222;164;98;48;2;221;163;98m▄[38;2;223;167;102;48;2;222;165;101m▄[38;2;209;159;99;48;2;224;169;104m▄[38;2;222;166;103;48;2;223;168;104m▄[38;2;203;150;90;48;2;224;167;104m▄[38;2;198;148;90;48;2;222;164;100m▄[38;2;66;57;47;48;2;221;161;94m▄[0m[7m[38;2;155;118;76m▄[0m  [38;2;0;0;0m              [0m
[38;2;51;57;57;48;2;54;60;60m▄[48;2;53;59;58m▄[38;2;61;60;52;48;2;98;82;60m▄[38;2;221;165;101;48;2;221;164;99m▄[38;2;223;167;102;48;2;222;164;100m▄[38;2;196;145;88;48;2;219;163;100m▄[38;2;224;168;103;48;2;223;167;103m▄[38;2;216;160;96;48;2;210;155;92m▄[38;2;219;162;96;48;2;215;158;92m▄[38;2;203;152;92;48;2;221;164;99m▄[38;2;157;120;75;48;2;207;154;92m▄[38;2;46;50;50;48;2;87;75;57m▄[38;2;48;53;53;48;2;36;38;38m▄[0m [38;2;22;22;22m                [0m
[38;2;50;55;55;48;2;51;57;56m▄[38;2;52;57;57m▄[48;2;52;57;56m▄[38;2;148;113;71;48;2;194;144;88m▄[38;2;223;165;99;48;2;223;166;100m▄[38;2;222;164;98;48;2;222;165;99m▄[38;2;222;165;99;48;2;222;165;100m▄[48;2;219;164;99m▄[38;2;219;161;96;48;2;207;155;93m▄[38;2;222;165;101;48;2;221;165;99m▄[38;2;162;121;74;48;2;91;73;48m▄[38;2;51;56;55;48;2;54;59;59m▄[38;2;55;60;60;48;2;53;58;58m▄[38;2;48;53;53;48;2;43;46;46m▄[0m[38;2;42;46;46m▄[38;2;20;20;20m▄             [0m [0m
[?25h