[?25l[0m [38;2;0;0;0m          [0m  [38;2;12;12;12m                       [0m
 [38;2;0;0;0m       [0m [38;2;54;48;44m▄[38;2;102;80;61m▄[38;2;108;84;63;48;2;82;68;57m▄[38;2;84;66;51;48;2;78;71;66m▄[0m[38;2;105;82;62m▄[38;2;124;100;79;48;2;94;86;77m▄[38;2;110;87;66;48;2;92;80;68m▄[38;2;42;39;36;48;2;68;60;52m▄[0m [38;2;0;0;0m                  [0m
 [38;2;0;0;0m     [0m  [38;2;79;65;53m▄[38;2;108;85;66;48;2;101;79;61m▄[38;2;107;83;62;48;2;106;82;61m▄[38;2;104;81;60;48;2;104;81;61m▄[38;2;103;79;57;48;2;105;81;60m▄[38;2;90;69;50;48;2;105;81;61m▄[38;2;92;70;52;48;2;108;84;63m▄[38;2;109;83;62;48;2;100;77;56m▄[38;2;110;84;62;48;2;95;78;64m▄[38;2;85;68;52;48;2;66;57;49m▄[0m[38;2;52;45;39m▄                 [0m
 [38;2;0;0;0m  [0m [38;2;67;56;47m▄[38;2;78;65;53m▄[38;2;106;83;64;48;2;67;59;50m▄[38;2;100;78;60;48;2;104;82;63m▄[38;2;155;123;88;48;2;103;80;61m▄[38;2;230;180;125;48;2;97;76;55m▄[38;2;232;179;122;48;2;145;113;77m▄[38;2;230;176;119;48;2;136;105;73m▄[38;2;231;177;121;48;2;165;131;92m▄[38;2;231;178;123;48;2;226;177;125m▄[38;2;230;177;123;48;2;204;159;111m▄[38;2;229;175;119;48;2;167;131;92m▄[38;2;205;159;110;48;2;102;78;57m▄[38;2;78;65;52;48;2;76;64;55m▄[0m [38;2;1;1;1m                 [0m
 [38;2;0;0;0m [0m [38;2;52;48;43m▄[38;2;85;68;54;48;2;48;42;38m▄[38;2;104;81;62;48;2;106;83;63m▄[38;2;86;68;51;48;2;108;84;63m▄[38;2;200;151;101;48;2;146;114;80m▄[38;2;231;177;119;48;2;232;179;122m▄[48;2;233;179;122m [38;2;233;180;124;48;2;232;179;122m▄▄[38;2;231;179;125;48;2;231;178;123m▄[38;2;231;179;126;48;2;231;178;122m▄[38;2;231;179;125;48;2;230;177;121m▄[38;2;231;179;124;48;2;231;178;123m▄[38;2;231;180;125;48;2;233;183;129m▄[38;2;234;187;138;48;2;205;173;136m▄[0m[38;2;168;138;105m▄[0m  [38;2;4;4;4m               [0m
 [38;2;0;0;0m [0m [38;2;50;46;42;48;2;86;66;47m▄[38;2;103;81;62;48;2;110;85;63m▄[38;2;106;84;64;48;2;109;85;63m▄[38;2;102;80;61;48;2;106;83;60m▄[38;2;195;152;105;48;2;232;179;123m▄[38;2;233;180;122;48;2;233;179;122m▄[38;2;233;179;122;48;2;232;178;121m▄[38;2;233;180;122;48;2;232;179;122m▄[38;2;234;180;123;48;2;233;180;123m▄[38;2;233;181;124;48;2;233;180;124m▄[38;2;232;180;122;48;2;232;180;124m▄[38;2;229;177;122;48;2;231;179;122m▄[38;2;185;143;98;48;2;231;178;122m▄[38;2;229;176;119;48;2;230;179;123m▄[38;2;229;180;126;48;2;229;178;122m▄[38;2;229;180;127;48;2;230;180;125m▄[38;2;225;174;116;48;2;222;175;121m▄[0m[38;2;174;135;91m▄[38;2;87;73;59m▄[0m [38;2;1;1;1m             [0m
 [38;2;0;0;0m [0m [38;2;72;58;46;48;2;70;59;50m▄[38;2;101;80;62;48;2;100;81;64m▄[38;2;126;106;91;48;2;129;112;99m▄[38;2;112;92;77;48;2;111;91;74m▄[38;2;121;94;65;48;2;113;90;65m▄[38;2;232;177;120;48;2;233;181;125m▄[38;2;233;182;128;48;2;234;181;125m▄[38;2;174;143;110;48;2;234;183;127m▄[38;2;197;193;188;48;2;228;175;118m▄[38;2;236;236;236;48;2;187;146;102m▄[38;2;197;196;197;48;2;164;133;99m▄[38;2;252;252;251;48;2;190;167;141m▄[38;2;191;184;176;48;2;167;139;107m▄[38;2;235;185;129;48;2;229;178;124m▄[38;2;233;177;120;48;2;174;137;96m▄[38;2;171;152;132;48;2;173;139;100m▄[38;2;248;248;248;48;2;181;149;114m▄[38;2;197;197;197;48;2;161;129;93m▄[38;2;230;230;230;48;2;182;145;104m▄[0m [38;2;29;29;29m             [0m
 [38;2;0;0;0m [0m [38;2;51;45;39;48;2;64;55;47m▄[38;2;111;87;63;48;2;105;81;62m▄[38;2;98;76;56;48;2;105;81;63m▄[38;2;108;83;62;48;2;103;80;61m▄[38;2;103;81;58;48;2;130;102;72m▄[38;2;233;177;119;48;2;234;181;125m▄[38;2;232;177;120;48;2;233;178;121m▄[38;2;233;178;121;48;2;185;149;111m▄[38;2;193;157;120;48;2;235;235;236m▄[38;2;191;171;150;48;2;251;251;251m▄[38;2;188;170;149;48;2;251;252;252m▄[38;2;160;137;110;48;2;250;250;249m▄[38;2;203;155;105;48;2;181;163;144m▄[38;2;233;180;125;48;2;233;179;121m▄[38;2;232;180;124;48;2;232;177;120m▄[38;2;230;179;125;48;2;182;139;95m▄[38;2;183;145;104;48;2;213;213;213m▄[38;2;139;118;95;48;2;251;251;251m▄[38;2;113;95;76;48;2;218;218;218m▄[0m [38;2;2;2;2m             [0m
 [38;2;0;0;0m [0m [38;2;165;134;100;48;2;104;87;69m▄[38;2;161;124;83;48;2;200;156;109m▄[38;2;165;125;85;48;2;213;169;123m▄[38;2;221;171;118;48;2;107;83;60m▄[38;2;223;174;122;48;2;97;76;55m▄[38;2;229;178;124;48;2;227;173;116m▄[38;2;232;179;123;48;2;232;178;122m▄[38;2;232;178;122;48;2;233;179;122m▄[38;2;231;178;122;48;2;234;182;127m▄[38;2;234;181;124;48;2;198;156;110m▄[38;2;234;182;127;48;2;187;145;101m▄[38;2;232;179;123;48;2;196;150;100m▄[38;2;231;179;122;48;2;231;176;118m▄[38;2;230;178;121;48;2;233;180;123m▄[38;2;204;157;107;48;2;232;180;125m▄[38;2;224;171;114;48;2;232;179;122m▄[38;2;224;171;116;48;2;231;177;121m▄[38;2;226;177;123;48;2;231;177;118m▄[38;2;121;98;72;48;2;109;87;63m▄[0m [38;2;1;1;1m             [0m
 [38;2;0;0;0m [0m [7m[38;2;145;120;93m▄[0m[38;2;179;140;101;48;2;192;152;108m▄[38;2;215;164;111;48;2;212;162;110m▄[38;2;205;157;106;48;2;226;172;117m▄[38;2;221;171;118;48;2;223;173;120m▄[38;2;215;169;119;48;2;214;169;120m▄[38;2;213;170;122;48;2;222;174;122m▄[48;2;219;172;120m▄[38;2;216;169;118;48;2;214;168;117m▄[38;2;214;167;116;48;2;218;170;118m▄[38;2;218;172;122;48;2;211;167;118m▄[38;2;218;173;122;48;2;223;177;126m▄[38;2;214;168;118;48;2;214;169;120m▄[38;2;212;169;120;48;2;218;171;119m▄[38;2;214;168;119;48;2;210;163;111m▄[38;2;208;164;115;48;2;173;135;93m▄[38;2;208;168;122;48;2;172;136;96m▄[38;2;218;174;126;48;2;173;137;98m▄[38;2;206;163;116;48;2;195;155;111m▄[38;2;209;165;116;48;2;91;78;63m▄[0m [38;2;57;49;41m            [0m
 [38;2;0;0;0m   [0m [38;2;105;86;66;48;2;97;83;67m▄[38;2;218;170;117;48;2;223;177;126m▄[38;2;209;165;118;48;2;209;168;121m▄[38;2;219;174;124;48;2;218;174;126m▄[38;2;194;154;110;48;2;217;172;122m▄[38;2;187;147;103;48;2;212;167;117m▄[38;2;170;135;96;48;2;216;169;117m▄[38;2;180;145;104;48;2;210;167;119m▄[38;2;192;151;106;48;2;206;166;118m▄[38;2;213;165;113;48;2;215;169;118m▄[38;2;212;164;112;48;2;212;167;116m▄[38;2;216;170;118;48;2;215;172;122m▄[38;2;221;177;127;48;2;219;176;126m▄[38;2;208;168;121;48;2;215;172;123m▄[38;2;217;173;123;48;2;216;173;124m▄[38;2;209;164;114;48;2;215;168;117m▄[38;2;211;166;114;48;2;209;163;113m▄[38;2;216;170;119;48;2;210;167;117m▄[38;2;212;167;119;48;2;181;143;104m▄[0m[38;2;68;58;47m▄           [0m
 [38;2;0;0;0m [0m [38;2;96;96;96m▄[38;2;83;83;82;48;2;84;84;84m▄[38;2;185;145;101;48;2;140;113;84m▄[38;2;208;164;115;48;2;219;171;119m▄[38;2;217;173;123;48;2;217;170;118m▄[38;2;213;167;116;48;2;216;169;118m▄[38;2;218;171;117;48;2;209;167;120m▄[38;2;218;173;121;48;2;198;157;113m▄[38;2;218;174;123;48;2;217;174;126m▄[38;2;218;173;123;48;2;216;175;129m▄[48;2;193;153;109m▄[38;2;218;174;125;48;2;169;133;93m▄[38;2;220;176;127;48;2;175;138;95m▄[38;2;218;171;119;48;2;172;136;94m▄[38;2;215;169;116;48;2;176;140;98m▄[38;2;85;71;56;48;2;158;127;92m▄[0m[7m[38;2;145;122;95m▄[38;2;168;139;104m▄[38;2;169;137;101m▄[38;2;154;125;92m▄[38;2;90;74;59m▄[0m [38;2;0;0;0m           [0m
 [38;2;0;0;0m [38;2;84;84;84;48;2;77;77;77m▄[38;2;103;103;103;48;2;99;99;100m▄[38;2;100;87;74;48;2;96;84;71m▄[38;2;220;169;116;48;2;220;172;119m▄[38;2;221;172;121;48;2;220;171;119m▄[38;2;213;167;117;48;2;220;174;123m▄[38;2;219;173;122;48;2;215;170;120m▄[38;2;218;173;122;48;2;217;170;117m▄[38;2;216;171;121;48;2;213;169;120m▄[38;2;212;170;123;48;2;219;175;125m▄[38;2;218;174;124;48;2;217;171;121m▄[38;2;204;158;110;48;2;210;166;117m▄[38;2;208;162;112;48;2;218;175;128m▄[38;2;174;140;101;48;2;221;180;131m▄[0m[7m[38;2;112;92;69m▄[0m  [38;2;0;0;0m                 [0m
 [38;2;0;0;0m [38;2;83;82;82;48;2;83;83;83m▄[38;2;103;103;103;48;2;105;105;105m▄[38;2;84;85;84;48;2;67;66;65m▄[38;2;149;129;107;48;2;195;152;106m▄[38;2;220;173;121;48;2;221;173;122m▄[38;2;219;171;120;48;2;215;168;117m▄[38;2;218;170;119;48;2;218;172;120m▄[38;2;212;166;118;48;2;219;174;123m▄[38;2;217;171;120;48;2;217;170;120m▄[38;2;217;170;120;48;2;206;162;113m▄[38;2;211;166;118;48;2;215;170;120m▄[38;2;185;147;106;48;2;214;169;119m▄[38;2;84;78;71;48;2;175;136;93m▄[38;2;101;101;101;48;2;81;77;71m▄[38;2;73;72;72;48;2;44;44;44m▄[0m[38;2;53;52;53m▄[0m [38;2;2;2;2m                 [0m
 [38;2;0;0;0m [38;2;83;82;83;48;2;84;84;84m▄[38;2;103;103;103;48;2;105;105;105m▄[38;2;101;102;101;48;2;96;96;95m▄[38;2;110;110;111;48;2;111;109;109m▄[38;2;138;127;114;48;2;191;149;105m▄[38;2;215;166;116;48;2;218;170;120m▄[38;2;218;170;119;48;2;218;169;118m▄[38;2;218;171;120;48;2;217;169;118m▄[38;2;219;171;120;48;2;219;171;121m▄[38;2;217;169;119;48;2;218;171;121m▄[38;2;215;167;117;48;2;214;168;118m▄[38;2;160;127;92;48;2;146;114;81m▄[38;2;96;96;97;48;2;78;77;77m▄[48;2;101;101;100m [38;2;100;100;100;48;2;92;93;92m▄[38;2;75;74;74;48;2;81;80;80m▄[38;2;135;135;135;48;2;92;91;91m▄[0m  [38;2;1;1;1m               [0m
 [38;2;0;0;0m [38;2;53;54;53;48;2;77;77;77m▄[38;2;95;95;95;48;2;105;105;105m▄[38;2;106;106;106;48;2;105;106;105m▄[38;2;88;88;88;48;2;93;93;93m▄[38;2;157;157;158;48;2;158;159;160m▄[38;2;154;154;154;48;2;154;130;105m▄[38;2;161;133;103;48;2;221;174;124m▄[38;2;221;171;120;48;2;219;171;120m▄[38;2;209;162;113;48;2;218;170;120m▄[38;2;200;157;112m▄[38;2;212;168;122;48;2;218;171;122m▄[38;2;127;119;108;48;2;146;122;97m▄[38;2;101;102;102;48;2;98;99;99m▄[38;2;97;98;98;48;2;101;101;102m▄[38;2;74;74;74;48;2;101;101;101m▄[38;2;103;103;103;48;2;76;76;76m▄[38;2;118;118;118;48;2;121;120;121m▄[38;2;92;92;92;48;2;87;87;87m▄[0m[38;2;64;64;65m▄         [0m [38;2;78;83;88m▄[38;2;100;109;117m▄[38;2;85;91;98m▄  [0m
 [38;2;0;0;0m [38;2;80;80;80;48;2;55;56;56m▄[38;2;102;103;103;48;2;106;106;106m▄[38;2;103;103;103;48;2;104;103;104m▄[38;2;104;105;104;48;2;101;102;101m▄[38;2;102;103;103;48;2;117;116;117m▄[38;2;165;166;166;48;2;160;160;162m▄[38;2;164;164;165;48;2;154;154;154m▄[38;2;163;163;163;48;2;151;127;100m▄[38;2;144;135;125;48;2;179;139;96m▄[38;2;94;79;62;48;2;127;101;72m▄[38;2;117;113;109;48;2;144;113;81m▄[38;2;162;162;162;48;2;145;145;145m▄[38;2;121;121;121;48;2;114;115;115m▄[38;2;107;108;108;48;2;105;105;105m▄[38;2;101;101;101;48;2;97;98;98m▄[38;2;68;69;69;48;2;78;78;77m▄[38;2;86;87;87;48;2;82;83;82m▄[38;2;90;90;90;48;2;91;91;91m▄[38;2;94;94;94;48;2;78;78;78m▄[0m [38;2;22;22;22m       [0m [38;2;148;159;172;48;2;104;111;117m▄[38;2;150;162;173;48;2;148;160;172m▄[38;2;150;162;174;48;2;145;158;171m▄[38;2;97;104;112;48;2;94;102;110m▄[0m[38;2;97;104;112m  [0m
 [38;2;0;0;0m [0m                    [38;2;0;0;0m       [0m     [38;2;0;0;0m  [0m
[?25h