[?25l[0m[38;2;228;241;208;48;2;214;227;192m▄[38;2;178;188;162;48;2;185;194;166m▄[38;2;221;234;198;48;2;227;241;204m▄[38;2;227;240;203m▄[48;2;226;240;204m▄[38;2;226;240;203m▄[38;2;226;240;204;48;2;226;241;204m▄[38;2;226;240;203;48;2;226;240;204m▄▄[38;2;225;240;203;48;2;226;240;203m▄[48;2;225;239;202m▄[38;2;225;240;202m▄[38;2;225;239;203;48;2;225;240;203m▄[38;2;226;240;204;48;2;162;180;156m▄[38;2;183;198;170;48;2;137;185;168m▄[38;2;129;168;151;48;2;148;203;185m▄[38;2;146;200;182;48;2;149;203;185m▄[38;2;147;203;184;48;2;146;202;184m▄[38;2;128;175;159;48;2;142;200;181m▄[38;2;183;200;166;48;2;126;168;151m▄[38;2;225;240;202;48;2;215;230;196m▄[38;2;226;240;203;48;2;225;239;201m▄[48;2;225;240;202m ▄[38;2;226;240;204;48;2;224;239;201m▄[38;2;185;195;166;48;2;178;188;159m▄[38;2;229;241;206;48;2;227;240;203m▄[38;2;226;240;204;48;2;187;196;171m▄[0m[38;2;104;110;95m▄ [0m
[7m[38;2;225;239;202m▄[38;2;221;235;197m▄[38;2;179;188;161m▄[38;2;227;240;203m▄[38;2;226;240;203m▄[38;2;227;240;205m▄[38;2;227;240;204m▄[38;2;226;240;204m▄[38;2;226;240;202m▄[38;2;226;239;203m▄[38;2;227;240;204m▄▄[38;2;225;239;202m▄[38;2;225;239;201m▄[38;2;225;240;202m▄[38;2;208;222;187m▄[38;2;142;166;144m▄[38;2;119;159;144m▄[38;2;181;198;168m▄[38;2;223;238;198m▄[38;2;225;239;201m▄[38;2;226;240;204m▄[38;2;226;240;203m▄▄[38;2;226;240;204m▄[38;2;187;198;169m▄[38;2;228;240;205m▄[38;2;224;238;200m▄[38;2;191;202;171m▄[0m [0m
 [38;2;0;0;0m                             [0m
 [38;2;0;0;0m     [0m  [38;2;1;1;1m                      [0m
 [38;2;0;0;0m   [38;2;44;48;48m▄[38;2;34;52;55;48;2;42;53;56m▄[38;2;31;49;53;48;2;38;54;57m▄[0m[38;2;30;47;50m▄[38;2;33;53;57;48;2;31;35;35m▄[38;2;31;50;54;48;2;38;46;48m▄[38;2;33;52;56;48;2;37;49;51m▄[38;2;33;54;58;48;2;46;60;63m▄[38;2;32;50;54;48;2;32;36;37m▄[0m[38;2;31;47;51m▄[38;2;36;47;49m▄[0m    [38;2;4;4;3m           [0m
 [38;2;0;0;0m  [0m [38;2;39;46;47m▄[38;2;29;48;52;48;2;37;50;52m▄[38;2;32;52;56;48;2;33;53;58m▄[38;2;33;52;56;48;2;33;54;58m▄[38;2;32;51;56;48;2;33;53;57m▄[38;2;32;49;54;48;2;32;51;56m▄[38;2;28;44;46;48;2;33;51;56m▄[38;2;33;49;53;48;2;32;51;55m▄[38;2;43;65;68;48;2;26;42;45m▄[38;2;46;70;73;48;2;32;47;50m▄[38;2;45;69;72;48;2;34;52;54m▄[38;2;44;67;70;48;2;33;51;53m▄[48;2;37;55;57m▄[38;2;45;68;71;48;2;36;53;55m▄[38;2;44;66;69;48;2;49;61;63m▄[0m[38;2;40;49;51m▄[0m [38;2;17;17;17m         [0m
 [38;2;0;0;0m [0m [38;2;28;37;38m▄[38;2;32;52;57;48;2;28;47;51m▄[38;2;33;51;56;48;2;31;50;55m▄[38;2;29;45;48;48;2;32;51;56m▄[38;2;32;49;51;48;2;31;50;54m▄[38;2;45;68;72;48;2;27;43;46m▄[38;2;48;71;74;48;2;38;57;60m▄[38;2;48;72;75;48;2;47;71;74m▄[38;2;47;71;73;48;2;46;69;72m▄[38;2;46;68;71m▄[38;2;45;68;71;48;2;46;70;72m▄[38;2;45;68;70;48;2;45;68;72m▄[38;2;51;62;59;48;2;44;67;70m▄[38;2;77;76;65;48;2;44;66;69m▄[38;2;100;91;71;48;2;45;69;72m▄[38;2;115;104;82;48;2;48;74;77m▄[38;2;104;95;75m▄[38;2;66;67;57;48;2;46;64;67m▄[0m[38;2;45;48;47m▄        [0m
 [38;2;0;0;0m [0m [38;2;36;53;57;48;2;37;48;51m▄[38;2;30;46;49;48;2;32;51;56m▄[38;2;41;62;65;48;2;28;44;47m▄[38;2;44;67;70;48;2;36;56;60m▄[38;2;46;69;72;48;2;46;70;73m▄[38;2;47;71;74;48;2;47;70;73m▄[38;2;45;68;71;48;2;47;70;72m▄[38;2;42;61;63;48;2;48;72;75m▄[38;2;128;112;87;48;2;50;74;77m▄[38;2;238;187;132;48;2;60;70;65m▄[38;2;243;188;129;48;2;106;92;70m▄[38;2;147;119;84;48;2;134;114;83m▄[38;2;166;138;102;48;2;168;141;104m▄[38;2;137;116;84;48;2;165;140;104m▄[38;2;157;133;97;48;2;162;137;102m▄[38;2;159;133;97;48;2;160;135;100m▄[38;2;136;105;76m▄[38;2;159;133;99;48;2;152;127;94m▄[38;2;93;83;70;48;2;127;107;81m▄[0m[7m[38;2;49;43;37m▄[0m [38;2;4;4;4m      [0m
 [38;2;0;0;0m [0m [38;2;36;54;56;48;2;24;37;40m▄[38;2;45;67;69;48;2;41;62;65m▄[38;2;46;69;71;48;2;47;70;73m▄[38;2;47;70;73;48;2;45;68;71m▄[38;2;47;61;58;48;2;45;67;70m▄[38;2;107;92;67;48;2;45;66;68m▄[38;2;234;186;130;48;2;119;104;83m▄[38;2;221;163;126;48;2;166;123;96m▄[38;2;243;190;135;48;2;233;183;129m▄[38;2;243;190;134;48;2;243;191;135m▄[38;2;243;191;135;48;2;244;193;138m▄[38;2;242;191;135;48;2;219;175;125m▄[38;2;213;166;115;48;2;133;109;78m▄[38;2;132;106;75;48;2;135;109;78m▄[38;2;162;130;92;48;2;180;144;99m▄[38;2;242;195;142;48;2;138;115;83m▄[38;2;242;193;139;48;2;136;109;81m▄[38;2;234;184;129;48;2;140;115;85m▄[38;2;169;135;96;48;2;150;127;94m▄[0m [38;2;43;42;39m       [0m
  [38;2;43;65;68;48;2;40;53;55m▄[38;2;48;70;73;48;2;44;66;69m▄[38;2;45;68;70;48;2;45;67;70m▄[38;2;54;63;59;48;2;46;68;71m▄[38;2;149;126;93;48;2;60;72;67m▄[38;2;165;139;103;48;2;149;128;97m▄[38;2;158;134;99;48;2;137;115;83m▄[38;2;190;145;104;48;2;235;186;130m▄[38;2;219;160;115;48;2;242;192;137m▄[38;2;242;191;135;48;2;243;192;136m▄[38;2;243;192;137;48;2;243;191;136m▄[38;2;243;192;136;48;2;243;191;135m▄▄[38;2;243;193;138;48;2;242;192;136m▄[38;2;243;193;139;48;2;242;193;139m▄[38;2;242;190;135;48;2;231;185;133m▄[38;2;242;190;134;48;2;242;191;136m▄[38;2;243;191;135m▄[38;2;242;192;139;48;2;242;192;137m▄[38;2;237;187;132;48;2;241;190;135m▄[38;2;191;155;111;48;2;169;137;101m▄[0m[38;2;54;47;39m▄[0m [38;2;1;1;1m     [0m
  [38;2;46;59;61;48;2;37;57;61m▄[38;2;46;68;72;48;2;50;74;77m▄[38;2;117;104;79;48;2;44;58;55m▄[38;2;168;142;105;48;2;141;119;87m▄[38;2;166;139;102;48;2;163;136;99m▄[38;2;165;138;101;48;2;164;138;102m▄[38;2;140;117;87;48;2;158;133;98m▄[38;2;166;132;95;48;2;179;139;98m▄[38;2;240;190;137;48;2;240;187;131m▄[38;2;242;189;133;48;2;242;192;137m▄[38;2;216;170;120;48;2;244;194;139m▄[38;2;182;156;127;48;2;244;193;139m▄[38;2;186;167;144;48;2;243;193;138m▄[38;2;189;171;149m▄[38;2;192;174;152m▄[38;2;182;145;103;48;2;211;166;116m▄[38;2;244;192;135;48;2;243;190;133m▄[38;2;221;179;130;48;2;243;194;139m▄[38;2;157;144;126;48;2;242;195;141m▄[38;2;193;188;182;48;2;246;199;146m▄[38;2;180;176;172;48;2;245;199;144m▄[38;2;188;180;169;48;2;227;188;135m▄[0m [38;2;49;45;41m     [0m
 [38;2;0;0;0m [38;2;33;38;39;48;2;54;65;67m▄[38;2;86;79;63;48;2;54;58;52m▄[38;2;142;117;84;48;2;155;129;92m▄[38;2;222;175;125;48;2;148;122;88m▄[38;2;216;168;117;48;2;148;120;84m▄[38;2;175;138;96;48;2;147;123;87m▄[38;2;205;162;115;48;2;147;120;87m▄[38;2;242;192;138;48;2;163;129;90m▄[38;2;242;191;137;48;2;241;190;136m▄[38;2;238;185;129;48;2;212;165;114m▄[38;2;185;178;170;48;2;173;171;169m▄[38;2;252;252;252;48;2;250;250;250m▄[38;2;253;253;253;48;2;238;238;238m▄[38;2;252;252;252;48;2;171;171;171m▄[38;2;220;219;218;48;2;247;247;247m▄[38;2;212;171;125;48;2;193;163;130m▄[38;2;242;192;137;48;2;243;195;142m▄[38;2;242;192;138;48;2;239;191;136m▄[38;2;214;170;126;48;2;186;172;157m▄[38;2;212;211;210;48;2;250;250;251m▄[38;2;244;244;245;48;2;208;208;208m▄[38;2;168;168;168;48;2;225;225;226m▄[0m [38;2;14;14;14m     [0m
 [38;2;0;0;0m [0m [38;2;121;101;76;48;2;129;110;86m▄[38;2;154;122;85;48;2;167;134;96m▄[38;2;222;172;117;48;2;194;154;110m▄[38;2;207;165;116;48;2;170;136;98m▄[38;2;241;193;138;48;2;213;167;117m▄[38;2;242;192;136;48;2;241;188;131m▄[38;2;226;170;122;48;2;242;189;132m▄[38;2;242;191;135;48;2;242;189;133m▄[38;2;242;192;138;48;2;241;189;133m▄[38;2;241;190;136;48;2;189;154;115m▄[38;2;192;154;111;48;2;167;160;152m▄[38;2;189;156;114;48;2;193;190;185m▄[38;2;153;124;89;48;2;189;180;168m▄[38;2;207;163;116;48;2;151;124;94m▄[38;2;242;191;135;48;2;242;194;139m▄[38;2;241;189;133;48;2;242;190;133m▄[48;2;242;188;132m▄[48;2;240;185;128m▄[38;2;160;126;88;48;2;141;110;77m▄[38;2;217;174;126;48;2;185;153;111m▄[38;2;81;70;56;48;2;142;124;97m▄[0m[38;2;81;70;56m      [0m
 [38;2;0;0;0m [0m [7m[38;2;56;54;50m▄[0m[38;2;172;141;102;48;2;153;127;94m▄[38;2;141;114;80;48;2;224;177;121m▄[38;2;181;147;105;48;2;206;163;115m▄[38;2;187;150;107;48;2;241;191;135m▄[38;2;242;192;137;48;2;241;189;132m▄[38;2;235;184;135;48;2;216;158;113m▄[38;2;221;166;123;48;2;241;191;136m▄[38;2;242;191;134;48;2;242;192;137m▄[38;2;243;190;134;48;2;242;191;136m▄[38;2;242;190;134;48;2;210;165;116m▄[38;2;241;190;135;48;2;192;151;106m▄[38;2;241;191;135;48;2;233;185;133m▄[38;2;242;190;134;48;2;243;194;141m▄[38;2;190;149;103;48;2;197;155;109m▄[38;2;179;141;99;48;2;241;186;128m▄[38;2;195;157;113;48;2;242;190;134m▄[38;2;196;158;115;48;2;242;193;139m▄[38;2;181;144;102;48;2;223;178;129m▄[38;2;202;160;114;48;2;209;167;121m▄[0m[7m[38;2;72;61;50m▄[0m[38;2;20;19;18m      [0m
 [38;2;0;0;0m  [0m [7m[38;2;115;97;73m▄[0m[38;2;68;61;53;48;2;143;120;90m▄[38;2;164;134;95;48;2;175;144;105m▄[38;2;145;117;83;48;2;169;137;98m▄[38;2;242;189;131;48;2;242;192;137m▄[38;2;243;193;137;48;2;239;190;139m▄[38;2;244;196;143;48;2;224;171;127m▄[38;2;226;178;130;48;2;233;180;126m▄[38;2;244;192;136;48;2;243;188;131m▄[38;2;243;190;133;48;2;243;191;135m▄[38;2;220;173;120;48;2;242;191;136m▄[38;2;241;188;131;48;2;241;190;135m▄[38;2;233;187;134;48;2;241;190;134m▄[38;2;244;197;145;48;2;241;190;135m▄[38;2;235;187;134;48;2;241;191;136m▄[38;2;242;189;133;48;2;243;193;139m▄[38;2;229;179;125;48;2;239;188;131m▄[38;2;241;191;136;48;2;243;191;133m▄[38;2;218;170;117;48;2;163;133;100m▄[0m [38;2;52;47;41m      [0m
 [38;2;0;0;0m    [0m [7m[38;2;78;71;62m▄[0m[38;2;60;58;53;48;2;104;88;67m▄[38;2;243;192;136;48;2;244;195;141m▄[38;2;243;191;134;48;2;243;192;136m▄[38;2;244;190;133;48;2;234;180;129m▄[38;2;243;190;132;48;2;231;178;130m▄[38;2;217;172;121;48;2;245;196;142m▄[38;2;239;192;139;48;2;216;174;125m▄[38;2;239;193;139;48;2;237;190;136m▄[38;2;240;188;132;48;2;225;175;120m▄[38;2;235;182;124;48;2;242;190;134m▄[38;2;232;181;124;48;2;239;191;137m▄[38;2;238;189;134;48;2;232;182;126m▄[38;2;229;184;131;48;2;241;188;131m▄[38;2;241;191;135;48;2;228;183;130m▄[38;2;226;180;127;48;2;242;195;143m▄[38;2;240;193;136;48;2;241;193;138m▄[38;2;237;191;137;48;2;161;131;98m▄[0m[38;2;84;73;59m▄     [0m
 [38;2;0;0;0m   [0m [38;2;31;41;49m▄[38;2;29;50;65;48;2;32;44;52m▄[38;2;67;65;58;48;2;51;54;52m▄[38;2;241;190;135;48;2;242;192;138m▄[38;2;243;191;136;48;2;243;192;138m▄[38;2;243;190;134;48;2;243;193;138m▄[38;2;238;187;132;48;2;243;194;141m▄[38;2;241;190;134;48;2;218;172;119m▄[38;2;240;188;130;48;2;203;158;108m▄[38;2;240;188;131;48;2;169;134;92m▄[38;2;240;190;133;48;2;180;144;101m▄[38;2;241;193;138;48;2;187;151;107m▄[38;2;241;192;137;48;2;188;149;105m▄[38;2;241;187;128;48;2;189;151;108m▄[38;2;146;120;92;48;2;185;152;110m▄[0m[7m[38;2;168;137;100m▄[38;2;167;135;98m▄[38;2;164;135;102m▄[38;2;109;92;70m▄[0m [38;2;0;0;0m     [0m
 [38;2;0;0;0m [0m [38;2;28;33;37m▄[38;2;24;35;43m▄[38;2;25;44;57;48;2;26;43;57m▄[38;2;27;46;59;48;2;27;47;60m▄[38;2;150;125;94;48;2;102;86;67m▄[38;2;242;192;137;48;2;242;193;139m▄[38;2;244;192;137;48;2;243;192;137m▄[38;2;236;188;135;48;2;238;188;135m▄[38;2;241;193;139;48;2;228;179;126m▄[38;2;235;186;131;48;2;242;190;134m▄[38;2;230;182;128;48;2;241;191;136m▄[38;2;239;189;134;48;2;242;192;136m▄[38;2;233;184;130;48;2;241;192;137m▄[38;2;192;151;106;48;2;234;183;127m▄[0m[7m[38;2;213;171;122m▄[38;2;86;73;58m▄[0m [38;2;0;0;0m          [0m
[?25h