[?25l[0m  [38;2;0;0;0m [0m        [38;2;0;0;0m [0m           [38;2;0;0;0m [0m      [0m
 [38;2;0;0;0m                             [0m
 [38;2;0;0;0m                             [0m
 [38;2;0;0;0m                             [0m
 [38;2;0;0;0m           [0m [38;2;102;60;11m▄[38;2;107;63;13m▄[0m   [38;2;137;82;19m▄[38;2;67;39;6m▄[0m  [38;2;3;2;0m        [0m
 [38;2;0;0;0m        [0m [38;2;108;65;13m▄[38;2;143;86;18m▄[38;2;146;89;22;48;2;128;77;18m▄[38;2;148;91;23;48;2;148;92;23m▄[38;2;146;90;22;48;2;137;83;20m▄[38;2;140;83;19;48;2;131;78;19m▄[38;2;139;83;20;48;2;118;71;16m▄[38;2;140;85;20;48;2;145;89;21m▄[38;2;140;85;19;48;2;137;84;19m▄[38;2;143;88;21;48;2;133;81;20m▄[38;2;135;83;21;48;2;135;82;18m▄[0m[38;2;93;57;15m▄[38;2;121;73;14m▄[38;2;130;76;13m▄[38;2;144;85;18m▄[38;2;74;43;9m▄[0m [38;2;1;0;0m   [0m
 [38;2;0;0;0m    [0m [38;2;100;58;11m▄[38;2;104;60;12m▄[38;2;80;45;7m▄[38;2;99;57;11;48;2;108;62;11m▄[38;2;140;83;17;48;2;135;79;15m▄[38;2;134;80;19;48;2;138;82;18m▄[38;2;130;78;18;48;2;140;84;19m▄[38;2;36;23;8;48;2;146;88;21m▄[38;2;29;20;9;48;2;151;92;22m▄[38;2;24;17;7;48;2;143;85;19m▄[38;2;57;34;10;48;2;131;78;19m▄[38;2;132;79;19;48;2;135;81;22m▄[38;2;136;81;20;48;2;141;86;22m▄[38;2;92;56;14;48;2;149;90;21m▄[38;2;138;131;118;48;2;116;70;18m▄[38;2;152;146;135;48;2;102;61;17m▄[38;2;113;105;95;48;2;90;51;12m▄[38;2;70;38;5;48;2;92;49;6m▄[38;2;92;50;6;48;2;119;69;15m▄[38;2;113;65;11;48;2;126;75;20m▄[38;2;131;78;17;48;2;73;44;10m▄[0m [38;2;51;31;7m  [0m
 [38;2;0;0;0m  [0m [38;2;141;82;16m▄[38;2;140;82;15;48;2;135;78;14m▄[38;2;139;82;16;48;2;137;81;16m▄[38;2;139;81;16;48;2;139;82;16m▄[38;2;123;71;14;48;2;142;83;17m▄[38;2;115;67;13;48;2;141;84;18m▄[38;2;143;84;17;48;2;138;82;20m▄[38;2;112;67;17;48;2;129;77;19m▄[38;2;173;165;154;48;2;80;60;36m▄[38;2;232;220;204;48;2;220;209;193m▄[38;2;170;162;146;48;2;233;222;204m▄[38;2;205;196;181;48;2;232;221;201m▄[38;2;232;224;211;48;2;183;174;161m▄[38;2;132;124;112;48;2;99;69;32m▄[38;2;114;66;17;48;2;124;71;14m▄[38;2;142;133;122;48;2;144;136;125m▄[38;2;231;219;202;48;2;233;224;208m▄[38;2;218;209;194;48;2;226;217;201m▄[38;2;134;130;124;48;2;204;194;178m▄[38;2;234;224;211;48;2;143;134;124m▄[38;2;106;81;54;48;2;80;49;14m▄[38;2;116;66;9;48;2;58;33;4m▄[0m[7m[38;2;116;70;15m▄[0m[38;2;105;63;13;48;2;138;83;19m▄[0m [38;2;26;15;3m [0m
 [38;2;0;0;0m [0m [38;2;142;84;18m▄[38;2;138;82;17;48;2;145;85;18m▄[48;2;138;81;16m [38;2;140;82;16;48;2;134;79;16m▄[38;2;141;83;16;48;2;137;80;16m▄[38;2;108;64;13;48;2;106;63;13m▄[38;2;95;56;12;48;2;89;52;11m▄[38;2;145;86;17;48;2;140;82;17m▄[38;2;113;67;15;48;2;102;61;14m▄[38;2;167;157;141;48;2;174;165;152m▄[38;2;232;222;209;48;2;229;218;201m▄[38;2;213;205;191;48;2;41;40;37m▄[38;2;225;215;201;48;2;149;142;131m▄[38;2;223;212;196;48;2;228;217;200m▄[38;2;130;117;101;48;2;129;121;108m▄[38;2;124;71;14;48;2;118;69;16m▄[38;2;89;51;10;48;2;104;88;70m▄[38;2;72;59;46;48;2;213;206;194m▄[38;2;53;50;46;48;2;228;220;207m▄[38;2;50;47;44;48;2;222;212;198m▄[38;2;52;39;25;48;2;177;168;156m▄[38;2;49;29;5;48;2;83;59;30m▄[38;2;53;31;5;48;2;109;63;9m▄[38;2;55;30;3;48;2;67;37;5m▄[0m  [38;2;0;0;0m [0m
 [38;2;0;0;0m [0m [38;2;117;68;12;48;2;132;77;16m▄[38;2;138;81;15;48;2;139;82;18m▄[38;2;140;82;14;48;2;140;82;17m▄[38;2;141;84;15;48;2;139;82;17m▄[38;2;134;79;15;48;2;142;84;18m▄[38;2;114;66;10;48;2;123;71;13m▄[38;2;52;29;5;48;2;67;39;7m▄[38;2;134;79;16;48;2;139;81;16m▄[48;2;136;80;17m [38;2;142;85;19;48;2;85;51;13m▄[38;2;83;50;12;48;2;186;177;161m▄[38;2;71;41;9;48;2;220;211;196m▄[38;2;65;39;11;48;2;226;215;198m▄[38;2;85;53;18;48;2;137;130;118m▄[38;2;130;77;16;48;2;100;58;12m▄[38;2;74;44;9;48;2;137;80;16m▄[38;2;26;13;1;48;2;69;40;8m▄[38;2;15;7;0;48;2;29;16;3m▄[38;2;15;7;1;48;2;17;9;2m▄[38;2;18;8;1;48;2;17;8;2m▄[38;2;45;27;5;48;2;63;36;6m▄[38;2;130;77;16;48;2;135;80;17m▄[38;2;128;76;14;48;2;127;76;17m▄[38;2;131;78;15;48;2;89;54;12m▄[0m[38;2;132;79;16m▄[0m [38;2;33;20;5m [0m
  [38;2;118;68;10m▄[38;2;137;80;15;48;2;128;74;14m▄[38;2;141;82;17;48;2;141;83;17m▄[38;2;143;84;15;48;2;140;82;16m▄[38;2;142;84;16;48;2;139;82;17m▄[38;2;120;73;17;48;2;131;79;16m▄[0m[7m[38;2;83;48;8m▄[0m[38;2;109;65;13;48;2;64;37;7m▄[38;2;145;86;16;48;2;139;83;16m▄[38;2;139;82;16;48;2;141;84;17m▄[38;2;138;81;16;48;2;140;83;18m▄[38;2;94;55;10;48;2;131;76;15m▄[38;2;80;48;10;48;2;99;55;8m▄[38;2;135;82;20;48;2;123;74;17m▄[38;2;134;81;18;48;2;133;81;19m▄[38;2;142;86;19;48;2;138;82;17m▄[38;2;136;82;19;48;2;73;44;10m▄[38;2;134;79;18;48;2;25;13;2m▄[38;2;92;52;9;48;2;18;8;1m▄[38;2;56;32;7;48;2;10;4;0m▄[38;2;125;75;16;48;2;34;20;3m▄[38;2;128;77;17;48;2;138;82;16m▄[38;2;138;83;19;48;2;139;84;19m▄[48;2;135;82;19m▄[38;2;133;80;19;48;2;133;80;20m▄[38;2;113;67;14;48;2;129;79;20m▄[0m [38;2;24;14;2m [0m
  [38;2;137;79;12;48;2;137;79;12m▄[38;2;137;81;17;48;2;139;81;15m▄[48;2;141;83;17m [38;2;141;84;18;48;2;141;83;18m▄[38;2;138;82;17;48;2;140;83;17m▄[38;2;123;71;11;48;2;126;75;15m▄[0m [38;2;139;81;15;48;2;143;84;16m▄[38;2;142;84;17;48;2;143;85;18m▄[38;2;141;84;17;48;2;139;83;18m▄[38;2;122;72;13;48;2;135;80;16m▄[38;2;97;59;13;48;2;40;23;4m▄[38;2;142;87;19;48;2;143;87;19m▄[38;2;140;85;20;48;2;139;85;20m▄[38;2;138;83;19;48;2;139;84;21m▄[48;2;137;82;19m▄[38;2;139;84;22;48;2;138;85;20m▄[38;2;138;83;21;48;2;137;84;21m▄[38;2;135;82;20;48;2;139;84;19m▄[38;2;116;69;14;48;2;132;80;18m▄[0m[7m[38;2;113;68;15m▄[0m[38;2;133;79;18;48;2;137;82;19m▄[38;2;138;82;18;48;2;139;83;20m▄[38;2;125;74;14;48;2;130;77;18m▄[38;2;90;53;9;48;2;121;71;14m▄[0m[7m[38;2;64;38;7m▄[0m[38;2;15;9;1m  [0m
   [38;2;138;81;16;48;2;138;80;16m▄[38;2;143;84;17;48;2;139;82;17m▄[38;2;123;73;15;48;2;141;84;17m▄[38;2;74;42;6;48;2;140;84;17m▄[0m  [38;2;113;66;12;48;2;117;68;13m▄[38;2;141;84;18;48;2;143;85;17m▄[38;2;139;80;16;48;2;138;80;15m▄[38;2;56;32;7;48;2;58;34;7m▄[38;2;132;79;19;48;2;126;76;19m▄[38;2;116;70;17;48;2;132;80;20m▄[38;2;127;77;19;48;2;134;82;21m▄[38;2;123;75;17;48;2;137;82;19m▄[38;2;138;84;18;48;2;138;83;19m▄[38;2;100;60;11;48;2;137;83;20m▄[38;2;115;70;17;48;2;133;81;20m▄[0m[7m[38;2;139;84;18m▄[0m    [38;2;146;79;58m▄[0m [38;2;0;0;0m   [0m
 [38;2;0;0;0m  [0m [7m[38;2;81;48;9m▄[0m [38;2;0;0;0m  [0m [38;2;133;77;14;48;2;119;70;13m▄[38;2;143;84;17;48;2;145;86;17m▄[38;2;135;79;16;48;2;142;84;16m▄[38;2;111;64;13;48;2;54;31;6m▄[38;2;39;22;2;48;2;94;54;9m▄[38;2;71;39;3;48;2;40;21;3m▄[38;2;90;59;23;48;2;88;56;17m▄[0m[38;2;125;107;83m▄[7m[38;2;59;35;7m▄[0m[38;2;108;63;13m▄[38;2;85;49;10m▄[0m [38;2;165;86;65;48;2;113;61;46m▄[38;2;201;112;89;48;2;119;68;53m▄[38;2;200;116;92;48;2;109;60;46m▄[38;2;140;75;58;48;2;145;77;58m▄[38;2;143;78;62;48;2;151;82;63m▄[38;2;129;72;53;48;2;97;53;38m▄[0m[38;2;129;72;53m   [0m
 [38;2;0;0;0m      [0m  [38;2;87;52;11;48;2;139;82;17m▄[38;2;145;86;17;48;2;141;84;18m▄[38;2;141;82;16;48;2;141;83;17m▄[38;2;139;81;16;48;2;140;82;16m▄[38;2;139;81;15;48;2;109;63;13m▄[38;2;136;79;15;48;2;101;59;10m▄[38;2;134;80;17;48;2;142;86;18m▄[38;2;140;81;16;48;2;97;58;11m▄[38;2;143;83;15;48;2;131;76;14m▄[38;2;138;81;14;48;2;133;78;15m▄[38;2;132;77;15;48;2;131;75;14m▄[38;2;125;73;15;48;2;73;42;9m▄[38;2;53;29;11;48;2;100;54;37m▄[38;2;205;114;89;48;2;202;110;86m▄[38;2;204;114;90;48;2;204;111;88m▄[38;2;201;108;84;48;2;156;85;67m▄[0m[7m[38;2;172;96;76m▄[0m [38;2;0;0;0m   [0m
 [38;2;0;0;0m       [38;2;26;15;10;48;2;39;23;14m▄[0m[38;2;49;30;19m▄[7m[38;2;91;54;10m▄[38;2;144;85;16m▄[0m[38;2;92;55;14;48;2;142;85;18m▄[38;2;103;61;15;48;2;137;82;17m▄[38;2;111;65;12;48;2;135;79;16m▄[38;2;137;80;14;48;2;135;80;16m▄[38;2;138;81;14;48;2;137;81;16m▄[38;2;129;74;13;48;2;137;80;16m▄[38;2;128;73;12;48;2;136;80;16m▄[38;2;108;63;10;48;2;132;78;14m▄[0m[7m[38;2;127;75;14m▄[38;2;108;60;10m▄[0m [7m[38;2;117;64;50m▄[0m  [38;2;0;0;0m    [0m
 [38;2;0;0;0m    [0m [38;2;117;70;14;48;2;97;56;9m▄[38;2;139;82;16;48;2;119;70;12m▄[0m[38;2;98;58;12m▄[7m[38;2;42;27;17m▄[38;2;30;19;12m▄[0m [38;2;26;15;10m▄[38;2;49;29;18m▄[38;2;33;20;13m▄[7m[38;2;111;65;12m▄[38;2;87;51;9m▄[0m  [38;2;44;25;14m▄[0m  [38;2;0;0;0m        [0m
 [38;2;0;0;0m   [0m [38;2;142;83;15;48;2;103;60;11m▄[38;2;138;81;16;48;2;138;83;19m▄[38;2;140;82;16;48;2;138;83;18m▄[38;2;137;81;16;48;2;136;81;18m▄[38;2;136;80;16;48;2;92;55;12m▄[38;2;140;83;17;48;2;68;41;11m▄[0m[38;2;91;54;9m▄[38;2;77;44;7m▄[7m[38;2;45;29;18m▄[38;2;46;29;18m▄[38;2;52;33;21m▄[38;2;52;32;19m▄[0m[38;2;49;31;0m▄[38;2;96;64;1m▄[7m[38;2;28;17;9m▄[0m[38;2;73;43;8m▄[0m [38;2;15;9;2m        [0m
 [38;2;0;0;0m [0m [38;2;133;81;17m▄[38;2;139;83;19;48;2;118;69;13m▄[38;2;142;85;18;48;2;140;83;15m▄[38;2;144;84;16;48;2;138;81;16m▄[38;2;117;67;10;48;2;138;79;15m▄[38;2;146;85;18;48;2;140;81;16m▄[38;2;142;83;17;48;2;141;83;16m▄[38;2;142;84;19;48;2;140;83;16m▄[38;2;141;83;18;48;2;138;81;16m▄[38;2;141;85;18;48;2;131;77;16m▄[38;2;140;84;18;48;2;108;65;14m▄[38;2;144;85;17;48;2;114;67;13m▄[38;2;120;70;12;48;2;90;53;8m▄[0m[7m[38;2;111;76;1m▄[0m[38;2;137;95;1;48;2;138;92;1m▄[38;2;96;65;1;48;2;170;115;1m▄[0m[7m[38;2;82;55;1m▄[0m[38;2;139;83;17;48;2;137;81;16m▄[0m  [38;2;0;0;0m       [0m
 [38;2;0;0;0m [0m [38;2;147;88;19;48;2;128;77;17m▄[38;2;144;86;19;48;2;142;85;19m▄[48;2;144;85;18m▄[38;2;137;80;16;48;2;138;81;16m▄[0m [38;2;151;90;18;48;2;146;87;17m▄[38;2;147;87;18;48;2;145;87;18m▄[38;2;145;86;17;48;2;147;89;19m▄[38;2;141;84;18;48;2;145;88;18m▄[38;2;141;84;19;48;2;144;87;19m▄[48;2;143;86;19m▄[38;2;140;83;18;48;2;141;84;18m▄[38;2;136;80;16;48;2;135;80;16m▄[38;2;140;83;16;48;2;129;77;15m▄[38;2;146;86;16;48;2;114;67;12m▄[0m[7m[38;2;91;53;5m▄[0m[38;2;113;66;11;48;2;94;55;9m▄[38;2;136;80;17;48;2;148;88;21m▄[38;2;128;74;14;48;2;130;77;16m▄[0m[38;2;128;74;14m        [0m
 [38;2;0;0;0m [0m                     [38;2;0;0;0m [0m [38;2;0;0;0m     [0m
 [38;2;0;0;0m [0m [38;2;71;45;13m▄[7m[38;2;94;59;16m▄[0m [38;2;81;51;15m▄[7m[38;2;84;51;12m▄[0m [38;2;73;46;15;48;2;72;45;14m▄[38;2;82;53;17;48;2;108;67;18m▄[0m[38;2;66;41;11m▄[0m    [38;2;101;65;19;48;2;104;66;20m▄[0m[7m[38;2;84;53;15m▄[0m [38;2;98;64;22;48;2;106;66;22m▄[0m[7m[38;2;87;55;16m▄[0m [7m[38;2;88;56;18m▄[0m [7m[38;2;91;56;15m▄[0m[38;2;60;39;11m     [0m
[?25h