[?25l[0m [38;2;0;0;0m    [0m  [38;2;0;0;0m [0m                    [38;2;0;0;0m [0m [0m
 [38;2;0;0;0m                             [0m
 [38;2;0;0;0m      [0m [38;2;53;46;41m▄[0m [38;2;67;56;46m▄[38;2;98;73;52m▄[0m  [38;2;51;40;32m▄[38;2;76;60;45m▄[38;2;59;44;31m▄[38;2;44;42;41m▄            [0m
 [38;2;0;0;0m [0m   [38;2;67;58;50m▄[38;2;61;51;43m▄[38;2;121;89;60;48;2;84;69;54m▄[38;2;115;84;57;48;2;99;79;62m▄[38;2;123;89;60;48;2;107;82;60m▄[38;2;124;90;60;48;2;127;92;62m▄[38;2;122;89;60;48;2;101;75;52m▄[48;2;98;75;54m▄[38;2;123;89;60;48;2;111;81;55m▄[38;2;120;87;59;48;2;119;86;59m▄[38;2;120;87;58;48;2;123;89;60m▄[38;2;120;88;59;48;2;81;69;57m▄[0m[38;2;125;91;61m▄[38;2;117;86;58m▄[38;2;78;68;57m▄[0m [38;2;15;15;15m         [0m
  [38;2;58;48;39m▄[38;2;89;71;55;48;2;101;76;55m▄[38;2;129;93;61;48;2;89;70;54m▄[38;2;125;90;61;48;2;101;75;54m▄[38;2;126;90;60;48;2;111;80;54m▄[38;2;126;91;60;48;2;124;90;60m▄ [38;2;124;90;60;48;2;125;90;61m▄[38;2;125;90;61;48;2;124;90;60m▄[38;2;125;90;60;48;2;123;90;60m▄[38;2;124;90;60;48;2;124;89;60m▄[38;2;123;88;59m▄[48;2;123;89;59m [38;2;122;88;60;48;2;121;88;59m▄[38;2;122;88;59;48;2;120;87;59m▄[38;2;125;91;60;48;2;124;91;61m▄[38;2;123;90;61;48;2;106;83;61m▄[0m[38;2;112;82;57m▄[38;2;64;53;45m▄[0m [38;2;13;13;13m        [0m
  [38;2;113;82;57;48;2;70;57;45m▄[38;2;126;91;60;48;2;122;88;59m▄[38;2;124;90;60;48;2;126;91;60m▄[38;2;124;89;60;48;2;125;90;61m▄[38;2;125;90;60m▄[38;2;128;92;61;48;2;125;90;60m▄[38;2;126;91;61m▄[48;2;124;90;60m [38;2;102;74;48;48;2;126;91;61m▄[38;2;124;89;59;48;2;126;90;60m▄[38;2;126;91;60;48;2;124;89;60m▄[38;2;124;99;76;48;2;116;83;55m▄[38;2;122;94;69;48;2;120;87;58m▄[38;2;125;90;58;48;2;124;90;60m▄[38;2;127;91;60;48;2;116;84;55m▄[38;2;98;72;48;48;2;116;84;56m▄[38;2;117;86;58;48;2;122;89;60m▄[38;2;114;85;58;48;2;101;75;52m▄[38;2;57;50;44;48;2;100;80;63m▄[0m[7m[38;2;54;47;41m▄[0m[38;2;8;8;8m        [0m
[38;2;57;53;46m▄[38;2;80;64;48;48;2;114;85;58m▄[38;2;126;91;60;48;2;124;90;60m▄[38;2;127;91;60;48;2;124;89;59m▄[38;2;126;91;60;48;2;124;89;60m▄[38;2;125;89;59;48;2;125;90;60m▄[38;2;123;89;59;48;2;126;90;60m▄[38;2;112;79;52;48;2;129;93;61m▄[38;2;105;76;49;48;2;120;87;58m▄[38;2;119;94;69;48;2;121;88;59m▄[38;2;218;182;146;48;2;128;105;82m▄[38;2;92;68;47;48;2;88;64;42m▄[38;2;135;110;85;48;2;119;89;60m▄[38;2;227;191;155;48;2;204;173;141m▄[38;2;226;189;153;48;2;218;184;151m▄[38;2;162;134;105;48;2;108;85;62m▄[38;2;90;66;45;48;2;111;80;53m▄[38;2;133;110;87;48;2;108;86;65m▄[38;2;176;145;112;48;2;111;83;56m▄[38;2;108;78;52;48;2;114;82;55m▄[38;2;102;78;57;48;2;66;55;46m▄[0m [38;2;5;5;5m        [0m
[38;2;75;62;51m▄[38;2;125;91;61;48;2;110;80;55m▄[38;2;127;92;61;48;2;123;89;60m▄[38;2;126;91;61;48;2;126;91;60m▄[38;2;126;91;62;48;2;126;90;60m▄[38;2;124;90;59;48;2;124;90;60m▄[38;2;117;84;56;48;2;125;90;59m▄[38;2;126;99;73;48;2;134;107;79m▄[38;2;205;169;133;48;2;97;76;56m▄[38;2;226;187;149;48;2;222;184;147m▄[38;2;226;189;151;48;2;202;170;139m▄[48;2;177;147;117m▄[38;2;227;188;149;48;2;226;186;147m▄[38;2;227;187;147m▄[38;2;227;186;148;48;2;226;187;150m▄[38;2;226;188;151;48;2;214;177;141m▄[38;2;226;189;152;48;2;145;119;92m▄[38;2;226;187;149;48;2;225;185;146m▄[38;2;226;188;150;48;2;227;191;155m▄[38;2;202;169;136;48;2;78;66;56m▄[0m[7m[38;2;75;61;49m▄[0m [38;2;5;5;5m        [0m
[7m[38;2;66;59;51m▄[0m[38;2;89;66;48;48;2;92;71;52m▄[38;2;125;92;62;48;2;126;92;61m▄[38;2;132;96;64;48;2;126;92;62m▄[38;2;124;91;60;48;2;131;96;64m▄[38;2;75;54;35;48;2;107;76;51m▄[38;2;122;88;58;48;2;115;83;57m▄[38;2;180;147;116;48;2;92;74;55m▄[38;2;227;186;146;48;2;226;187;149m▄[38;2;171;149;125;48;2;230;194;157m▄[38;2;229;229;230;48;2;199;166;132m▄[38;2;242;242;242;48;2;181;149;115m▄[38;2;138;138;138;48;2;193;162;129m▄[38;2;238;238;238;48;2;193;161;129m▄[38;2;183;168;153;48;2;184;153;122m▄[38;2;226;186;147;48;2;228;191;155m▄[38;2;179;150;122;48;2;181;152;123m▄[38;2;229;229;230;48;2;184;152;121m▄[38;2;167;168;167;48;2;173;141;109m▄[38;2;228;228;228;48;2;179;147;115m▄[0m [38;2;20;20;20m         [0m
 [38;2;105;81;59;48;2;88;72;57m▄[38;2;133;99;67;48;2;125;92;63m▄[38;2;170;141;112;48;2;131;102;75m▄[38;2;143;117;92;48;2;202;170;138m▄[38;2;189;154;122;48;2;130;106;84m▄[38;2;163;131;101;48;2;122;87;58m▄[38;2;146;118;91;48;2;173;142;111m▄[48;2;227;187;147m [38;2;229;190;152;48;2;192;161;130m▄[38;2;191;163;136;48;2;230;229;229m▄[38;2;191;177;164;48;2;252;252;252m▄[38;2;194;182;170m▄[38;2;173;153;133;48;2;243;243;243m▄[38;2;221;182;144;48;2;191;167;143m▄[38;2;227;186;147;48;2;227;188;150m▄[38;2;226;187;148;48;2;224;182;141m▄[38;2;164;137;112;48;2;197;190;184m▄[38;2;188;164;141;48;2;250;250;250m▄[38;2;181;151;124;48;2;191;191;190m▄[0m [38;2;23;23;23m         [0m
 [38;2;54;51;48;48;2;93;68;49m▄[38;2;91;70;54;48;2;109;78;53m▄[38;2;131;105;80;48;2;170;137;107m▄[38;2;219;182;145;48;2;166;135;106m▄[38;2;224;181;140;48;2;221;179;138m▄[38;2;226;184;142;48;2;225;182;141m▄[38;2;227;186;146;48;2;226;183;142m▄[38;2;227;186;147;48;2;226;186;147m▄[38;2;227;186;146m▄[38;2;228;188;150;48;2;219;179;139m▄[38;2;231;193;155;48;2;178;146;114m▄[38;2;228;189;148;48;2;187;156;125m▄[38;2;204;168;132;48;2;191;156;123m▄[38;2;201;168;134;48;2;224;181;140m▄[38;2;229;191;152;48;2;226;186;147m▄[38;2;225;184;143;48;2;226;187;149m▄[38;2;209;173;137;48;2;179;148;117m▄[38;2;198;167;136;48;2;187;156;126m▄[38;2;216;183;151;48;2;205;175;146m▄[0m [38;2;24;22;21m         [0m
 [38;2;0;0;0m [7m[38;2;48;40;34m▄[38;2;90;69;52m▄[0m[38;2;109;93;77;48;2;123;100;75m▄[38;2;229;189;151;48;2;184;149;115m▄[38;2;228;189;150;48;2;227;185;143m▄[38;2;228;188;150;48;2;228;188;148m▄[38;2;227;187;147;48;2;227;187;148m▄[38;2;227;187;149m▄[38;2;221;183;145;48;2;227;189;151m▄[38;2;227;187;148;48;2;228;190;153m▄[38;2;212;179;144;48;2;228;190;152m▄[38;2;228;193;156;48;2;221;183;144m▄[38;2;228;191;153;48;2;184;154;123m▄[38;2;219;184;148;48;2;181;151;120m▄[38;2;223;187;151;48;2;186;152;119m▄[38;2;229;194;158;48;2;169;138;109m▄[38;2;219;183;147;48;2;217;180;143m▄[38;2;226;186;148;48;2;222;183;145m▄[38;2;219;182;146;48;2;127;109;92m▄[0m[38;2;70;61;55m▄        [0m
 [38;2;0;0;0m [38;2;42;43;43m▄[38;2;65;65;64;48;2;37;37;37m▄[38;2;168;140;112;48;2;126;106;87m▄[38;2;224;185;146;48;2;228;189;149m▄[38;2;228;188;148;48;2;228;189;150m▄[38;2;213;177;140;48;2;228;186;146m▄[38;2;229;193;155;48;2;228;188;149m▄[38;2;215;177;139;48;2;222;186;150m▄[38;2;197;165;130;48;2;220;185;149m▄[38;2;159;133;106;48;2;217;178;138m▄[38;2;185;155;123;48;2;227;189;150m▄[38;2;180;152;122;48;2;223;190;154m▄[38;2;173;144;115;48;2;226;192;156m▄[38;2;193;159;125;48;2;224;185;146m▄[38;2;218;184;148;48;2;216;178;140m▄[38;2;230;194;156;48;2;228;193;157m▄[38;2;229;190;150;48;2;219;184;149m▄[38;2;225;190;155;48;2;223;186;148m▄[38;2;191;161;131;48;2;217;184;149m▄[38;2;106;93;80;48;2;182;155;129m▄[0m [38;2;0;0;0m       [0m
 [38;2;40;40;40m▄[38;2;64;64;65;48;2;55;56;57m▄[38;2;89;81;73;48;2;49;48;46m▄[38;2;228;188;148;48;2;216;182;147m▄[38;2;229;189;150;48;2;216;180;144m▄[38;2;229;191;153;48;2;229;191;152m▄[38;2;228;192;154;48;2;229;192;153m▄[38;2;227;189;150;48;2;202;170;137m▄[38;2;225;186;145;48;2;219;182;144m▄[38;2;226;189;150;48;2;199;167;135m▄[38;2;211;177;142;48;2;231;197;160m▄[38;2;220;182;145;48;2;230;194;156m▄[38;2;224;185;145;48;2;227;187;147m▄[38;2;227;190;153;48;2;223;184;145m▄[38;2;228;192;157;48;2;208;173;138m▄[38;2;175;147;120;48;2;185;154;122m▄[38;2;102;89;75;48;2;180;151;121m▄[0m[7m[38;2;61;57;53m▄[0m  [38;2;0;0;0m         [0m
[38;2;63;64;64;48;2;49;49;50m▄[38;2;44;44;45;48;2;46;46;46m▄[38;2;60;59;60;48;2;59;59;60m▄[38;2;57;57;57;48;2;62;58;55m▄[38;2;204;170;136;48;2;227;188;150m▄[38;2;229;190;151;48;2;228;190;152m▄[48;2;227;189;151m▄[38;2;217;182;145;48;2;228;189;149m▄[48;2;229;191;153m [38;2;228;191;153;48;2;214;182;149m▄[38;2;229;190;152;48;2;229;192;155m▄[38;2;218;182;146;48;2;226;187;147m▄[38;2;222;187;151;48;2;222;182;143m▄[38;2;226;189;151;48;2;216;180;144m▄[38;2;214;178;141;48;2;227;194;159m▄[38;2;139;119;98;48;2;212;181;150m▄[38;2;57;56;57;48;2;61;57;54m▄[0m [38;2;24;24;24m            [0m
[38;2;56;57;57;48;2;60;60;61m▄[38;2;53;53;53;48;2;48;47;48m▄[48;2;62;62;62m [38;2;62;62;62;48;2;64;64;64m▄[38;2;124;108;93;48;2;164;136;109m▄[38;2;230;192;154;48;2;228;187;148m▄[48;2;229;189;150m [38;2;229;189;149;48;2;229;191;153m▄[48;2;228;189;150m [38;2;229;190;151;48;2;209;172;134m▄[38;2;230;194;155;48;2;229;190;150m▄[38;2;211;178;143;48;2;229;194;158m▄[48;2;229;195;160m [38;2;211;179;147;48;2;226;192;156m▄[38;2;217;182;149;48;2;219;184;148m▄[38;2;104;92;79;48;2;65;60;55m▄[38;2;60;60;60;48;2;62;62;63m▄[38;2;51;52;52;48;2;45;45;46m▄[0m[38;2;57;57;59m▄[0m [38;2;26;26;27m          [0m
[38;2;50;50;50;48;2;57;57;57m▄[38;2;62;62;62;48;2;59;59;59m▄[48;2;62;62;62m [38;2;61;61;61;48;2;62;63;63m▄[38;2;57;57;56;48;2;60;58;55m▄[0m[7m[38;2;176;147;119m▄[0m[38;2;108;93;78;48;2;230;188;146m▄[38;2;213;179;146;48;2;230;190;151m▄[38;2;207;174;140;48;2;230;191;153m▄[38;2;229;190;151m▄[48;2;229;192;154m [38;2;230;192;155;48;2;229;191;153m▄[38;2;222;184;146;48;2;229;190;151m▄[38;2;213;175;136;48;2;227;187;147m▄[38;2;206;171;136;48;2;224;183;143m▄[38;2;59;54;49;48;2;130;110;91m▄[38;2;68;68;68;48;2;63;63;64m▄[38;2;66;66;66;48;2;62;62;63m▄[38;2;53;53;53;48;2;49;49;50m▄[48;2;62;62;62m [0m[38;2;54;54;54m▄[0m [38;2;17;17;17m       [0m [0m
[38;2;59;59;60;48;2;49;49;49m▄[38;2;58;58;58;48;2;43;43;43m▄[38;2;56;56;56;48;2;57;57;57m▄[38;2;51;51;50;48;2;65;66;65m▄[38;2;68;68;68;48;2;63;63;63m▄[0m[38;2;50;50;49m▄[0m  [7m[38;2;92;82;68m▄[38;2;159;137;113m▄[38;2;182;153;122m▄[38;2;185;154;122m▄[38;2;153;132;108m▄[38;2;123;107;90m▄[0m  [38;2;58;57;58;48;2;63;63;64m▄[38;2;42;42;43;48;2;63;64;64m▄[38;2;58;58;59;48;2;44;44;45m▄[38;2;60;60;61;48;2;59;58;59m▄[38;2;57;57;57;48;2;61;61;62m▄[38;2;60;61;61;48;2;49;49;49m▄[0m [38;2;19;18;19m     [0m [38;2;142;118;70;48;2;81;71;49m▄[0m
[?25h