[?25l[0m [38;2;12;12;12m               [0m [38;2;142;148;150m▄[38;2;142;150;152m▄[38;2;174;183;186m▄[38;2;183;192;195m▄[38;2;183;192;194m▄[38;2;183;192;195m▄[38;2;182;191;194m▄[38;2;183;191;194m▄[38;2;182;191;194m▄[38;2;180;189;192m▄[38;2;179;187;190m▄[38;2;151;158;160m▄[0m [0m
[38;2;143;164;168;48;2;97;109;110m▄[0m[38;2;50;54;55m▄             [0m [38;2;137;144;146;48;2;123;128;130m▄[38;2;142;149;152;48;2;144;151;154m▄[48;2;143;150;153m [38;2;129;136;139;48;2;147;154;157m▄[38;2;182;190;193;48;2;186;193;196m▄[38;2;185;194;197;48;2;185;193;196m▄[38;2;186;194;197m▄[38;2;186;195;197m▄[38;2;187;195;197;48;2;185;194;196m▄[38;2;186;194;197;48;2;186;194;196m▄[48;2;185;193;196m▄▄[38;2;184;193;196m▄[38;2;153;160;163;48;2;135;140;142m▄[0m
[38;2;144;165;169;48;2;145;166;170m▄[38;2;129;148;151;48;2;112;126;128m▄[0m [38;2;19;19;19m            [0m [38;2;143;149;152;48;2;140;147;150m▄[48;2;141;148;151m [38;2;141;148;151;48;2;142;149;152m▄[38;2;100;105;100;48;2;126;133;135m▄[38;2;133;138;135;48;2;186;193;195m▄[38;2;157;162;164;48;2;186;194;197m▄[38;2;155;160;162m▄[38;2;152;158;160;48;2;187;195;198m▄[38;2;151;158;160m▄[38;2;152;159;161;48;2;187;196;199m▄[38;2;155;162;164;48;2;188;196;199m▄[38;2;158;164;165;48;2;187;195;198m▄[38;2;158;164;164;48;2;189;196;199m▄[38;2;125;129;125;48;2;161;167;169m▄[0m
[38;2;146;166;170;48;2;145;165;170m▄[38;2;144;165;169;48;2;142;163;167m▄[0m [38;2;30;33;33m            [0m [38;2;143;150;153;48;2;143;150;152m▄[38;2;138;146;149;48;2;140;147;150m▄[38;2;112;119;121;48;2;137;145;147m▄[38;2;142;150;154;48;2;105;110;109m▄[38;2;175;182;184;48;2;158;165;166m▄[38;2;186;193;195;48;2;181;189;192m▄[38;2;184;191;194;48;2;184;192;194m▄▄[38;2;185;193;195;48;2;183;191;194m▄▄[38;2;184;192;194;48;2;184;192;195m▄[38;2;183;192;194;48;2;185;193;196m▄[48;2;184;192;195m [38;2;184;192;195;48;2;163;171;173m▄[0m
[38;2;143;163;168;48;2;144;164;169m▄[38;2;140;162;166;48;2;144;165;169m▄[0m [38;2;28;31;31m            [0m [38;2;135;143;145;48;2;134;143;145m▄[38;2;120;125;126;48;2;137;145;148m▄[38;2;121;126;125;48;2;121;127;129m▄[38;2;153;159;162;48;2;144;152;154m▄[38;2;110;112;106;48;2;145;151;152m▄[38;2;190;181;125;48;2;156;160;162m▄[38;2;192;184;128;48;2;171;177;178m▄[38;2;195;188;138;48;2;163;170;171m▄[38;2;193;185;135;48;2;152;157;159m▄[38;2;93;93;77;48;2;168;176;178m▄[38;2;85;86;75;48;2;170;178;180m▄[38;2;188;179;128;48;2;161;168;169m▄[38;2;193;187;138;48;2;150;157;158m▄[38;2;193;185;137;48;2;155;162;162m▄[0m
[38;2;143;164;168;48;2;144;165;169m▄[38;2;144;164;168m▄[0m [38;2;35;36;37m            [0m [38;2;139;146;148;48;2;140;147;149m▄[38;2;137;145;148;48;2;130;136;138m▄[38;2;119;125;127;48;2;130;137;139m▄[38;2;117;121;123;48;2;147;153;155m▄[38;2;101;101;91;48;2;127;125;99m▄[38;2;241;225;140;48;2;251;233;141m▄[38;2;250;230;137;48;2;198;184;112m▄[38;2;245;226;134;48;2;139;131;86m▄[38;2;250;232;143;48;2;251;235;157m▄[38;2;107;106;81;48;2;155;150;109m▄[38;2;117;117;93;48;2;153;149;107m▄[38;2;250;234;153;48;2;250;232;146m▄[38;2;244;227;138;48;2;150;141;87m▄[38;2;249;230;136;48;2;191;179;113m▄[0m
[38;2;146;166;171;48;2;143;163;168m▄[38;2;136;156;160;48;2;135;156;160m▄[0m [38;2;17;17;17m            [0m [38;2;138;146;149;48;2;137;144;147m▄[38;2;139;147;149;48;2;135;144;146m▄[38;2;123;130;133;48;2;116;123;124m▄[38;2;188;195;198;48;2;141;146;147m▄[38;2;178;185;187;48;2;104;109;109m▄[38;2;146;152;153;48;2;131;130;110m▄[38;2;144;149;151;48;2;190;180;120m▄[38;2;117;121;122;48;2;198;186;114m▄[38;2;127;133;136;48;2;141;137;103m▄[38;2;145;152;155;48;2;106;112;113m▄[48;2;115;122;124m▄[38;2;141;149;151;48;2;151;150;121m▄[38;2;145;152;154;48;2;196;187;122m▄[38;2;150;158;160;48;2;191;182;114m▄[0m
[38;2;146;166;170;48;2;144;165;169m▄[38;2;133;150;153;48;2;135;154;158m▄[0m [38;2;20;20;20m            [0m [38;2;137;144;147;48;2;142;148;150m▄[38;2;139;147;150;48;2;141;148;151m▄[38;2;141;148;152;48;2;133;140;143m▄[38;2;130;137;138;48;2;156;163;166m▄[38;2;168;175;178;48;2;183;192;195m▄[38;2;186;194;196;48;2;185;193;196m▄[38;2;186;195;197;48;2;188;196;199m▄[38;2;165;173;175;48;2;156;162;164m▄[38;2;141;146;149;48;2;165;173;177m▄[38;2;184;193;196;48;2;180;190;193m▄[38;2;183;193;196;48;2;182;192;195m▄[38;2;184;194;197;48;2;183;192;195m▄[38;2;179;188;191;48;2;187;195;198m▄[38;2;113;116;117;48;2;185;193;195m▄[0m
[38;2;143;163;168;48;2;143;163;167m▄[38;2;123;139;142;48;2;125;142;145m▄[0m [38;2;16;16;16m            [0m [7m[38;2;95;99;101m▄[0m[38;2;51;52;53;48;2;141;148;151m▄[38;2;134;140;142;48;2;142;149;153m▄[38;2;145;153;156;48;2;143;150;153m▄[38;2;144;151;153;48;2;147;153;156m▄[38;2;183;192;194;48;2;185;193;196m▄[38;2;185;193;196;48;2;184;193;196m▄[38;2;169;177;179;48;2;167;175;177m▄[38;2;129;135;137;48;2;130;135;138m▄[38;2;187;195;197;48;2;186;194;197m▄ [38;2;185;194;197;48;2;186;195;198m▄[38;2;150;159;160;48;2;150;158;161m▄[0m [0m
[38;2;143;164;168;48;2;142;162;167m▄[38;2;116;130;133;48;2;111;128;131m▄[0m [38;2;0;0;0m               [38;2;121;128;131;48;2;128;135;137m▄[38;2;139;147;150;48;2;145;152;155m▄[38;2;143;150;153;48;2;145;151;153m▄[38;2;184;193;196;48;2;183;192;194m▄[38;2;185;194;197;48;2;184;193;195m▄[38;2;167;175;178;48;2;164;172;175m▄[38;2;142;148;150;48;2;129;135;138m▄[38;2;184;193;196;48;2;186;195;197m▄[38;2;186;195;198;48;2;185;194;197m▄[38;2;187;196;199;48;2;185;195;198m▄[38;2;155;162;163;48;2;154;161;163m▄[0m [0m
[38;2;143;163;167;48;2;143;163;168m▄[38;2;99;110;113;48;2;121;133;136m▄[0m[38;2;99;110;113m                [38;2;123;129;131;48;2;119;126;129m▄[38;2;144;151;155;48;2;138;146;150m▄[48;2;145;152;155m▄[38;2;172;181;183;48;2;186;194;197m▄[38;2;192;185;124;48;2;167;174;173m▄[38;2;208;200;131;48;2;140;143;134m▄[38;2;179;172;111;48;2;119;122;120m▄[38;2;156;150;98;48;2;184;192;195m▄[38;2;139;136;97;48;2;183;192;194m▄[0m[7m[38;2;187;195;197m▄[38;2;148;155;156m▄[0m [0m
[38;2;141;162;167;48;2;145;165;169m▄[38;2;95;106;108;48;2;97;108;110m▄[0m[38;2;95;106;108m              [0m [38;2;30;31;31m▄[38;2;123;129;133;48;2;126;132;135m▄[48;2;141;149;153m [38;2;147;153;156;48;2;140;148;151m▄[38;2;189;196;199;48;2;174;182;183m▄[38;2;174;182;183;48;2;191;185;126m▄[38;2;160;167;169;48;2;192;185;123m▄[38;2;164;171;172;48;2;180;174;112m▄[38;2;166;174;175;48;2;186;179;116m▄[38;2;162;170;173;48;2;162;157;113m▄[0m[38;2;96;100;101m▄  [0m
[38;2;143;164;168;48;2;141;162;167m▄[38;2;75;83;84;48;2;71;81;82m▄[0m[38;2;75;83;84m             [0m [38;2;37;39;39;48;2;26;27;28m▄[38;2;31;33;33;48;2;19;20;20m▄[38;2;83;86;87;48;2;122;129;132m▄[38;2;116;122;124;48;2;145;152;156m▄[38;2;91;92;90;48;2;147;153;156m▄[38;2;149;156;159;48;2;182;191;193m▄[38;2;156;163;165;48;2;183;192;194m▄[38;2;163;170;172;48;2;186;194;197m▄[38;2;163;172;175;48;2;184;192;195m▄[38;2;149;157;160;48;2;181;190;193m▄[38;2;140;146;148;48;2;179;188;192m▄[38;2;74;77;78;48;2;102;106;107m▄[0m[38;2;41;42;43m▄[0m [0m
[38;2;141;162;166;48;2;147;166;170m▄[38;2;52;58;59;48;2;78;84;85m▄[0m[38;2;52;58;59m         [0m [38;2;34;35;35m▄[38;2;35;37;36m▄[38;2;34;37;36;48;2;35;36;36m▄[38;2;32;35;34;48;2;38;39;39m▄[38;2;23;25;25;48;2;26;28;28m▄[38;2;30;32;31;48;2;31;33;33m▄[38;2;32;34;34;48;2;32;33;32m▄[0m[38;2;34;34;33m▄[7m[38;2;79;80;79m▄[38;2;145;151;153m▄[38;2;164;173;176m▄[38;2;172;182;185m▄[0m[38;2;76;82;82;48;2;174;184;187m▄[38;2;57;67;71;48;2;179;188;191m▄[38;2;43;45;45;48;2;169;177;180m▄[0m[7m[38;2;88;91;90m▄[0m[38;2;39;39;40;48;2;37;38;39m▄[38;2;23;25;25;48;2;32;32;32m▄[0m
[38;2;124;141;145;48;2;138;159;163m▄[38;2;153;173;179;48;2;57;63;64m▄[0m[38;2;124;139;143m▄[0m [38;2;36;37;38m      [0m [38;2;35;36;36;48;2;36;37;37m▄[38;2;33;36;35;48;2;34;37;36m▄[38;2;32;34;34;48;2;31;33;33m▄ [38;2;31;33;33;48;2;33;35;34m▄[38;2;25;27;26;48;2;25;26;26m▄[38;2;32;34;34;48;2;31;33;33m▄[38;2;31;33;32;48;2;33;35;35m▄[38;2;31;33;33;48;2;32;33;33m▄[0m[38;2;36;37;36m▄[0m   [38;2;28;37;40;48;2;29;42;47m▄[38;2;24;42;50;48;2;24;41;49m▄[38;2;33;45;48;48;2;28;42;48m▄[0m [38;2;26;27;26;48;2;32;32;32m▄[38;2;28;30;31;48;2;27;30;30m▄[0m
[?25h