[?25l[0m[7m[38;2;190;203;180m▄[38;2;194;207;184m▄[38;2;196;210;185m▄[38;2;208;223;195m▄[38;2;113;118;107m▄[38;2;208;221;196m▄[38;2;204;218;192m▄[38;2;194;207;183m▄▄[38;2;193;207;182m▄[38;2;205;220;192m▄[38;2;167;178;157m▄[38;2;142;151;135m▄[38;2;196;208;186m▄[38;2;210;225;198m▄[38;2;215;231;203m▄[38;2;205;219;194m▄[38;2;194;207;184m▄[38;2;195;208;185m▄[38;2;194;207;183m▄[38;2;193;207;182m▄▄[38;2;188;201;179m▄[38;2;124;132;119m▄[38;2;160;172;151m▄[38;2;143;152;136m▄[0m [38;2;0;0;0m   [0m
 [38;2;0;0;0m       [0m [38;2;36;30;26m▄[0m [38;2;21;21;21m                   [0m
 [38;2;0;0;0m   [38;2;31;31;31m▄[38;2;47;35;24m▄[38;2;30;26;22m▄[38;2;28;26;24m▄[38;2;99;67;38;48;2;66;52;37m▄[38;2;66;47;29;48;2;79;58;40m▄[0m[38;2;42;33;24m▄[38;2;81;57;37m▄[38;2;99;66;37m▄[38;2;103;68;39;48;2;30;24;19m▄[38;2;105;70;40;48;2;62;55;47m▄[38;2;107;71;41;48;2;60;53;47m▄[38;2;77;56;37;48;2;30;25;21m▄[0m [38;2;19;19;18m            [0m
 [38;2;0;0;0m [0m [38;2;58;45;33m▄[38;2;78;53;31m▄[38;2;68;46;26;48;2;71;58;47m▄[38;2;106;70;38;48;2;107;70;39m▄[38;2;109;72;40;48;2;78;51;28m▄[38;2;107;71;40;48;2;103;68;39m▄[38;2;106;70;40;48;2;96;64;36m▄[38;2;106;71;39;48;2;108;71;39m▄[38;2;107;71;40;48;2;105;70;39m▄[38;2;107;71;39;48;2;106;70;40m▄[38;2;108;72;40;48;2;107;71;40m▄[48;2;110;73;41m▄[38;2;108;72;39;48;2;84;55;30m▄[38;2;103;68;39;48;2;49;41;33m▄[38;2;101;68;38;48;2;41;36;30m▄[0m[38;2;100;67;38m▄[38;2;78;55;32m▄[38;2;58;47;36m▄[0m [38;2;16;16;15m        [0m
 [38;2;0;0;0m  [38;2;35;32;29m▄[38;2;76;53;33;48;2;62;51;42m▄[38;2;108;72;40;48;2;105;69;37m▄[48;2;108;72;40m [38;2;107;71;40;48;2;106;70;40m▄[38;2;108;72;40;48;2;105;70;40m▄[38;2;93;62;34;48;2;106;71;40m▄[38;2;107;72;39;48;2;109;73;40m▄[38;2;86;59;31;48;2;112;74;41m▄[38;2;103;72;44;48;2;110;72;40m▄[38;2;90;62;38;48;2;105;70;40m▄[38;2;71;48;26;48;2;105;69;40m▄[38;2;105;70;39;48;2;105;70;40m▄[38;2;109;72;40;48;2;106;70;39m▄[38;2;108;70;38;48;2;106;71;39m▄[38;2;98;65;35;48;2;105;70;39m▄[38;2;83;55;30;48;2;104;69;38m▄[38;2;60;52;46;48;2;107;71;39m▄[38;2;46;40;35;48;2;71;50;30m▄[0m[38;2;35;34;33m▄       [0m
  [38;2;63;44;28;48;2;39;36;33m▄[38;2;74;48;26;48;2;86;57;33m▄[38;2;105;68;37;48;2;102;67;37m▄[38;2;105;69;38;48;2;108;71;39m▄[48;2;109;71;39m▄[38;2;107;71;40;48;2;109;72;40m▄[38;2;109;73;40;48;2;110;73;40m▄[38;2;90;61;33;48;2;82;56;31m▄[38;2;183;134;87;48;2;147;104;66m▄[38;2;181;132;83;48;2;78;52;28m▄[38;2;199;146;96;48;2;185;136;90m▄[38;2;227;170;115;48;2;230;172;117m▄[38;2;229;175;120;48;2;205;155;108m▄[38;2;117;86;54;48;2;98;66;35m▄[38;2;145;102;65;48;2;92;64;37m▄[38;2;119;85;53;48;2;93;61;34m▄[38;2;83;58;36;48;2;63;42;23m▄[38;2;57;48;42;48;2;92;61;33m▄[38;2;85;58;35;48;2;89;59;33m▄[0m[38;2;73;51;33m▄[0m [38;2;11;11;11m       [0m
 [38;2;46;39;33;48;2;40;40;39m▄[38;2;101;67;37;48;2;51;35;21m▄[38;2;98;65;34;48;2;109;71;39m▄[38;2;105;69;38;48;2;108;70;38m▄[38;2;106;69;37;48;2;105;69;38m▄[38;2;108;70;38m▄[38;2;110;73;40;48;2;109;72;40m▄[38;2;85;56;31;48;2;103;69;40m▄[38;2;97;66;37;48;2;100;68;38m▄[38;2;160;120;81;48;2;165;124;84m▄[38;2;227;171;116;48;2;226;168;112m▄[38;2;227;172;117m▄[38;2;225;169;113;48;2;221;164;108m▄[38;2;216;160;106;48;2;189;141;93m▄[38;2;212;157;105;48;2;136;102;69m▄[38;2;223;165;111;48;2;181;132;86m▄[38;2;221;169;119;48;2;180;135;89m▄[38;2;223;170;119;48;2;137;103;72m▄[38;2;183;138;94;48;2;130;102;77m▄[0m [7m[38;2;65;47;30m▄[0m[38;2;32;30;30m▄       [0m
 [7m[38;2;50;40;30m▄[38;2;38;32;27m▄[0m[38;2;83;55;32;48;2;65;46;31m▄[38;2;108;70;38;48;2;106;69;37m▄[38;2;107;70;39;48;2;109;71;38m▄[38;2;106;70;39;48;2;107;71;39m▄[38;2;105;70;40;48;2;108;72;40m▄[38;2;83;57;33;48;2;92;63;38m▄[38;2;207;157;107;48;2;98;69;43m▄[38;2;209;157;108;48;2;169;124;83m▄[38;2;210;156;103;48;2;227;171;115m▄[38;2;227;169;113;48;2;228;172;116m▄[38;2;227;169;114;48;2;226;170;115m▄[38;2;227;170;116;48;2;210;158;108m▄[38;2;226;171;117;48;2;209;155;102m▄[38;2;227;172;117;48;2;208;156;106m▄[38;2;226;169;114;48;2;210;159;109m▄[38;2;227;170;116;48;2;222;166;112m▄[38;2;225;171;117;48;2;222;170;118m▄[38;2;155;118;81;48;2;48;43;38m▄[0m [38;2;30;27;24m        [0m
 [38;2;0;0;0m [0m [38;2;72;52;35;48;2;79;53;31m▄[38;2;104;68;37;48;2;109;71;38m▄[38;2;107;70;38;48;2;108;71;39m▄[38;2;110;72;39m▄[38;2;112;74;42;48;2;107;71;40m▄[38;2;77;52;29;48;2;76;52;29m▄[38;2;214;159;105;48;2;221;169;117m▄[38;2;226;168;112;48;2;216;165;114m▄[38;2;160;131;102;48;2;225;170;116m▄[38;2;195;191;186;48;2;223;164;108m▄[38;2;215;215;215;48;2;186;136;89m▄[38;2;216;216;216;48;2;181;135;91m▄[38;2;180;178;176;48;2;186;141;95m▄[38;2;215;159;107;48;2;204;154;105m▄[38;2;192;143;95;48;2;218;164;110m▄[38;2;198;198;200;48;2;181;132;87m▄[38;2;212;213;213;48;2;189;139;91m▄[38;2;182;180;178;48;2;215;164;110m▄[38;2;77;72;67;48;2;122;98;74m▄[0m[38;2;77;72;67m        [0m
 [38;2;0;0;0m [0m [38;2;90;59;32;48;2;80;56;37m▄[38;2;57;38;21;48;2;103;68;37m▄[38;2;185;135;89;48;2;83;56;33m▄[38;2;196;145;97;48;2;111;78;48m▄[38;2;168;123;81;48;2;100;67;38m▄[38;2;55;36;19;48;2;90;60;33m▄[38;2;192;142;95;48;2;202;149;99m▄[38;2;226;168;112;48;2;225;165;109m▄[38;2;204;155;106;48;2;180;156;134m▄[38;2;185;173;161;48;2;252;252;252m▄[38;2;209;209;209;48;2;231;231;231m▄[38;2;192;190;187;48;2;225;225;225m▄[38;2;169;137;107;48;2;197;196;193m▄[38;2;226;169;114;48;2;212;154;100m▄[48;2;222;166;112m▄[38;2;181;142;103;48;2;186;176;168m▄[38;2;177;174;171;48;2;228;228;228m▄[38;2;169;161;151;48;2;227;227;227m▄[0m[7m[38;2;98;98;98m▄[0m[38;2;31;31;31m        [0m
 [38;2;0;0;0m [7m[38;2;39;38;36m▄[38;2;46;38;31m▄[38;2;65;56;47m▄[0m[38;2;220;167;113;48;2;204;152;99m▄[38;2;173;130;88;48;2;144;106;69m▄[38;2;227;170;115;48;2;194;144;96m▄[38;2;207;154;103;48;2;200;146;97m▄[38;2;211;158;107;48;2;228;172;117m▄[38;2;228;171;116;48;2;229;173;118m▄[38;2;227;170;114;48;2;229;172;116m▄[38;2;216;161;107;48;2;229;167;109m▄[38;2;192;145;98;48;2;206;151;100m▄[38;2;212;161;110;48;2;189;142;96m▄[38;2;211;162;114;48;2;201;153;106m▄[38;2;201;150;102;48;2;228;171;117m▄[38;2;227;168;113;48;2;227;170;116m▄[38;2;227;169;114;48;2;229;172;117m▄[38;2;228;171;116;48;2;176;133;90m▄[38;2;186;141;95;48;2;132;103;72m▄[0m [38;2;31;28;27m        [0m
 [38;2;0;0;0m   [0m [7m[38;2;127;99;70m▄[0m[38;2;65;55;44;48;2;220;168;115m▄[38;2;178;138;96;48;2;224;167;110m▄[38;2;226;172;117;48;2;223;165;108m▄[38;2;228;171;112;48;2;203;152;102m▄[38;2;209;155;102;48;2;229;173;118m▄[38;2;203;150;99;48;2;228;171;116m▄[38;2;228;173;117;48;2;228;172;117m▄[38;2;196;152;107;48;2;228;175;121m▄[38;2;227;173;120;48;2;221;170;117m▄[38;2;216;159;104;48;2;162;121;80m▄[38;2;170;125;81;48;2;219;161;107m▄[38;2;161;122;82;48;2;224;164;109m▄[38;2;166;124;85;48;2;227;169;116m▄[38;2;171;129;89;48;2;227;170;116m▄[38;2;148;113;80;48;2;225;172;118m▄[0m[7m[38;2;83;69;57m▄[0m[38;2;33;31;29m        [0m
 [38;2;0;0;0m  [0m [38;2;32;36;36m▄[38;2;30;44;45;48;2;28;31;31m▄[38;2;23;33;35;48;2;32;35;35m▄[38;2;197;149;100;48;2;193;147;99m▄[38;2;207;158;108;48;2;207;160;111m▄[38;2;219;167;114;48;2;213;164;115m▄[38;2;191;143;96;48;2;216;163;110m▄[38;2;211;160;108;48;2;196;144;94m▄[38;2;180;135;89;48;2;218;163;107m▄[38;2;216;158;98;48;2;213;162;109m▄[38;2;199;147;93;48;2;220;165;111m▄[38;2;225;171;117;48;2;219;162;107m▄[38;2;208;159;110;48;2;216;164;112m▄[38;2;212;160;110;48;2;215;167;117m▄[38;2;208;152;97;48;2;211;160;108m▄[38;2;199;146;95;48;2;206;154;102m▄[38;2;213;159;104;48;2;182;134;87m▄[38;2;172;130;90;48;2;56;51;45m▄[0m [38;2;31;28;25m       [0m
  [38;2;29;30;30m▄[38;2;28;37;38;48;2;34;37;38m▄[38;2;30;44;45;48;2;34;48;50m▄[38;2;28;39;40m▄[38;2;93;69;47;48;2;23;33;34m▄[38;2;226;174;120;48;2;209;156;104m▄[38;2;199;151;103;48;2;227;167;108m▄[38;2;216;160;104;48;2;214;157;101m▄[38;2;218;165;110;48;2;189;141;94m▄[38;2;216;164;112;48;2;205;156;107m▄[38;2;215;162;112;48;2;183;138;96m▄[38;2;216;161;109;48;2;168;122;81m▄[38;2;222;167;115;48;2;162;120;81m▄[38;2;214;162;112;48;2;159;118;79m▄[38;2;209;156;102;48;2;156;116;79m▄[38;2;115;95;72;48;2;140;105;70m▄[0m[7m[38;2;123;94;67m▄[38;2;167;130;93m▄[38;2;198;150;102m▄[38;2;175;131;87m▄[0m [38;2;0;0;0m       [0m
[38;2;31;45;46;48;2;35;39;39m▄[38;2;33;46;48;48;2;32;43;44m▄[38;2;23;32;34;48;2;24;34;36m▄[48;2;32;45;47m [38;2;32;45;46;48;2;31;45;46m▄[38;2;33;47;49;48;2;29;42;43m▄[38;2;119;92;62;48;2;150;113;78m▄[38;2;227;169;113;48;2;228;174;119m▄[38;2;228;172;117;48;2;220;168;116m▄[38;2;231;177;123;48;2;209;159;110m▄[38;2;205;154;104;48;2;216;162;107m▄[38;2;214;160;107;48;2;210;155;101m▄[38;2;219;164;111;48;2;209;155;103m▄[38;2;204;155;108;48;2;228;175;123m▄[38;2;188;141;97;48;2;205;157;110m▄[38;2;37;44;42;48;2;129;99;69m▄[38;2;34;46;48;48;2;29;33;32m▄[0m[38;2;28;30;31m▄[0m [38;2;16;16;16m           [0m
[38;2;32;46;47;48;2;33;47;48m▄[38;2;24;34;36;48;2;28;41;42m▄[38;2;30;43;45;48;2;23;34;35m▄[38;2;31;44;46;48;2;32;45;46m▄[38;2;31;44;45;48;2;32;45;47m▄[48;2;31;45;46m▄[38;2;48;56;56;48;2;46;43;37m▄[38;2;139;114;88;48;2;224;169;116m▄[38;2;229;170;113;48;2;230;173;118m▄[38;2;229;172;117;48;2;230;173;117m▄[38;2;229;173;119;48;2;228;171;116m▄[48;2;230;175;120m▄[38;2;230;173;118;48;2;219;166;115m▄[38;2;226;172;119;48;2;226;168;113m▄[38;2;103;90;70;48;2;69;58;43m▄[38;2;29;41;42;48;2;34;49;50m▄[38;2;31;43;45;48;2;33;46;48m▄[38;2;28;39;40;48;2;20;29;30m▄[38;2;30;42;43;48;2;31;40;42m▄[0m[38;2;28;39;40m▄[38;2;28;28;28m▄         [0m
[38;2;31;43;45;48;2;32;45;47m▄[38;2;19;29;29;48;2;22;31;32m▄[38;2;21;31;32;48;2;24;35;36m▄[38;2;32;44;46;48;2;33;46;48m▄[38;2;33;46;47;48;2;32;45;47m▄[38;2;32;46;47;48;2;32;46;46m▄[38;2;33;46;47;48;2;27;38;38m▄[0m[38;2;35;38;37m▄[7m[38;2;125;101;75m▄[0m[38;2;61;54;44;48;2;225;171;119m▄[38;2;152;124;93;48;2;229;173;117m▄[38;2;168;130;92;48;2;229;172;117m▄[38;2;161;130;96;48;2;230;172;118m▄[38;2;64;56;45;48;2;220;167;116m▄[0m[7m[38;2;85;78;66m▄[0m[38;2;26;38;38;48;2;28;41;43m▄[38;2;32;46;47;48;2;32;45;47m▄[38;2;25;35;36;48;2;28;38;39m▄[38;2;20;29;30;48;2;23;32;33m▄[38;2;30;42;44;48;2;29;41;43m▄[38;2;27;39;41;48;2;29;37;38m▄[0m[38;2;34;38;39m▄        [0m
[38;2;32;45;47;48;2;31;44;46m▄[38;2;31;46;47;48;2;17;26;26m▄[38;2;31;44;46;48;2;21;30;31m▄[38;2;31;44;45;48;2;23;33;33m▄[38;2;27;39;40m▄[38;2;19;28;29;48;2;32;45;47m▄[38;2;31;44;45;48;2;35;48;50m▄[38;2;29;38;39;48;2;38;45;43m▄[0m [38;2;11;11;11m [0m   [38;2;0;0;0m [0m [38;2;34;43;43;48;2;27;36;36m▄[38;2;20;29;30;48;2;25;34;36m▄[38;2;26;37;39;48;2;23;32;34m▄[38;2;32;45;47;48;2;21;29;30m▄[48;2;31;43;45m [38;2;27;37;39;48;2;30;43;45m▄[38;2;34;48;49;48;2;33;45;47m▄[0m[38;2;24;27;27m▄      [38;2;38;41;40m▄[0m
[?25h