[?25l[0m [38;2;0;0;0m [0m [38;2;150;154;139m▄[38;2;175;180;161m▄[38;2;174;181;160m▄[38;2;169;175;157m▄[38;2;149;152;138m▄[38;2;157;162;145m▄[38;2;176;182;162m▄[38;2;175;181;161m▄▄▄[38;2;175;181;162m▄[38;2;176;181;161m▄[38;2;150;155;138m▄[38;2;145;142;126m▄[38;2;163;167;151m▄[38;2;174;181;161m▄[38;2;174;181;162m▄[38;2;141;145;132m▄[0m [38;2;2;2;2m  [0m
 [38;2;0;0;0m [0m                    [38;2;0;0;0m  [0m
 [38;2;0;0;0m     [0m       [38;2;61;56;31m           [0m
 [38;2;0;0;0m [0m [38;2;70;64;44m▄[38;2;64;57;36m▄[38;2;77;60;23m▄[38;2;79;61;24;48;2;79;63;33m▄[48;2;79;60;24m [38;2;80;61;23;48;2;80;61;24m▄[38;2;77;59;22;48;2;79;60;24m▄[38;2;76;58;22;48;2;77;60;27m▄[38;2;81;62;24;48;2;53;45;28m▄[0m [38;2;39;34;21m           [0m
 [38;2;0;0;0m  [38;2;52;44;26m▄[38;2;73;56;22;48;2;75;58;23m▄[38;2;65;50;20;48;2;77;60;23m▄[38;2;75;57;23;48;2;68;52;20m▄[38;2;74;56;22;48;2;71;54;21m▄[38;2;78;60;27;48;2;71;55;21m▄[38;2;118;90;49;48;2;73;56;21m▄[38;2;131;99;55;48;2;74;57;21m▄[38;2;134;103;58;48;2;68;52;20m▄[38;2;90;68;34;48;2;71;55;25m▄[0m[38;2;72;55;22m▄[38;2;63;52;30m▄         [0m
 [38;2;0;0;0m [0m [38;2;71;55;26;48;2;45;37;22m▄[38;2;81;62;32;48;2;73;55;22m▄[38;2;116;95;72;48;2;77;60;25m▄[38;2;117;95;73;48;2;92;73;46m▄[38;2;204;158;102;48;2;151;118;75m▄[38;2;212;163;106;48;2;129;100;70m▄[38;2;218;166;105;48;2;219;165;103m▄[38;2;201;153;95;48;2;221;169;108m▄[38;2;217;165;103;48;2;220;167;106m▄[38;2;222;171;111;48;2;183;139;88m▄[38;2;165;130;90;48;2;78;64;43m▄[0m [38;2;21;18;14m         [0m
 [38;2;0;0;0m [0m [38;2;97;81;64;48;2;67;51;25m▄[38;2;116;94;73;48;2;126;103;82m▄[38;2;119;95;75;48;2;128;105;83m▄[38;2;142;109;70;48;2;131;104;74m▄[38;2;192;156;114;48;2;208;163;108m▄[38;2;237;237;237;48;2;201;170;133m▄[38;2;230;230;230;48;2;195;171;143m▄[38;2;195;176;153;48;2;185;159;129m▄[38;2;220;168;108;48;2;194;152;102m▄[38;2;194;155;110;48;2;203;190;175m▄[38;2;203;194;185;48;2;187;175;160m▄[0m [38;2;33;31;29m         [0m
 [38;2;0;0;0m [0m [38;2;118;99;80;48;2;114;94;75m▄[38;2;168;131;89;48;2;156;120;76m▄[38;2;212;158;97;48;2;142;109;69m▄[38;2;221;168;107;48;2;193;148;94m▄[38;2;224;167;110;48;2;220;166;105m▄[38;2;193;143;96;48;2;200;156;105m▄[38;2;219;167;106;48;2;178;140;94m▄[38;2;211;160;99;48;2;190;145;91m▄[38;2;196;148;92;48;2;213;163;104m▄[38;2;196;149;94;48;2;213;164;105m▄[38;2;186;145;97;48;2;188;145;94m▄[0m [38;2;16;14;14m         [0m
 [38;2;0;0;0m [0m  [38;2;29;35;37;48;2;106;92;76m▄[38;2;189;143;97;48;2;163;125;79m▄[38;2;220;166;109;48;2;222;168;106m▄[38;2;199;151;95;48;2;213;164;106m▄[38;2;206;158;101;48;2;219;166;105m▄[38;2;197;151;96;48;2;214;165;107m▄[38;2;196;149;92;48;2;216;166;108m▄[38;2;200;154;99;48;2;212;162;104m▄[38;2;195;153;102;48;2;214;162;101m▄[38;2;176;139;94;48;2;212;162;104m▄[38;2;119;94;64;48;2;148;117;81m▄[0m [38;2;6;6;6m        [0m
 [38;2;0;0;0m [0m [38;2;29;37;40;48;2;29;36;38m▄[38;2;72;65;51;48;2;77;64;48m▄[38;2;216;166;108;48;2;214;160;102m▄[38;2;223;171;110;48;2;214;163;106m▄[38;2;222;170;108;48;2;220;169;110m▄[38;2;218;168;108;48;2;214;164;105m▄[38;2;213;165;109;48;2;218;165;105m▄[38;2;141;110;71;48;2;218;167;107m▄[0m[7m[38;2;185;144;96m▄[0m  [38;2;0;0;0m          [0m
 [38;2;0;0;0m [0m [38;2;28;36;39;48;2;29;37;40m▄[38;2;27;34;37;48;2;33;38;37m▄[0m[7m[38;2;200;153;99m▄[0m[38;2;193;150;100;48;2;212;162;103m▄[38;2;221;169;107;48;2;221;169;109m▄[38;2;215;163;102;48;2;216;166;107m▄[38;2;191;147;96;48;2;198;151;97m▄[38;2;38;42;43;48;2;30;36;36m▄[38;2;29;37;40;48;2;23;30;33m▄[38;2;23;29;32;48;2;25;30;33m▄[0m[38;2;29;32;35m▄[0m [38;2;0;0;0m         [0m
 [38;2;0;0;0m [0m [7m[38;2;16;20;22m▄[38;2;19;24;26m▄[0m      [7m[38;2;16;21;23m▄[38;2;17;22;25m▄[38;2;23;29;30m▄[0m [38;2;0;0;0m         [0m
[?25h