[?25l[0m[38;2;224;228;189;48;2;197;202;164m▄[38;2;235;242;199;48;2;236;242;198m▄[38;2;234;239;201;48;2;236;242;200m▄[38;2;185;189;159;48;2;235;242;200m▄[38;2;174;177;149;48;2;234;241;197m▄[38;2;210;215;177;48;2;194;198;161m▄[38;2;232;239;193;48;2;165;169;136m▄[38;2;234;241;196;48;2;209;214;177m▄[38;2;236;242;201;48;2;238;243;205m▄[48;2;236;242;201m [48;2;236;242;199m▄[38;2;236;242;200m▄[48;2;236;242;200m [48;2;235;242;200m▄[48;2;236;242;200m  [38;2;236;242;201m▄ [38;2;236;242;200;48;2;236;243;201m▄[38;2;236;243;202m▄[38;2;188;192;159;48;2;230;236;195m▄[38;2;227;233;191;48;2;177;181;150m▄[38;2;235;242;197;48;2;235;242;199m▄ [38;2;236;242;201m▄[48;2;235;242;200m▄[38;2;236;242;202;48;2;236;242;201m▄[38;2;235;242;201;48;2;237;243;204m▄[38;2;202;209;171;48;2;179;183;159m▄[0m [0m
[38;2;131;133;112;48;2;231;237;193m▄[38;2;126;128;106;48;2;228;235;188m▄[38;2;150;154;130;48;2;157;160;132m▄[38;2;157;160;135;48;2;226;232;194m▄[38;2;150;154;131;48;2;235;241;201m▄[38;2;149;152;132;48;2;236;242;203m▄[38;2;90;92;80;48;2;236;241;202m▄[38;2;131;134;114;48;2;236;242;197m▄[38;2;178;182;152;48;2;235;242;197m▄[38;2;177;182;152;48;2;236;242;200m▄[38;2;178;181;155;48;2;237;243;201m▄[38;2;178;182;155m▄[38;2;179;183;156;48;2;237;242;200m▄[38;2;178;183;155;48;2;236;242;200m▄[38;2;178;181;155m▄[38;2;135;138;116;48;2;236;242;201m▄[38;2;131;134;113m▄[38;2;131;135;112m▄[48;2;236;242;200m▄[38;2;135;138;116;48;2;235;242;199m▄[38;2;127;130;111;48;2;171;175;144m▄[38;2;164;167;141;48;2;237;243;201m▄[38;2;131;135;111;48;2;236;242;199m▄[38;2;131;135;112;48;2;236;242;201m▄[38;2;131;134;112m▄▄▄[38;2;131;135;111;48;2;235;242;199m▄[38;2;130;133;111;48;2;224;231;187m▄[0m [0m
 [38;2;0;0;0m                             [0m
 [38;2;0;0;0m         [0m [38;2;66;67;66m▄[0m [38;2;14;14;14m                 [0m
 [38;2;0;0;0m [0m   [38;2;3;3;3m  [0m  [38;2;46;46;46m▄[38;2;44;44;44;48;2;129;129;128m▄[0m [38;2;42;42;42m▄[38;2;56;55;55m▄[38;2;59;59;58m▄[38;2;64;64;64m▄[0m [38;2;22;22;22m             [0m
 [38;2;0;0;0m [0m [38;2;44;45;44;48;2;38;38;38m▄[38;2;52;52;52;48;2;53;54;53m▄[38;2;50;50;50;48;2;51;51;51m▄[38;2;42;42;42;48;2;43;44;44m▄[38;2;47;47;47;48;2;53;53;53m▄[38;2;49;49;49;48;2;45;45;44m▄[38;2;47;47;47;48;2;42;42;42m▄[38;2;49;49;49;48;2;38;38;37m▄[38;2;47;48;48;48;2;38;38;38m▄[38;2;30;30;30;48;2;44;44;43m▄[38;2;44;44;44;48;2;49;49;49m▄[38;2;51;51;51;48;2;46;46;46m▄[0m[38;2;44;45;44m▄[38;2;37;37;37m▄[0m [38;2;21;21;21m            [0m
 [38;2;51;51;51m▄[38;2;47;48;47;48;2;45;46;44m▄[38;2;48;48;48;48;2;46;46;45m▄[38;2;33;33;33;48;2;48;48;48m▄[38;2;48;48;48;48;2;35;35;36m▄[38;2;40;40;40;48;2;48;48;48m▄[38;2;51;51;51;48;2;49;49;49m▄[38;2;48;46;43;48;2;48;48;48m▄[38;2;96;75;54;48;2;47;46;46m▄[38;2;49;47;44;48;2;49;48;48m▄[38;2;50;50;50;48;2;52;52;52m▄[38;2;51;51;51;48;2;54;53;53m▄[38;2;50;50;50;48;2;49;49;49m▄[38;2;48;48;49;48;2;50;50;50m▄[48;2;48;49;49m▄[48;2;49;50;50m▄[38;2;48;48;48;48;2;42;43;43m▄[38;2;42;43;43;48;2;32;33;32m▄[0m[38;2;54;54;54m▄[38;2;55;55;55m▄[38;2;33;33;33m▄[0m [38;2;20;20;19m       [0m
  [38;2;41;40;40;48;2;58;58;57m▄[38;2;107;82;56;48;2;48;47;46m▄[38;2;177;132;89;48;2;30;28;26m▄[38;2;217;160;105;48;2;106;82;58m▄[38;2;89;68;46;48;2;51;46;41m▄[38;2;222;162;102;48;2;74;61;48m▄[38;2;231;171;110;48;2;203;150;97m▄[38;2;232;173;113;48;2;233;172;112m▄[38;2;233;175;116;48;2;176;133;90m▄[38;2;165;123;82;48;2;50;49;47m▄[38;2;48;46;44;48;2;49;50;50m▄[38;2;51;43;34;48;2;42;43;43m▄[38;2;42;43;41;48;2;42;44;44m▄[38;2;64;54;44;48;2;43;44;44m▄[38;2;47;46;44;48;2;48;48;49m▄[48;2;50;50;50m [38;2;51;51;51m▄[38;2;49;49;49;48;2;52;52;52m▄[38;2;44;44;45;48;2;48;48;48m▄[38;2;39;40;39;48;2;41;40;40m▄[0m [38;2;3;3;3m       [0m
  [38;2;86;73;56;48;2;63;61;57m▄[38;2;184;140;91;48;2;178;134;89m▄[38;2;202;148;92;48;2;222;164;106m▄[38;2;230;167;105;48;2;230;168;107m▄[38;2;232;170;110;48;2;231;167;105m▄[38;2;233;172;112;48;2;232;170;109m▄[38;2;233;173;113;48;2;232;171;111m▄[38;2;231;172;113m▄[38;2;191;144;96;48;2;209;155;102m▄[38;2;183;137;87;48;2;190;143;94m▄[38;2;178;130;83;48;2;125;94;63m▄[38;2;217;158;100;48;2;131;95;62m▄[38;2;229;171;113;48;2;113;83;57m▄[38;2;170;127;84;48;2;104;81;59m▄[38;2;177;130;86;48;2;139;105;75m▄[38;2;44;44;44;48;2;48;48;48m▄[38;2;49;49;48;48;2;50;50;49m▄[38;2;50;50;49;48;2;49;49;49m▄ [38;2;49;49;49;48;2;48;48;48m▄[38;2;46;46;46;48;2;35;35;35m▄[0m [38;2;21;21;21m      [0m
 [38;2;151;116;82m▄[38;2;230;169;107;48;2;156;117;79m▄[38;2;231;171;111;48;2;230;172;113m▄[38;2;232;172;112;48;2;233;173;114m▄[38;2;205;153;99;48;2;232;170;110m▄[38;2;220;158;100;48;2;231;168;107m▄[38;2;192;140;90;48;2;232;169;108m▄[38;2;230;170;109;48;2;232;172;112m▄[38;2;232;173;113;48;2;232;174;115m▄[38;2;232;171;110;48;2;231;172;113m▄[38;2;232;173;113;48;2;229;169;109m▄[38;2;233;175;115m▄[38;2;233;174;114;48;2;214;159;104m▄[38;2;232;171;110;48;2;232;173;114m▄[38;2;231;169;108;48;2;231;170;111m▄[38;2;103;81;57;48;2;135;101;69m▄[38;2;48;48;48;48;2;47;48;47m▄[38;2;49;49;49;48;2;49;49;48m▄[38;2;50;50;49;48;2;49;49;49m▄[38;2;50;50;50;48;2;51;51;51m▄[48;2;52;52;52m▄[38;2;49;48;48;48;2;46;46;47m▄[38;2;36;36;36;48;2;33;33;34m▄[0m[38;2;36;36;36m      [0m
 [38;2;154;154;154;48;2;132;104;78m▄[38;2;209;209;209;48;2;176;156;134m▄[38;2;242;242;244;48;2;185;175;164m▄[38;2;248;248;249;48;2;175;161;148m▄[38;2;182;167;153;48;2;130;104;78m▄[38;2;233;174;114;48;2;233;173;114m▄[38;2;232;171;109;48;2;231;170;110m▄[38;2;170;132;95;48;2;194;144;92m▄[38;2;247;247;247;48;2;166;148;132m▄[38;2;202;202;202;48;2;185;174;165m▄[38;2;236;236;236;48;2;184;173;162m▄[38;2;252;251;251;48;2;176;157;135m▄[38;2;195;196;196;48;2;179;137;95m▄[38;2;194;140;89;48;2;229;167;104m▄[38;2;231;170;109;48;2;232;172;112m▄[38;2;127;97;68;48;2;99;80;60m▄[38;2;49;49;49;48;2;50;50;49m▄▄[38;2;50;49;49;48;2;51;51;50m▄[38;2;51;50;50;48;2;50;50;50m▄[38;2;50;49;49;48;2;49;49;48m▄[38;2;46;46;46;48;2;45;45;44m▄[0m [38;2;7;7;8m      [0m
 [38;2;69;68;68;48;2;171;171;171m▄[38;2;210;209;209;48;2;186;187;186m▄[38;2;244;244;244;48;2;243;243;243m▄[38;2;184;183;180;48;2;250;250;250m▄[38;2;202;146;92;48;2;178;149;119m▄[38;2;231;169;109;48;2;233;173;114m▄[38;2;232;172;112;48;2;233;174;114m▄[38;2;219;163;105;48;2;171;133;95m▄[38;2;148;136;126;48;2;244;243;244m▄[38;2;235;235;234;48;2;200;201;201m▄[38;2;248;248;248;48;2;237;237;237m▄[38;2;221;221;220;48;2;253;253;252m▄[38;2;155;131;106;48;2;204;205;205m▄[38;2;221;161;102;48;2;210;155;101m▄[38;2;230;168;108;48;2;232;172;114m▄[38;2;79;65;51;48;2;141;107;75m▄[38;2;49;49;48;48;2;48;48;48m▄[38;2;119;92;65;48;2;43;42;42m▄[38;2;227;169;110;48;2;54;47;41m▄[38;2;215;159;102;48;2;50;45;41m▄[38;2;67;55;44;48;2;53;52;51m▄[38;2;45;44;44;48;2;51;51;50m▄[0m [38;2;4;4;4m      [0m
  [38;2;209;158;107;48;2;197;146;97m▄[38;2;211;158;104;48;2;184;143;103m▄[38;2;163;119;76;48;2;153;111;72m▄[38;2;232;171;112;48;2;231;170;112m▄[38;2;232;170;110;48;2;232;169;109m▄[38;2;232;171;111;48;2;232;170;110m▄[38;2;231;170;110;48;2;228;169;110m▄[38;2;214;159;104;48;2;166;124;81m▄[38;2;181;138;94;48;2;190;145;101m▄[38;2;176;132;87;48;2;171;131;93m▄[38;2;211;154;97;48;2;197;144;94m▄[38;2;228;167;109;48;2;199;150;99m▄[38;2;229;169;109;48;2;224;169;113m▄[38;2;165;124;82;48;2;210;157;103m▄[38;2;33;32;30;48;2;39;38;36m▄[38;2;124;96;67;48;2;61;53;45m▄[38;2;194;145;95;48;2;222;170;117m▄[38;2;201;152;101;48;2;141;104;69m▄[38;2;213;160;109;48;2;184;137;90m▄[38;2;168;132;97;48;2;138;104;71m▄[0m [38;2;3;3;3m       [0m
  [38;2;196;148;99;48;2;225;169;111m▄[38;2;230;172;112;48;2;221;163;105m▄[38;2;171;125;78;48;2;185;133;82m▄[38;2;230;170;109;48;2;231;169;109m▄[38;2;221;163;107;48;2;232;172;113m▄[38;2;176;134;89;48;2;233;175;117m▄[38;2;198;150;99;48;2;223;168;112m▄[38;2;232;172;112;48;2;232;175;116m▄[38;2;207;150;94;48;2;232;171;111m▄[38;2;231;168;105;48;2;230;168;107m▄[38;2;212;158;104;48;2;231;170;111m▄[38;2;211;161;109;48;2;232;173;115m▄[38;2;229;171;113;48;2;221;165;109m▄[38;2;230;170;111;48;2;214;158;102m▄[38;2;201;148;95;48;2;157;118;76m▄[38;2;232;171;112;48;2;198;146;95m▄[38;2;230;169;110;48;2;230;168;108m▄[38;2;224;162;101;48;2;173;127;83m▄[38;2;195;141;89;48;2;220;163;106m▄[0m[7m[38;2;116;90;69m▄[0m[38;2;31;29;28m        [0m
 [38;2;151;117;84;48;2;61;57;53m▄[38;2;215;161;105;48;2;205;148;93m▄[48;2;208;155;101m▄[38;2;214;161;104;48;2;212;160;109m▄[38;2;222;165;105;48;2;171;127;81m▄[38;2;215;161;105;48;2;185;138;89m▄[38;2;227;171;114;48;2;228;172;115m▄[38;2;221;164;105;48;2;233;173;111m▄[38;2;221;162;100;48;2;219;160;99m▄[38;2;231;174;114;48;2;224;167;108m▄[38;2;228;173;115;48;2;223;168;110m▄[38;2;224;163;101;48;2;234;176;115m▄[38;2;222;161;100;48;2;228;167;106m▄[38;2;206;153;99;48;2;230;168;106m▄[38;2;229;173;116;48;2;233;175;118m▄[38;2;223;168;112;48;2;225;171;117m▄[38;2;233;173;112;48;2;222;168;114m▄[38;2;92;71;50;48;2;159;118;77m▄[38;2;34;35;35;48;2;142;105;69m▄[38;2;52;52;52;48;2;56;49;44m▄[0m[38;2;49;49;48m▄[0m [38;2;32;32;32m       [0m
 [38;2;59;49;38;48;2;165;123;82m▄[38;2;105;81;57;48;2;233;173;112m▄[38;2;143;112;77;48;2;232;172;110m▄[38;2;182;142;100;48;2;226;168;107m▄[38;2;135;103;68;48;2;233;175;116m▄[38;2;171;124;78;48;2;228;170;110m▄[38;2;160;116;71;48;2;224;165;106m▄[38;2;181;136;88;48;2;224;168;112m▄[38;2;180;137;92;48;2;231;174;115m▄[38;2;158;120;78;48;2;210;159;106m▄[38;2;182;133;84;48;2;231;172;113m▄[38;2;232;172;111;48;2;220;162;103m▄[38;2;223;168;111;48;2;231;171;110m▄[38;2;232;175;115;48;2;232;175;116m▄[38;2;214;160;106;48;2;233;173;110m▄[38;2;231;173;114;48;2;234;173;110m▄[38;2;233;178;119;48;2;232;173;111m▄[38;2;38;39;34;48;2;61;58;50m▄[38;2;40;57;61;48;2;36;52;55m▄[38;2;27;38;41;48;2;36;39;39m▄[38;2;36;35;35;48;2;42;42;42m▄[0m [38;2;0;0;0m       [0m
 [38;2;0;0;0m  [0m  [38;2;77;66;53;48;2;165;124;85m▄[38;2;174;135;92;48;2;227;167;107m▄[38;2;208;155;100;48;2;230;169;107m▄[38;2;229;169;108;48;2;231;171;110m▄[38;2;231;171;111;48;2;231;171;112m▄[48;2;231;172;113m▄[38;2;231;170;110;48;2;226;169;111m▄[38;2;232;172;112;48;2;234;174;113m▄[38;2;217;164;106;48;2;229;170;109m▄[38;2;225;169;111;48;2;225;165;104m▄[38;2;233;172;111;48;2;214;158;103m▄[38;2;233;171;111;48;2;235;176;116m▄[38;2;230;169;108;48;2;232;174;113m▄[38;2;56;57;51;48;2;54;50;41m▄[38;2;39;56;60;48;2;37;52;56m▄[48;2;39;55;59m▄[38;2;23;34;37;48;2;29;31;32m▄[0m[38;2;49;56;58m▄[0m [38;2;26;26;26m      [0m
 [38;2;0;0;0m    [38;2;35;39;40m▄[38;2;37;55;59;48;2;41;49;50m▄[38;2;32;46;46;48;2;146;111;74m▄[38;2;190;141;91;48;2;215;163;108m▄[38;2;222;165;106;48;2;223;169;113m▄[38;2;232;174;114;48;2;231;172;111m▄[38;2;234;176;116;48;2;210;156;101m▄[38;2;234;175;114;48;2;233;175;115m▄[38;2;219;162;105;48;2;233;175;113m▄[38;2;220;162;104;48;2;225;166;106m▄[38;2;233;172;111;48;2;233;174;114m▄[38;2;233;174;113;48;2;234;175;116m▄[38;2;174;132;89;48;2;220;165;110m▄[38;2;32;50;54;48;2;31;44;47m▄[38;2;37;54;57;48;2;37;54;58m▄[38;2;37;54;58;48;2;36;53;57m▄[48;2;26;38;41m [38;2;38;55;60;48;2;41;60;65m▄[38;2;38;55;59;48;2;38;54;57m▄[38;2;41;58;62;48;2;39;44;44m▄[0m[38;2;40;51;54m▄[0m [38;2;24;25;25m   [0m
 [38;2;0;0;0m  [38;2;45;48;49m▄[38;2;26;39;41m▄[38;2;35;52;56;48;2;32;45;47m▄[38;2;36;52;56;48;2;36;53;57m▄[38;2;28;43;45;48;2;37;54;58m▄[38;2;108;76;47;48;2;112;86;59m▄[38;2;217;160;103;48;2;222;165;105m▄[38;2;226;166;106;48;2;218;162;104m▄[38;2;230;169;107;48;2;232;171;108m▄[38;2;227;167;106;48;2;223;166;108m▄[38;2;232;172;111;48;2;228;172;113m▄[38;2;233;176;117;48;2;234;175;115m▄[38;2;212;161;107;48;2;233;172;111m▄[38;2;164;129;94;48;2;200;146;93m▄[38;2;64;69;64;48;2;98;78;57m▄[38;2;39;57;60;48;2;38;57;61m▄[38;2;38;56;60;48;2;37;55;59m▄[38;2;37;54;59;48;2;38;55;59m▄[38;2;30;44;47;48;2;27;41;45m▄[38;2;36;52;56;48;2;36;53;58m▄[38;2;38;55;58;48;2;39;56;60m▄[38;2;37;53;57;48;2;40;56;60m▄[38;2;33;47;51;48;2;39;54;58m▄[38;2;28;42;45;48;2;33;45;47m▄[0m[38;2;26;34;35m▄[0m [38;2;20;20;20m [0m
[?25h