[?25l[0m [38;2;0;0;0m       [0m       [38;2;2;2;2m         [0m
 [38;2;0;0;0m     [0m    [38;2;0;0;0m [0m [38;2;135;110;26m▄[38;2;158;127;21;48;2;122;104;40m▄[0m[38;2;85;71;23m▄[0m  [38;2;8;8;8m       [0m
 [38;2;0;0;0m    [0m  [38;2;0;0;0m  [0m [38;2;68;72;73m▄[38;2;78;82;83m▄[38;2;85;90;90m▄[38;2;106;110;111;48;2;143;116;25m▄[0m[38;2;76;80;81m▄[38;2;68;73;74m▄[0m [38;2;50;56;56m       [0m
 [38;2;0;0;0m    [0m [38;2;17;17;17m  [0m [38;2;94;103;105;48;2;106;115;116m▄[38;2;98;69;71;48;2;78;80;81m▄[38;2;114;69;73;48;2;76;73;74m▄[38;2;114;69;72;48;2;76;72;74m▄[38;2;115;69;73;48;2;76;73;75m▄[38;2;112;68;71;48;2;82;81;83m▄[38;2;89;86;87;48;2;115;125;126m▄[38;2;106;123;123;48;2;98;114;115m▄[0m[38;2;106;123;123m       [0m
 [38;2;0;0;0m    [0m  [38;2;19;19;19m [38;2;91;97;98;48;2;72;77;78m▄[38;2;143;153;155;48;2;123;133;134m▄[38;2;143;154;155;48;2;94;103;104m▄[38;2;120;131;132;48;2;76;83;84m▄[38;2;75;74;75;48;2;94;69;71m▄[38;2;80;73;75;48;2;103;69;71m▄[38;2;121;131;132;48;2;81;89;90m▄[38;2;158;172;173;48;2;132;145;146m▄[38;2;111;128;128;48;2;111;128;129m▄[0m[38;2;111;128;128m       [0m
 [38;2;0;0;0m     [0m [38;2;89;92;100;48;2;70;72;77m▄[38;2;117;120;131;48;2;115;127;135m▄[38;2;117;121;132;48;2;125;141;148m▄[38;2;125;127;139;48;2;129;146;151m▄[38;2;150;152;166;48;2;130;148;152m▄[38;2;140;141;153;48;2;123;138;142m▄[38;2;140;142;155;48;2;122;138;142m▄[38;2;114;115;125;48;2;129;146;150m▄[0m[7m[38;2;115;130;135m▄[0m [38;2;0;0;0m       [0m
 [38;2;0;0;0m  [0m [38;2;11;26;40m▄[38;2;11;41;69m▄[38;2;21;53;82m▄[7m[38;2;80;82;88m▄[38;2;110;113;123m▄[0m[38;2;103;105;114;48;2;117;120;131m▄[38;2;116;119;130;48;2;120;123;134m▄[38;2;116;120;131;48;2;134;136;148m▄[38;2;116;119;130;48;2;127;129;141m▄[38;2;116;120;131m▄[38;2;111;114;124;48;2;113;115;125m▄[0m[38;2;33;41;49m▄[38;2;23;42;60m▄[38;2;12;30;46m▄[0m [38;2;10;16;22m     [0m
 [38;2;0;0;0m [0m [38;2;10;35;58;48;2;9;23;37m▄[38;2;10;45;76;48;2;7;33;56m▄[38;2;7;37;62m▄[38;2;7;32;55;48;2;7;38;67m▄[38;2;10;49;85;48;2;13;49;81m▄[0m       [38;2;0;0;0m [0m [38;2;17;39;58;48;2;14;43;70m▄[38;2;8;38;64;48;2;9;39;65m▄[0m [38;2;7;18;27m    [0m
 [38;2;0;0;0m [0m [38;2;9;48;84;48;2;11;51;84m▄[38;2;10;50;86;48;2;11;53;87m▄[38;2;11;51;84;48;2;11;52;86m▄[38;2;7;32;55;48;2;6;32;54m▄[38;2;8;40;69;48;2;8;42;75m▄[38;2;10;53;91;48;2;15;46;74m▄[0m[38;2;11;54;92m▄[38;2;20;56;88m▄[38;2;19;42;63m▄[0m   [38;2;20;47;73m▄[38;2;10;53;92m▄[38;2;11;53;92;48;2;16;50;82m▄[38;2;8;42;72;48;2;8;39;67m▄[0m[38;2;9;25;41m▄    [0m
 [38;2;0;0;0m [0m [38;2;11;53;92;48;2;10;53;91m▄[38;2;11;53;91;48;2;11;54;92m▄[38;2;7;33;58;48;2;8;39;68m▄[38;2;7;34;57;48;2;7;32;55m▄[38;2;7;37;64;48;2;8;38;66m▄[38;2;11;53;92;48;2;11;53;91m▄[48;2;11;54;92m [48;2;11;54;93m [38;2;11;55;93;48;2;11;54;92m▄[38;2;11;55;94;48;2;11;54;93m▄[48;2;11;54;92m▄[38;2;11;54;93;48;2;11;55;93m▄[48;2;11;54;93m [48;2;11;53;92m▄[38;2;11;54;92;48;2;11;54;93m▄[38;2;9;48;84;48;2;10;49;85m▄[38;2;13;45;73;48;2;11;37;60m▄[0m[38;2;13;45;73m    [0m
 [38;2;0;0;0m [7m[38;2;10;28;44m▄[0m[38;2;13;40;64;48;2;11;53;92m▄[38;2;16;49;79;48;2;11;53;91m▄[38;2;12;32;51;48;2;6;31;54m▄[38;2;7;33;56;48;2;7;33;57m▄[38;2;7;35;60;48;2;8;36;63m▄[48;2;11;53;92m [48;2;11;54;92m [48;2;11;54;93m [38;2;11;54;93;48;2;11;55;94m▄[48;2;11;54;93m [38;2;11;54;92m▄▄[48;2;11;54;92m [38;2;13;52;87m▄[38;2;13;39;63;48;2;10;53;92m▄[0m[7m[38;2;9;49;84m▄[38;2;16;43;68m▄[0m[38;2;2;2;2m    [0m
 [38;2;0;0;0m   [0m     [7m[38;2;12;32;49m▄[38;2;13;35;54m▄[38;2;16;38;58m▄[38;2;13;34;53m▄[38;2;12;31;49m▄[0m   [38;2;0;0;0m       [0m
[?25h