[?25l[0m [38;2;0;0;0m        [0m [38;2;114;115;115m▄[38;2;208;209;208m▄[38;2;233;234;233m▄[48;2;108;108;108m▄[48;2;133;134;133m▄[48;2;155;156;155m▄[48;2;141;142;141m▄[38;2;230;231;230;48;2;114;114;114m▄[0m[38;2;187;181;157m▄[38;2;196;195;191m▄[38;2;111;112;112m▄[0m [38;2;8;8;8m        [0m
 [38;2;0;0;0m      [0m [38;2;218;219;218m▄[38;2;233;234;233;48;2;201;202;201m▄[48;2;233;234;233m  [38;2;232;234;233m▄▄[48;2;232;234;233m [48;2;233;234;233m [38;2;177;166;129;48;2;194;188;167m▄[38;2;158;126;20;48;2;153;130;52m▄[38;2;159;127;21;48;2;158;127;22m▄[38;2;158;127;21;48;2;154;131;51m▄[38;2;158;140;76;48;2;188;181;154m▄[38;2;232;234;233;48;2;183;184;183m▄[0m[38;2;181;182;182m▄[0m [38;2;8;8;8m      [0m
 [38;2;0;0;0m     [38;2;89;90;89m▄[38;2;233;234;234;48;2;191;191;191m▄[48;2;233;234;233m  [38;2;232;234;233m▄[48;2;232;234;233m     [48;2;199;197;187m▄[38;2;162;146;92;48;2;155;124;21m▄[38;2;158;127;22;48;2;158;127;21m▄[38;2;150;124;33;48;2;157;126;21m▄[38;2;213;213;208;48;2;172;160;116m▄[48;2;233;234;233m  [38;2;189;190;189;48;2;99;99;99m▄[0m [38;2;3;3;3m     [0m
 [38;2;0;0;0m    [0m [38;2;228;229;228;48;2;177;177;177m▄[48;2;233;234;233m  [48;2;232;234;233m  [38;2;230;231;231m▄[38;2;187;189;189m▄[38;2;167;171;171m▄[38;2;162;167;167m▄[38;2;153;158;159;48;2;232;233;233m▄[38;2;145;151;151;48;2;232;234;233m▄[38;2;145;151;152;48;2;224;225;224m▄[38;2;144;150;151;48;2;166;152;104m▄[38;2;149;154;154;48;2;203;200;185m▄[38;2;157;162;162;48;2;232;233;233m▄[38;2;164;169;169m▄[38;2;169;175;175;48;2;233;234;233m▄[38;2;170;181;181;48;2;225;226;226m▄[0m [38;2;4;4;4m     [0m
 [38;2;0;0;0m    [38;2;97;97;97m▄[48;2;233;234;233m   [38;2;233;234;233;48;2;232;234;233m▄[38;2;216;217;216m▄[38;2;129;138;139;48;2;153;158;158m▄[38;2;71;79;80;48;2;123;132;133m▄[38;2;70;75;76;48;2;101;110;111m▄[38;2;76;72;73;48;2;95;104;105m▄[38;2;78;72;73;48;2;91;100;101m▄[38;2;82;72;73;48;2;88;97;97m▄[38;2;82;71;73;48;2;86;95;96m▄[38;2;80;71;73;48;2;90;99;100m▄[38;2;78;72;74;48;2;94;103;104m▄[38;2;75;73;74;48;2;99;108;109m▄[38;2;71;74;75;48;2;112;121;122m▄[38;2;95;106;106;48;2;146;159;159m▄[38;2;198;227;227;48;2;191;219;219m▄[0m [38;2;3;3;3m     [0m
 [38;2;0;0;0m    [48;2;114;114;114m [38;2;232;234;233;48;2;233;234;233m▄▄[48;2;232;234;233m [48;2;233;234;233m▄[38;2;172;175;175;48;2;184;187;186m▄[38;2;139;149;151;48;2;134;144;146m▄[38;2;69;78;79;48;2;69;77;78m▄[38;2;82;72;74;48;2;89;69;71m▄[38;2;100;67;69;48;2;114;69;72m▄[38;2;107;67;70;48;2;115;69;73m▄[38;2;113;68;71m▄[38;2;114;69;72;48;2;114;68;72m▄[48;2;115;69;72m▄[38;2;113;69;72;48;2;114;69;73m▄[38;2;102;67;69;48;2;114;69;72m▄[38;2;91;67;69;48;2;109;68;71m▄[38;2;69;78;78;48;2;66;75;75m▄[38;2;199;227;228;48;2;196;225;225m▄[0m [38;2;10;15;15m     [0m
 [38;2;0;0;0m    [7m[38;2;89;90;89m▄[0m[38;2;226;228;227;48;2;233;234;233m▄[38;2;232;234;233m▄▄▄[38;2;157;162;163;48;2;163;168;168m▄[38;2;142;152;154;48;2;142;152;153m▄[38;2;143;153;154;48;2;98;107;108m▄[38;2;142;153;154;48;2;70;78;79m▄[38;2;133;143;145;48;2;68;77;78m▄[38;2;103;112;113;48;2;68;76;78m▄[38;2;69;78;79;48;2;67;72;73m▄[38;2;97;67;69;48;2;106;67;69m▄[38;2;114;69;72;48;2;113;68;71m▄[38;2;80;71;72;48;2;85;69;71m▄[38;2;103;113;114;48;2;68;77;78m▄[38;2;138;148;150;48;2;71;80;81m▄[38;2;165;181;181;48;2;126;140;140m▄[38;2;204;229;230;48;2;203;229;229m▄[0m [38;2;13;21;21m     [0m
 [38;2;0;0;0m    [0m [7m[38;2;129;130;129m▄[0m[38;2;127;128;127;48;2;232;234;233m▄[38;2;214;215;214;48;2;232;233;233m▄[38;2;194;195;195m▄[38;2;124;146;150;48;2;147;153;153m▄[38;2;139;163;164;48;2;142;153;154m▄[38;2;142;155;157;48;2;143;154;155m▄ [48;2;142;153;154m [38;2;141;151;153;48;2;134;144;145m▄[38;2;110;119;121;48;2;67;76;77m▄[38;2;93;102;103;48;2;73;72;73m▄[38;2;92;101;102;48;2;80;72;73m▄[38;2;102;112;113;48;2;69;75;76m▄[38;2;138;149;150;48;2;120;129;130m▄[38;2;139;150;151;48;2;140;150;151m▄[38;2;141;156;157;48;2;158;173;173m▄[38;2;165;197;198;48;2;204;230;230m▄[0m [38;2;5;7;7m     [0m
 [38;2;0;0;0m       [38;2;72;74;81;48;2;67;69;76m▄[38;2;117;120;131;48;2;112;115;126m▄[48;2;116;119;130m▄[48;2;116;122;132m▄[48;2;118;136;145m▄[38;2;113;116;127;48;2;122;144;151m▄[38;2;118;121;132;48;2;125;146;152m▄[38;2;129;131;142;48;2;127;151;156m▄[38;2;117;119;129;48;2;128;151;156m▄[38;2;124;126;137;48;2;129;152;156m▄[48;2;128;151;155m▄[38;2;113;115;125;48;2;127;151;156m▄[38;2;123;125;137;48;2;125;147;153m▄[38;2;48;49;53;48;2;122;144;150m▄[0m[7m[38;2;102;118;125m▄[0m [38;2;0;0;0m      [0m
 [38;2;0;0;0m       [38;2;74;76;82;48;2;73;75;81m▄[38;2;117;119;131;48;2;117;120;131m▄[38;2;117;120;131;48;2;118;121;132m▄▄▄[38;2;110;113;123;48;2;106;108;118m▄[38;2;137;139;151;48;2;172;174;189m▄[38;2;144;146;159;48;2;172;174;190m▄[38;2;127;129;140;48;2;149;151;164m▄[38;2;142;144;156;48;2;170;171;186m▄[38;2;140;142;154;48;2;171;173;188m▄[38;2;119;121;131;48;2;145;147;160m▄[38;2;132;134;145;48;2;164;166;181m▄[0m [38;2;26;27;28m        [0m
 [38;2;0;0;0m [0m [38;2;11;20;30m▄[38;2;9;34;60m▄[38;2;9;45;79m▄[38;2;11;53;90m▄[38;2;45;76;103;48;2;146;147;147m▄[38;2;192;197;200;48;2;182;183;183m▄[38;2;233;234;233;48;2;176;178;180m▄[38;2;228;229;228;48;2;126;128;136m▄[38;2;135;137;143;48;2;116;119;130m▄[38;2;115;118;129;48;2;116;120;131m▄[38;2;116;119;130;48;2;117;120;131m▄[48;2;116;120;131m▄[48;2;117;120;131m      [38;2;121;124;130;48;2;82;85;94m▄[0m[38;2;147;158;168m▄[38;2;38;68;96m▄[38;2;12;35;57m▄[38;2;12;31;48m▄[38;2;12;25;36m▄[0m [38;2;5;6;7m  [0m
  [38;2;6;32;55;48;2;10;25;41m▄[38;2;7;33;56;48;2;6;32;56m▄[48;2;6;33;56m▄[48;2;6;30;53m▄[38;2;7;31;54;48;2;7;37;67m▄[38;2;8;40;71;48;2;11;53;91m▄[38;2;11;53;91;48;2;28;63;95m▄[38;2;85;108;128;48;2;206;209;210m▄[48;2;233;234;233m [38;2;233;234;233;48;2;223;225;224m▄[48;2;159;161;165m▄[48;2;132;134;140m▄[48;2;126;128;135m▄[48;2;124;126;133m▄▄[48;2;126;128;135m▄[48;2;128;130;136m▄[48;2;145;147;152m▄[48;2;157;159;163m▄[38;2;232;234;233;48;2;202;204;204m▄[48;2;232;234;233m [48;2;223;224;224m▄[38;2;226;227;226;48;2;79;103;124m▄[38;2;37;69;99;48;2;8;42;74m▄[38;2;7;36;63;48;2;8;39;64m▄[38;2;8;41;68;48;2;11;34;54m▄[0m[38;2;9;20;31m▄ [0m
 [38;2;8;22;36;48;2;9;19;28m▄[38;2;10;50;84;48;2;6;29;51m▄[38;2;12;54;89;48;2;7;33;57m▄[38;2;12;53;88;48;2;7;30;53m▄[38;2;7;35;61;48;2;7;33;56m▄[38;2;7;32;55m▄[38;2;7;33;56;48;2;6;29;52m▄[38;2;8;42;74;48;2;10;52;90m▄[38;2;11;53;92;48;2;13;53;89m▄[38;2;152;162;170;48;2;212;214;213m▄[48;2;232;234;233m  [48;2;233;234;233m [38;2;232;234;233m▄▄[48;2;232;234;233m [48;2;233;234;233m   ▄▄▄[38;2;232;233;233;48;2;232;234;233m▄▄[38;2;142;154;164;48;2;107;126;142m▄[38;2;8;44;76;48;2;8;41;71m▄[38;2;8;40;66;48;2;9;41;67m▄[38;2;15;40;63;48;2;12;34;52m▄[0m[38;2;15;40;63m [0m
 [38;2;11;51;85;48;2;13;49;80m▄[38;2;9;45;76;48;2;12;53;88m▄[38;2;9;46;78;48;2;12;54;90m▄[38;2;11;53;88;48;2;12;54;89m▄[38;2;12;53;89;48;2;11;53;88m▄[38;2;8;38;64;48;2;6;31;53m▄[38;2;6;32;56;48;2;7;33;56m▄[38;2;7;34;60;48;2;7;37;65m▄[38;2;11;53;92;48;2;10;53;91m▄[38;2;10;53;91;48;2;80;104;124m▄[38;2;25;61;93;48;2;224;225;224m▄[38;2;106;124;141;48;2;232;233;233m▄[38;2;186;191;194;48;2;232;234;233m▄[38;2;231;232;232m▄       [38;2;229;230;229;48;2;233;234;233m▄[38;2;139;151;162m▄[38;2;24;61;95;48;2;211;213;214m▄[38;2;11;53;92;48;2;68;94;117m▄[38;2;10;52;90;48;2;10;48;83m▄[38;2;7;34;56;48;2;8;37;62m▄[38;2;11;29;46;48;2;12;35;56m▄[0m[38;2;11;29;46m [0m
 [38;2;8;45;79;48;2;8;42;74m▄[38;2;10;53;91;48;2;10;52;90m▄[38;2;11;53;92m▄[38;2;10;51;88;48;2;8;44;75m▄[38;2;10;47;78;48;2;12;53;88m▄[38;2;6;33;58;48;2;8;38;65m▄[38;2;7;33;56;48;2;7;32;56m▄[38;2;6;30;52;48;2;6;32;55m▄[38;2;10;53;91;48;2;11;53;91m▄[48;2;10;53;91m [48;2;10;53;92m [38;2;11;54;93;48;2;11;54;92m▄[48;2;11;53;91m▄[38;2;11;54;92;48;2;37;69;98m▄[38;2;11;54;93;48;2;104;123;140m▄[38;2;10;54;92;48;2;171;178;183m▄[38;2;19;56;89;48;2;226;227;226m▄[38;2;72;98;120;48;2;232;234;233m▄[38;2;108;128;145m▄[38;2;43;74;103;48;2;230;232;231m▄[38;2;11;53;92;48;2;156;166;174m▄[38;2;11;54;92;48;2;44;75;104m▄[48;2;10;53;92m [48;2;11;53;92m [38;2;11;53;92;48;2;10;53;92m▄[38;2;11;54;92;48;2;11;53;91m▄[38;2;8;44;77;48;2;6;29;53m▄[38;2;10;53;91;48;2;10;43;75m▄[0m [0m
 [38;2;10;52;90;48;2;10;51;89m▄[38;2;11;54;92;48;2;10;53;91m▄[38;2;11;53;92;48;2;11;54;92m▄[38;2;10;50;87;48;2;11;53;91m▄[38;2;5;27;48;48;2;7;35;62m▄[38;2;7;33;56;48;2;6;30;52m▄[48;2;7;33;57m [38;2;6;28;49;48;2;6;29;50m▄[38;2;10;51;89;48;2;10;53;91m▄[48;2;11;53;92m [48;2;11;54;92m [48;2;11;54;93m [38;2;11;55;93m▄[38;2;11;54;93;48;2;11;54;92m▄▄[38;2;11;55;93;48;2;11;54;93m▄ ▄▄[38;2;11;54;93;48;2;11;55;94m▄[38;2;11;55;93m▄[48;2;11;54;93m [38;2;11;54;93;48;2;10;53;92m▄[48;2;11;54;92m▄[48;2;11;54;93m [38;2;11;53;90;48;2;11;54;92m▄[38;2;9;46;79;48;2;9;46;80m▄[48;2;10;53;91m [0m[38;2;11;27;42m▄[0m
[38;2;10;29;45m▄[38;2;11;53;92;48;2;10;53;91m▄[48;2;11;54;92m [38;2;11;54;92;48;2;11;53;91m▄[38;2;8;42;73;48;2;9;45;78m▄[38;2;7;33;56;48;2;7;32;56m▄[48;2;7;34;57m [38;2;7;33;57m▄[38;2;7;32;55;48;2;6;30;53m▄[38;2;9;46;80;48;2;9;48;85m▄[38;2;11;54;92;48;2;11;53;92m▄[48;2;11;54;92m  [48;2;11;54;93m▄ [48;2;11;55;94m   [38;2;11;54;93m▄▄[48;2;11;55;93m▄[48;2;11;54;93m   [38;2;10;54;92m▄[38;2;10;53;92;48;2;11;54;92m▄[38;2;9;46;79;48;2;9;48;84m▄[38;2;10;53;91;48;2;9;49;86m▄[48;2;10;53;91m [38;2;13;38;61;48;2;11;33;53m▄[0m
[38;2;13;27;40;48;2;12;35;55m▄[38;2;14;50;82;48;2;11;53;92m▄[48;2;11;53;91m [38;2;11;53;91;48;2;11;54;92m▄[38;2;8;37;64;48;2;8;40;68m▄[38;2;7;32;55;48;2;7;33;56m▄[48;2;7;33;57m [48;2;7;33;56m  [38;2;9;43;76;48;2;9;45;78m▄[48;2;11;53;92m [48;2;11;54;92m  [38;2;11;54;92;48;2;10;53;92m▄[48;2;11;54;93m [38;2;11;54;93;48;2;11;55;94m▄[48;2;11;54;93m   [38;2;11;54;92m▄▄ [38;2;11;54;93;48;2;11;53;92m▄[48;2;11;54;92m [48;2;11;53;92m [38;2;10;52;89;48;2;11;53;91m▄[38;2;14;39;61;48;2;9;45;78m▄[0m[7m[38;2;11;53;91m▄[38;2;14;46;74m▄[0m [0m
   [7m[38;2;13;30;45m▄[38;2;14;24;33m▄[38;2;10;20;29m▄[38;2;12;27;42m▄[38;2;12;32;50m▄[38;2;7;31;53m▄[38;2;9;42;73m▄[38;2;11;54;92m▄[0m[38;2;10;28;45;48;2;11;53;92m▄[38;2;12;33;51;48;2;11;54;92m▄[38;2;15;38;60;48;2;11;54;93m▄[38;2;9;35;61m▄[38;2;16;43;68;48;2;12;55;93m▄[38;2;10;36;61m▄[38;2;15;38;58;48;2;11;54;93m▄[38;2;12;33;52;48;2;11;54;92m▄[38;2;10;28;44m▄[0m[7m[38;2;11;54;92m▄▄[38;2;12;50;85m▄[38;2;15;43;69m▄[38;2;13;29;44m▄[0m  [38;2;0;0;0m   [0m
[?25h