[?25l[0m[7m[38;2;100;126;137m▄[38;2;104;131;143m▄[38;2;96;120;130m▄[38;2;128;154;165m▄[38;2;100;122;130m▄[38;2;119;144;153m▄[38;2;126;149;158m▄[38;2;132;158;168m▄[38;2;130;156;167m▄[38;2;134;160;171m▄[38;2;137;162;173m▄[38;2;136;162;173m▄[38;2;135;161;172m▄[38;2;134;160;170m▄[38;2;136;162;172m▄[38;2;132;158;169m▄[38;2;129;156;168m▄[38;2;133;160;170m▄[38;2;138;164;174m▄[38;2;106;130;140m▄[38;2;94;115;123m▄[38;2;82;107;118m▄[38;2;49;62;67m▄[0m[38;2;25;27;27m   [0m [38;2;23;23;23m   [0m
 [38;2;0;0;0m                             [0m
 [38;2;0;0;0m      [0m     [38;2;134;119;72m▄[38;2;199;175;99m▄[38;2;246;216;117m▄[38;2;250;217;112;48;2;150;133;78m▄[38;2;251;217;112;48;2;205;179;96m▄[38;2;252;219;117;48;2;211;187;108m▄[38;2;246;217;117;48;2;124;112;71m▄[0m [38;2;52;46;33m          [0m
 [38;2;0;0;0m   [0m [38;2;147;129;92m▄[38;2;250;216;109;48;2;143;127;76m▄[38;2;249;214;108;48;2;220;190;99m▄[38;2;249;215;107;48;2;248;218;111m▄[38;2;223;193;96;48;2;250;217;106m▄[38;2;214;183;96;48;2;251;218;112m▄[38;2;216;182;97;48;2;251;219;116m▄[38;2;215;181;95;48;2;250;216;113m▄[38;2;216;182;96;48;2;251;217;114m▄[38;2;213;176;92;48;2;251;217;113m▄[38;2;210;170;89;48;2;251;216;111m▄[38;2;210;172;96;48;2;251;218;114m▄[38;2;218;185;96m▄[38;2;168;148;82;48;2;246;216;112m▄[0m [38;2;4;4;3m          [0m
 [38;2;0;0;0m  [0m [38;2;128;111;63m▄[38;2;250;217;114;48;2;212;181;97m▄[38;2;251;218;115;48;2;250;216;109m▄[38;2;210;154;87;48;2;214;176;91m▄[38;2;235;157;93;48;2;206;145;82m▄[38;2;234;155;92;48;2;226;150;88m▄[38;2;233;154;92;48;2;234;154;91m▄▄[38;2;234;155;93;48;2;235;155;92m▄[38;2;234;156;94;48;2;235;157;93m▄[38;2;234;156;95;48;2;235;157;94m▄[38;2;235;157;96;48;2;234;157;95m▄[38;2;234;155;95;48;2;235;159;100m▄[38;2;233;153;91;48;2;222;151;94m▄[0m[38;2;76;57;43m▄           [0m
 [38;2;0;0;0m   [38;2;158;136;74;48;2;157;133;65m▄[38;2;249;214;109;48;2;250;216;111m▄[38;2;251;216;112;48;2;251;217;115m▄[38;2;214;176;91;48;2;216;173;92m▄[38;2;237;158;94;48;2;235;155;91m▄[38;2;236;158;96;48;2;234;155;92m▄[48;2;234;155;93m▄[38;2;235;157;94;48;2;234;156;94m▄[38;2;234;155;93m▄[38;2;234;157;96m▄[38;2;236;160;98;48;2;234;157;95m▄▄[38;2;236;159;97m▄[38;2;235;156;94;48;2;235;158;98m▄[38;2;201;137;84;48;2;119;87;59m▄[0m [38;2;33;29;26m          [0m
 [38;2;0;0;0m   [7m[38;2;121;106;64m▄[0m[38;2;250;218;116;48;2;251;217;116m▄[38;2;251;216;112;48;2;251;215;110m▄[38;2;211;174;93;48;2;209;165;86m▄[38;2;236;160;98;48;2;236;159;96m▄[38;2;194;138;91;48;2;238;163;101m▄[38;2;219;219;220;48;2;215;144;86m▄[38;2;246;245;245;48;2;188;132;86m▄[38;2;185;185;185;48;2;193;139;94m▄[38;2;244;244;244;48;2;194;135;87m▄[38;2;190;139;97;48;2;193;132;80m▄[38;2;233;151;84;48;2;236;159;96m▄[38;2;189;158;132;48;2;184;128;80m▄[38;2;245;245;245;48;2;184;141;109m▄[38;2;196;196;196;48;2;181;144;113m▄[0m[38;2;108;108;108m▄          [0m
 [38;2;0;0;0m   [0m [38;2;176;153;79;48;2;233;200;99m▄[38;2;226;194;92;48;2;251;217;113m▄[38;2;210;173;86;48;2;216;183;100m▄[38;2;235;154;92;48;2;235;151;88m▄[38;2;233;155;92;48;2;205;137;81m▄[38;2;235;158;98;48;2;191;183;176m▄[38;2;234;156;94;48;2;203;189;179m▄[38;2;233;152;90;48;2;195;179;166m▄[38;2;233;151;89;48;2;184;170;159m▄[38;2;233;153;91;48;2;204;137;83m▄[38;2;234;155;93;48;2;231;151;88m▄[38;2;230;154;93;48;2;192;130;81m▄[38;2;190;122;69;48;2;197;169;146m▄[38;2;232;152;87;48;2;193;162;138m▄[0m[38;2;97;74;55m▄          [0m
 [38;2;0;0;0m   [0m [38;2;202;133;78;48;2;159;111;74m▄[38;2;166;110;63;48;2;205;133;77m▄[38;2;235;156;93;48;2;192;132;74m▄[38;2;235;154;91;48;2;235;155;92m▄[38;2;235;155;93;48;2;235;156;94m▄[48;2;234;154;93m▄[48;2;233;154;93m▄[38;2;235;156;94;48;2;234;154;93m▄[38;2;235;156;93m▄[38;2;219;144;85;48;2;234;153;92m▄[38;2;202;131;73;48;2;234;153;91m▄[38;2;198;128;71;48;2;234;155;93m▄[38;2;191;127;74;48;2;196;132;76m▄[38;2;234;161;100;48;2;234;158;93m▄[38;2;76;57;42;48;2;70;55;45m▄[0m[38;2;76;57;42m          [0m
 [38;2;0;0;0m   [0m [38;2;90;67;49;48;2;205;132;78m▄[38;2;182;120;71;48;2;199;131;77m▄[38;2;216;145;87;48;2;235;157;95m▄[38;2;235;157;97;48;2;235;155;93m▄[38;2;223;150;93m▄[38;2;232;153;92;48;2;236;156;94m▄[38;2;237;156;94;48;2;236;155;93m▄[38;2;236;156;94;48;2;235;155;93m▄[38;2;236;155;92;48;2;236;156;93m▄[38;2;235;155;92;48;2;235;156;94m▄[38;2;233;154;90;48;2;229;151;89m▄[38;2;233;154;91;48;2;228;151;89m▄[38;2;234;154;93;48;2;232;151;89m▄[38;2;234;155;93;48;2;232;152;90m▄[38;2;232;153;89;48;2;153;108;72m▄[0m [38;2;47;38;31m         [0m
 [38;2;0;0;0m     [7m[38;2;77;57;40m▄[0m[38;2;235;155;93;48;2;234;154;92m▄[38;2;234;157;94;48;2;235;156;94m▄[38;2;220;147;87;48;2;198;133;80m▄[38;2;66;45;28;48;2;180;129;88m▄[38;2;38;37;38;48;2;193;174;159m▄[38;2;102;102;102;48;2;196;165;138m▄[38;2;114;114;114;48;2;189;144;108m▄[38;2;152;153;152;48;2;187;130;85m▄[38;2;138;139;139;48;2;177;114;64m▄[38;2;154;144;137;48;2;178;114;64m▄[38;2;145;142;138;48;2;178;122;77m▄[0m[7m[38;2;167;121;85m▄[38;2;105;78;56m▄[0m [38;2;0;0;0m         [0m
 [38;2;0;0;0m     [0m [38;2;235;158;97;48;2;235;151;89m▄[38;2;235;156;94;48;2;234;155;92m▄[38;2;235;155;93;48;2;235;158;96m▄[38;2;234;153;90;48;2;189;126;76m▄[38;2;225;144;84;48;2;129;48;31m▄[38;2;181;108;62;48;2;114;34;26m▄[38;2;169;89;54;48;2;92;29;22m▄[38;2;140;70;42;48;2;34;11;9m▄[38;2;61;41;22;48;2;4;4;2m▄[38;2;125;83;48;48;2;141;96;59m▄[38;2;212;139;81;48;2;96;76;58m▄[0m [38;2;59;48;40m           [0m
 [38;2;0;0;0m    [0m [38;2;108;4;14;48;2;78;17;18m▄[38;2;146;77;47;48;2;231;152;94m▄[38;2;224;149;89;48;2;235;154;92m▄[38;2;235;155;92;48;2;234;155;92m▄[48;2;234;154;91m [38;2;235;154;93;48;2;233;153;91m▄[38;2;234;154;93m▄[38;2;234;155;93;48;2;235;157;96m▄[38;2;233;154;92;48;2;233;156;95m▄[38;2;233;153;92;48;2;230;150;88m▄[38;2;234;156;94;48;2;233;154;91m▄[38;2;150;103;68;48;2;184;126;77m▄[0m [38;2;16;12;12m           [0m
   [38;2;74;59;21m▄[38;2;112;86;22m▄[38;2;109;82;15m▄[38;2;95;15;11;48;2;105;2;14m▄[38;2;115;3;14;48;2;117;3;14m▄[38;2;118;2;15;48;2;107;12;15m▄[38;2;116;2;15;48;2;134;63;41m▄[38;2;117;3;15;48;2;182;113;66m▄[38;2;107;7;14;48;2;228;150;89m▄[38;2;115;35;26;48;2;236;156;93m▄[38;2;150;82;52;48;2;235;155;93m▄[38;2;234;153;90;48;2;235;156;94m▄[38;2;235;157;94;48;2;234;155;93m▄[38;2;133;55;38;48;2;235;157;94m▄[38;2;110;5;16;48;2;144;75;47m▄[38;2;101;41;20;48;2;84;28;32m▄[0m[38;2;93;76;27m▄[0m  [38;2;16;16;15m [0m     [38;2;19;19;18m  [0m
[38;2;159;116;5;48;2;77;60;19m▄[38;2;169;123;2;48;2;163;121;17m▄[38;2;163;116;2;48;2;187;136;4m▄[38;2;135;75;4;48;2;182;133;2m▄[38;2;114;43;9;48;2;186;136;2m▄[38;2;101;14;10;48;2;190;140;2m▄[38;2;110;5;14;48;2;133;87;3m▄[38;2;97;3;12;48;2;116;3;15m▄[38;2;94;2;10m▄[38;2;108;2;12;48;2;117;2;15m▄[38;2;120;2;14;48;2;119;3;15m▄[38;2;116;2;15;48;2;118;3;15m▄[38;2;116;2;14;48;2;113;3;14m▄[38;2;118;3;14;48;2;106;3;14m▄[38;2;117;31;25;48;2;187;117;71m▄[38;2;119;34;28;48;2;183;114;69m▄[38;2;113;2;15;48;2;113;4;16m▄[38;2;101;2;12;48;2;112;3;15m▄[38;2;96;5;11;48;2;127;68;6m▄[38;2;107;17;10;48;2;193;143;3m▄[38;2;120;46;8;48;2;197;145;4m▄[38;2;121;68;7;48;2;169;127;8m▄[38;2;139;99;5;48;2;111;90;30m▄[38;2;149;108;4;48;2;142;103;16m▄[38;2;189;137;4;48;2;175;125;3m▄[38;2;189;136;5;48;2;186;133;4m▄[38;2;190;137;5;48;2;197;142;4m▄[38;2;189;137;6;48;2;176;130;11m▄[0m[38;2;67;52;18m▄ [0m
[38;2;186;135;3;48;2;188;138;3m▄[38;2;178;129;3;48;2;117;72;4m▄[38;2;111;6;12;48;2;108;3;12m▄[38;2;116;2;14;48;2;122;2;14m▄[38;2;116;1;14;48;2;118;2;14m▄[48;2;116;2;15m [48;2;116;3;15m [48;2;115;3;15m [38;2;116;3;15;48;2;116;2;15m▄[38;2;115;3;16;48;2;105;3;14m▄[48;2;93;2;11m▄[38;2;116;3;16;48;2;94;2;11m▄[38;2;119;3;16;48;2;97;2;11m▄[38;2;120;3;15;48;2;96;2;10m▄[38;2;117;2;15;48;2;89;2;10m▄[38;2;116;3;16;48;2;91;2;10m▄[38;2;117;3;15;48;2;100;2;11m▄[38;2;116;3;15;48;2;114;2;15m▄[38;2;115;3;15;48;2;116;3;16m▄[38;2;114;3;15;48;2;114;4;15m▄[38;2;114;3;16;48;2;114;4;16m▄[38;2;115;3;15;48;2;110;3;15m▄[48;2;109;4;14m▄[38;2;118;3;15;48;2;102;26;10m▄[38;2;153;101;3;48;2;193;140;4m▄[38;2;187;135;6;48;2;190;138;5m▄[38;2;186;136;6;48;2;187;136;5m▄[38;2;185;135;7;48;2;183;134;6m▄[38;2;68;55;20;48;2;66;49;7m▄[0m[38;2;68;55;20m [0m
[38;2;137;82;6;48;2;189;138;3m▄[38;2;190;141;2;48;2;193;143;3m▄[38;2;143;91;4;48;2;122;50;7m▄[38;2;116;2;15;48;2;117;2;14m▄[38;2;115;2;15;48;2;116;2;14m▄[48;2;116;2;15m [48;2;116;3;15m  [48;2;115;3;15m [48;2;116;3;15m  [38;2;116;3;15;48;2;117;3;16m▄[48;2;116;3;15m [48;2;115;3;15m▄[48;2;116;3;15m [48;2;117;3;15m▄[48;2;116;3;15m [48;2;115;3;15m▄[48;2;115;2;15m▄[48;2;115;3;15m ▄[48;2;116;3;15m [38;2;116;4;16m▄[38;2;114;4;17;48;2;116;3;16m▄[38;2;103;32;11;48;2;122;59;7m▄[38;2;184;135;6;48;2;186;135;5m▄[38;2;188;139;5;48;2;185;136;6m▄[38;2;172;125;5;48;2;182;134;6m▄[0m[38;2;53;17;18m▄ [0m
[38;2;111;3;15;48;2;103;18;11m▄[38;2;138;92;3;48;2;183;135;1m▄[38;2;183;136;3;48;2;157;115;2m▄[38;2;102;3;11;48;2;111;3;14m▄[48;2;116;2;14m [48;2;116;2;15m [38;2;117;3;15;48;2;116;3;15m▄▄  [38;2;116;3;14m▄▄▄▄       [38;2;116;4;16m▄[38;2;116;3;15;48;2;116;3;16m▄[38;2;116;3;16;48;2;115;4;17m▄[38;2;102;6;13;48;2;101;14;12m▄[38;2;185;135;4;48;2;187;137;5m▄[38;2;182;136;3;48;2;187;139;4m▄[38;2;108;31;9;48;2;140;87;6m▄[38;2;118;3;15;48;2;111;10;19m▄[0m [0m
[?25h