[?25l[0m [7m[38;2;27;31;33m▄[38;2;103;125;136m▄[38;2;106;127;138m▄[38;2;84;98;104m▄[38;2;128;148;158m▄[38;2;83;98;105m▄[38;2;122;143;154m▄[38;2;127;146;156m▄▄[38;2;126;146;156m▄[38;2;127;147;157m▄[38;2;128;148;157m▄[38;2;129;149;158m▄[38;2;129;148;158m▄[38;2;127;147;157m▄[38;2;127;147;158m▄[38;2;126;146;156m▄▄[38;2;128;147;157m▄▄[38;2;126;146;156m▄[38;2;125;146;156m▄[38;2;130;149;158m▄[38;2;90;103;109m▄[38;2;75;86;92m▄[0m [38;2;0;0;0m   [0m
 [38;2;0;0;0m            [0m [38;2;38;33;26m▄[38;2;121;102;65m▄[38;2;168;136;73m▄[38;2;183;148;78m▄[38;2;170;140;79m▄[38;2;72;64;48m▄          [0m
 [38;2;0;0;0m     [0m [38;2;65;56;39m▄[38;2;125;105;68m▄[38;2;148;122;72m▄[38;2;184;151;85m▄[38;2;226;185;100m▄[38;2;239;194;106;48;2;96;82;54m▄[38;2;240;195;106;48;2;176;145;82m▄[48;2;234;190;101m▄[38;2;240;195;107;48;2;240;195;106m▄[38;2;241;196;108;48;2;240;194;105m▄[48;2;240;195;106m▄[48;2;241;196;108m [38;2;204;167;92;48;2;186;150;78m▄[0m [38;2;26;26;26m         [0m
 [38;2;0;0;0m  [0m [38;2;51;51;50m▄[38;2;125;104;64;48;2;54;50;43m▄[38;2;239;191;102;48;2;179;144;78m▄[38;2;224;177;91;48;2;238;190;100m▄[38;2;159;125;68;48;2;241;194;108m▄[38;2;163;123;65;48;2;240;193;104m▄[38;2;153;112;60;48;2;240;194;106m▄[38;2;160;116;63;48;2;241;197;110m▄[38;2;158;114;62;48;2;242;196;105m▄[38;2;164;117;65;48;2;242;197;106m▄[38;2;167;118;67;48;2;234;190;103m▄[38;2;184;131;74;48;2;206;167;91m▄[38;2;214;152;88;48;2;183;151;85m▄[38;2;196;139;80;48;2;196;159;88m▄[38;2;121;95;55;48;2;241;195;105m▄[0m[7m[38;2;139;117;71m▄[0m [38;2;0;0;0m         [0m
 [38;2;0;0;0m  [0m [38;2;175;144;85;48;2;58;52;40m▄[38;2;239;193;106;48;2;191;155;85m▄[38;2;237;194;109;48;2;217;175;97m▄[38;2;169;123;67;48;2;158;113;60m▄[38;2;233;163;92;48;2;229;160;89m▄[38;2;232;162;90;48;2;231;160;87m▄[48;2;231;159;88m▄[48;2;232;161;90m▄[38;2;232;162;91;48;2;232;162;90m▄[38;2;232;163;92;48;2;232;163;91m▄[48;2;233;164;93m [38;2;233;164;94;48;2;233;165;94m▄[48;2;233;165;95m▄[48;2;232;163;93m▄[38;2;223;160;93;48;2;170;119;68m▄[0m [38;2;33;30;27m          [0m
 [38;2;0;0;0m  [0m [38;2;237;194;107;48;2;227;185;102m▄[38;2;239;195;109;48;2;238;193;108m▄[38;2;239;195;111;48;2;239;193;108m▄[38;2;153;112;60;48;2;158;119;63m▄[38;2;233;162;89;48;2;233;164;91m▄[38;2;234;165;94;48;2;233;163;91m▄[38;2;233;164;92m▄[38;2;233;163;92;48;2;232;162;91m▄▄[38;2;232;162;92;48;2;233;163;92m▄[38;2;233;163;94;48;2;233;164;93m▄[38;2;234;165;96;48;2;233;164;94m▄[38;2;234;166;96m▄[38;2;233;164;95m▄[38;2;233;160;87;48;2;232;166;96m▄[38;2;217;147;78;48;2;81;62;43m▄[0m[38;2;50;43;37m▄         [0m
 [38;2;0;0;0m  [0m [38;2;195;157;84;48;2;233;192;110m▄[38;2;240;194;106;48;2;240;195;108m▄[38;2;239;194;108;48;2;239;192;105m▄[38;2;180;146;80;48;2;153;117;62m▄[38;2;226;161;92;48;2;235;168;98m▄[38;2;233;164;91;48;2;235;166;94m▄[38;2;180;157;133;48;2;223;156;86m▄[38;2;250;250;250;48;2;179;142;104m▄[38;2;191;191;191;48;2;178;156;135m▄[38;2;233;233;234;48;2;182;158;134m▄[38;2;211;211;210;48;2;190;144;98m▄[38;2;206;143;80;48;2;235;169;99m▄[38;2;231;159;87;48;2;234;168;100m▄[38;2;171;158;145;48;2;178;143;109m▄[38;2;230;230;230;48;2;188;177;168m▄[38;2;191;191;191;48;2;180;170;161m▄[38;2;129;129;129;48;2;47;43;41m▄[0m[38;2;129;129;129m         [0m
 [38;2;0;0;0m  [0m [38;2;55;50;38;48;2;127;102;58m▄[38;2;166;130;74;48;2;240;194;107m▄[38;2;166;128;68;48;2;240;194;109m▄[38;2;146;109;59;48;2;175;140;77m▄[38;2;233;162;93;48;2;224;155;87m▄[38;2;233;162;92;48;2;233;165;95m▄[38;2;223;153;84;48;2;177;152;125m▄[38;2;175;133;92;48;2;247;247;247m▄[38;2;190;161;133;48;2;235;235;235m▄[38;2;179;143;109;48;2;248;248;248m▄[38;2;204;141;79;48;2;185;176;168m▄[38;2;232;162;93;48;2;223;156;89m▄[38;2;233;164;94;48;2;233;162;91m▄[38;2;227;161;95;48;2;179;133;86m▄[38;2;132;89;48;48;2;230;231;231m▄[38;2;208;141;78;48;2;203;201;199m▄[38;2;100;74;50;48;2;57;54;53m▄[0m[38;2;100;74;50m         [0m
 [38;2;0;0;0m   [38;2;111;85;58;48;2;70;57;42m▄[38;2;165;114;63;48;2;181;126;72m▄[38;2;198;136;76;48;2;187;126;70m▄[38;2;231;159;89;48;2;194;134;76m▄[48;2;232;160;90m [38;2;232;161;91;48;2;231;160;90m▄[38;2;233;162;92;48;2;231;160;91m▄[38;2;232;161;92;48;2;231;161;93m▄[38;2;232;162;92;48;2;231;163;95m▄[38;2;232;162;93;48;2;230;161;93m▄[38;2;233;163;94;48;2;231;160;91m▄[48;2;232;162;92m [38;2;230;160;90m▄[38;2;231;159;88;48;2;232;162;94m▄[38;2;170;117;65;48;2;176;122;69m▄[38;2;233;167;98;48;2;229;159;89m▄[38;2;107;85;64;48;2;107;79;54m▄[0m[38;2;107;85;64m         [0m
 [38;2;0;0;0m   [7m[38;2;71;55;41m▄[0m[38;2;115;86;55;48;2;197;133;71m▄[38;2;161;111;60;48;2;220;149;82m▄[38;2;224;158;92;48;2;232;162;92m▄[38;2;233;163;93m▄[48;2;232;161;92m [38;2;232;162;92;48;2;233;162;92m▄[38;2;233;163;93;48;2;232;162;92m▄▄[38;2;233;164;95;48;2;233;163;94m▄[38;2;234;165;96;48;2;233;163;93m▄[38;2;233;165;96;48;2;217;151;86m▄[38;2;233;163;94;48;2;174;121;67m▄[38;2;233;162;93;48;2;168;116;63m▄[38;2;232;161;92;48;2;200;136;74m▄[38;2;233;162;92;48;2;233;164;95m▄[38;2;231;160;89;48;2;166;121;74m▄[0m[38;2;80;61;45m▄        [0m
 [38;2;0;0;0m    [0m [38;2;126;92;56;48;2;142;104;64m▄[38;2;232;161;91;48;2;234;165;96m▄[38;2;233;163;93;48;2;234;164;94m▄[38;2;234;166;96;48;2;233;163;94m▄[38;2;180;128;73;48;2;198;137;79m▄[38;2;156;117;78;48;2;230;163;93m▄[38;2;185;182;178;48;2;233;168;101m▄[38;2;148;140;133;48;2;238;169;99m▄[38;2;174;157;139;48;2;234;163;92m▄[38;2;154;127;99;48;2;234;164;94m▄[38;2;173;142;110;48;2;234;166;98m▄[38;2;164;132;100;48;2;234;165;96m▄[38;2;132;104;75;48;2;235;166;97m▄[38;2;92;74;54;48;2;236;166;97m▄[0m[7m[38;2;224;156;87m▄[38;2;97;76;57m▄[0m[38;2;9;9;9m        [0m
 [38;2;0;0;0m     [38;2;122;94;66;48;2;122;91;60m▄[38;2;233;164;95;48;2;231;160;89m▄[38;2;233;164;93;48;2;233;163;92m▄[38;2;233;163;93;48;2;235;167;97m▄[48;2;206;148;87m▄[38;2;222;153;85;48;2;133;105;77m▄[38;2;159;124;89;48;2;239;239;239m▄[38;2;158;148;138;48;2;192;192;193m▄[38;2;169;169;168;48;2;227;228;228m▄[38;2;221;221;221;48;2;206;206;206m▄[38;2;190;190;190;48;2;212;212;212m▄[38;2;197;197;196;48;2;223;223;223m▄[0m[38;2;66;55;43m▄[0m [38;2;2;2;2m          [0m
 [38;2;0;0;0m    [38;2;60;26;30m▄[38;2;106;58;34;48;2;114;86;60m▄[38;2;231;160;90;48;2;232;163;94m▄[38;2;231;161;90;48;2;232;162;91m▄ [38;2;231;161;91;48;2;232;162;92m▄[38;2;231;161;90;48;2;231;160;90m▄[38;2;231;161;91;48;2;230;158;88m▄[38;2;231;162;91;48;2;231;163;96m▄[38;2;230;160;90;48;2;203;143;84m▄[38;2;230;158;89;48;2;180;124;72m▄[38;2;231;160;90;48;2;176;120;67m▄[38;2;194;136;78;48;2;193;131;71m▄[0m[7m[38;2;161;115;69m▄[0m [38;2;0;0;0m          [0m
 [38;2;0;0;0m    [38;2;50;16;19;48;2;67;28;32m▄[38;2;98;6;16;48;2;90;6;14m▄[38;2;103;8;17;48;2;109;56;34m▄[38;2;91;8;16;48;2;192;132;75m▄[38;2;90;31;23;48;2;232;161;91m▄[38;2;135;79;45;48;2;231;160;91m▄[38;2;175;119;65;48;2;232;161;91m▄[38;2;215;148;82;48;2;233;162;92m▄[38;2;229;157;87;48;2;231;161;91m▄[38;2;232;161;91;48;2;231;160;90m▄[38;2;233;163;94;48;2;231;159;89m▄[38;2;224;154;87m▄[38;2;103;59;34;48;2;145;95;54m▄[38;2;74;8;12;48;2;63;26;29m▄[0m [38;2;18;19;19m          [0m
  [38;2;64;53;28m▄[38;2;115;90;31m▄[38;2;149;111;18m▄[38;2;159;120;20;48;2;44;17;19m▄[38;2;86;30;10;48;2;102;6;16m▄[38;2;107;8;18;48;2;105;8;18m▄[38;2;103;8;18;48;2;103;9;18m▄[38;2;103;7;17;48;2;103;8;18m▄[38;2;105;7;16;48;2;108;7;18m▄[38;2;104;7;17;48;2;103;9;17m▄[38;2;101;7;17;48;2;78;7;13m▄[38;2;103;8;17;48;2;78;28;20m▄[38;2;139;86;49;48;2;218;149;82m▄[38;2;169;115;62;48;2;229;161;91m▄[38;2;88;5;14;48;2;92;31;22m▄[38;2;100;7;16;48;2;97;7;16m▄[38;2;83;17;12;48;2;73;6;13m▄[0m[38;2;164;122;18m▄[38;2;138;106;21m▄[38;2;118;95;39m▄[38;2;72;59;27m▄[38;2;43;37;26m▄[38;2;121;92;26m▄[38;2;136;99;15m▄[38;2;159;118;18m▄[38;2;158;117;17m▄[38;2;121;92;22m▄[0m [0m
[38;2;184;136;19;48;2;112;85;24m▄[38;2;127;91;11;48;2;131;94;14m▄[38;2;144;107;13;48;2;189;138;19m▄[38;2;113;71;11;48;2;183;135;19m▄[38;2;88;27;11;48;2;180;134;20m▄[38;2;86;6;13;48;2;158;119;17m▄[38;2;103;8;17;48;2;102;61;11m▄[38;2;102;7;17;48;2;71;5;10m▄[38;2;80;5;11;48;2;101;6;15m▄[38;2;73;4;10;48;2;107;6;17m▄[38;2;71;4;10;48;2;103;7;16m▄[38;2;84;5;12;48;2;101;7;17m▄[38;2;102;6;15;48;2;103;7;17m▄[38;2;105;7;16;48;2;106;8;17m▄[38;2;95;5;15;48;2;81;14;16m▄[38;2;92;6;15;48;2;89;38;26m▄[38;2;86;5;12;48;2;98;6;16m▄[38;2;76;4;10;48;2;108;6;16m▄[38;2;92;5;14;48;2;84;23;11m▄[38;2;92;7;14;48;2;134;98;14m▄[38;2;79;6;13;48;2;158;117;16m▄[38;2;72;10;11;48;2;180;132;21m▄[38;2;86;28;10;48;2;177;130;21m▄[38;2;104;52;11;48;2;167;123;19m▄[38;2;92;57;7;48;2;127;91;12m▄[38;2;188;138;19;48;2;182;134;19m▄[38;2;182;134;19;48;2;183;134;19m▄[38;2;181;134;19m▄[38;2;180;133;19;48;2;181;133;19m▄[38;2;63;50;20;48;2;67;53;22m▄[0m
[38;2;180;131;19;48;2;186;137;20m▄[38;2;179;132;19;48;2;179;133;19m▄[38;2;117;73;12;48;2;67;19;8m▄[38;2;103;5;15;48;2;98;5;14m▄[38;2;101;6;16;48;2;103;6;15m▄[48;2;103;6;16m [38;2;104;7;17;48;2;103;7;17m▄[48;2;102;7;17m▄[48;2;103;7;16m ▄[38;2;103;7;16;48;2;102;6;16m▄[48;2;93;6;15m▄[38;2;102;6;16;48;2;77;5;12m▄[38;2;101;6;16;48;2;69;4;10m▄[38;2;102;6;16;48;2;70;4;10m▄[38;2;103;6;16;48;2;78;5;12m▄[38;2;102;7;16;48;2;99;6;15m▄[48;2;106;6;16m▄[38;2;102;6;15;48;2;100;6;16m▄[38;2;103;6;16m▄[38;2;103;7;17;48;2;101;6;16m▄[38;2;104;7;17;48;2;103;7;16m▄[48;2;106;7;17m▄▄[38;2;98;7;16;48;2;84;8;12m▄[38;2;123;87;14;48;2;161;118;18m▄[38;2;182;134;19;48;2;182;133;19m▄[38;2;181;133;19;48;2;183;135;19m▄[38;2;146;107;15;48;2;177;131;20m▄[0m[7m[38;2;32;27;18m▄[0m
[38;2;77;33;10;48;2;149;108;16m▄[38;2;184;136;19;48;2;182;135;19m▄[38;2;189;142;20;48;2;155;114;15m▄[38;2;80;13;10;48;2;88;5;13m▄[48;2;104;6;16m [48;2;104;7;17m   [38;2;104;7;17;48;2;103;7;17m▄[48;2;104;7;17m [38;2;103;7;17m▄[48;2;103;7;16m [38;2;103;6;16;48;2;102;6;16m▄ [38;2;102;6;16;48;2;102;6;15m▄[38;2;103;6;16;48;2;102;6;16m▄[38;2;103;7;16;48;2;103;7;17m▄[38;2;104;7;16;48;2;103;6;16m▄[38;2;104;7;17;48;2;103;7;16m▄[38;2;104;7;16;48;2;103;6;16m▄[38;2;104;7;17;48;2;103;7;16m▄[48;2;104;7;17m [38;2;103;7;17m▄[38;2;104;8;17;48;2;103;7;17m▄▄[38;2;88;36;11;48;2;106;61;12m▄[38;2;182;134;19;48;2;181;133;20m▄[38;2;177;128;17;48;2;182;134;19m▄[38;2;65;12;10;48;2;89;69;21m▄[0m [0m
[?25h