[?25l[0m [38;2;0;0;0m                                   [0m
 [38;2;0;0;0m            [0m      [38;2;119;103;67m▄[38;2;168;144;91m▄[38;2;220;187;112m▄[38;2;248;208;120m▄[38;2;250;207;114;48;2;102;91;65m▄[38;2;250;206;114;48;2;99;88;61m▄[0m[38;2;209;179;111m▄[0m [38;2;10;11;11m         [0m
 [38;2;0;0;0m           [0m [38;2;221;183;102;48;2;117;101;68m▄[38;2;251;205;113;48;2;222;185;106m▄[38;2;225;184;105;48;2;246;205;119m▄[38;2;207;161;94;48;2;249;203;110m▄[38;2;203;154;94;48;2;249;202;109m▄[38;2;214;155;95;48;2;249;203;114m▄[38;2;208;149;92;48;2;250;205;113m▄[38;2;210;147;89;48;2;252;207;115m▄[38;2;208;147;90;48;2;251;205;111m▄[38;2;223;163;100;48;2;251;204;110m▄[38;2;221;171;104;48;2;252;207;115m▄[38;2;228;188;106m▄[38;2;123;105;68;48;2;225;187;108m▄[0m [38;2;0;0;0m         [0m
 [38;2;0;0;0m          [0m [38;2;231;193;110;48;2;175;149;96m▄[38;2;251;208;119;48;2;250;205;113m▄[38;2;221;183;102;48;2;214;172;95m▄[38;2;233;161;103;48;2;232;163;104m▄[38;2;245;168;107;48;2;246;168;108m▄[38;2;246;168;107;48;2;246;167;107m▄[38;2;246;168;108;48;2;245;167;107m▄[38;2;246;169;108m▄[38;2;246;169;109;48;2;245;168;108m▄[48;2;246;169;108m [38;2;245;168;107;48;2;246;169;109m▄[48;2;246;168;107m [38;2;193;140;97;48;2;166;124;85m▄[0m [38;2;11;11;11m          [0m
 [38;2;0;0;0m          [0m [38;2;208;174;100;48;2;224;188;106m▄[38;2;251;206;113;48;2;252;209;121m▄[38;2;240;197;107;48;2;190;160;92m▄[38;2;213;147;91;48;2;238;160;99m▄[38;2;247;170;109;48;2;246;168;107m▄[38;2;220;156;105;48;2;247;170;110m▄[38;2;160;122;90m▄[38;2;139;106;77;48;2;246;167;106m▄[38;2;155;115;82;48;2;246;168;108m▄[38;2;208;146;95;48;2;246;169;109m▄[38;2;226;155;99;48;2;247;170;110m▄[38;2;172;129;93;48;2;246;169;108m▄[38;2;141;106;75;48;2;227;156;97m▄[0m[38;2;100;81;63m▄          [0m
 [38;2;0;0;0m          [0m [38;2;111;95;65;48;2;179;152;94m▄[38;2;204;165;96;48;2;252;208;116m▄[38;2;212;170;91;48;2;222;184;104m▄[38;2;246;169;108;48;2;240;165;105m▄[38;2;245;166;106;48;2;246;168;108m▄[38;2;225;156;103;48;2;89;70;53m▄[0m[38;2;140;107;81m▄[38;2;114;86;63m▄[38;2;187;135;95m▄[38;2;244;164;103;48;2;211;143;90m▄[38;2;245;166;107;48;2;237;157;97m▄[0m[38;2;154;114;80m▄[38;2;146;110;83m▄[0m   [38;2;0;0;0m        [0m
 [38;2;0;0;0m          [0m [38;2;220;153;100;48;2;183;132;93m▄[38;2;192;135;88;48;2;198;137;91m▄[38;2;246;168;109;48;2;211;146;92m▄[38;2;245;166;105;48;2;246;168;108m▄[38;2;245;166;106;48;2;246;167;106m▄[48;2;245;166;106m [38;2;245;167;107m▄[38;2;246;168;108;48;2;246;165;105m▄[48;2;246;167;107m▄[38;2;247;168;106;48;2;246;169;108m▄[38;2;247;164;103;48;2;246;168;108m▄[38;2;199;133;82;48;2;195;135;86m▄[38;2;242;171;114;48;2;243;163;103m▄[38;2;100;79;63;48;2;122;97;78m▄[0m[38;2;100;79;63m          [0m
 [38;2;0;0;0m          [0m [7m[38;2;190;135;92m▄[0m[38;2;169;118;77;48;2;230;156;98m▄[38;2;239;163;105;48;2;245;165;103m▄[38;2;247;169;109;48;2;246;166;106m▄[38;2;244;168;111;48;2;246;168;107m▄[38;2;247;168;108;48;2;246;167;107m▄[38;2;246;168;108;48;2;246;167;108m▄[38;2;246;167;106;48;2;246;168;108m▄[38;2;246;168;106;48;2;245;168;107m▄[38;2;246;168;107;48;2;215;149;95m▄[38;2;246;169;109;48;2;200;138;87m▄[38;2;246;168;109;48;2;208;142;88m▄[38;2;245;166;106;48;2;245;171;113m▄[38;2;209;144;94;48;2;119;90;67m▄[0m [38;2;29;30;31m         [0m
 [38;2;0;0;0m           [0m [38;2;196;139;93;48;2;195;134;86m▄[38;2;246;167;107;48;2;245;166;105m▄[38;2;245;167;108;48;2;247;170;112m▄[38;2;231;156;100;48;2;203;142;94m▄[38;2;139;103;76;48;2;166;120;86m▄[0m[7m[38;2;109;88;72m▄[38;2;134;102;75m▄[38;2;182;135;95m▄[38;2;196;142;98m▄[38;2;205;146;95m▄[38;2;208;150;101m▄[38;2;199;142;97m▄[38;2;149;111;81m▄[0m [38;2;0;0;0m         [0m
 [38;2;0;0;0m          [0m [38;2;62;36;39m▄[38;2;194;134;87;48;2;199;143;97m▄[38;2;245;166;107;48;2;246;169;109m▄[48;2;245;166;107m [38;2;245;167;107;48;2;245;167;108m▄[38;2;245;166;106;48;2;245;169;111m▄[38;2;244;166;105;48;2;203;142;97m▄[38;2;244;166;106;48;2;134;99;72m▄[38;2;245;167;107;48;2;91;73;59m▄[0m[38;2;245;172;113m▄[38;2;245;171;112;48;2;73;61;52m▄[38;2;219;149;95;48;2;106;82;63m▄[38;2;96;83;72;48;2;95;75;58m▄[0m[38;2;96;83;72m           [0m
 [38;2;0;0;0m          [0m [38;2;76;18;25;48;2;82;20;26m▄[38;2;98;11;19;48;2;175;116;74m▄[38;2;154;82;57;48;2;246;168;109m▄[38;2;224;152;97;48;2;246;167;107m▄[38;2;246;167;108;48;2;245;167;107m▄[48;2;245;166;106m [38;2;245;165;105m▄[38;2;244;166;105m▄[38;2;245;167;106m▄[38;2;245;167;107;48;2;244;166;106m▄[38;2;245;167;108;48;2;245;169;109m▄[38;2;134;76;53;48;2;164;126;95m▄[0m [38;2;45;27;29m           [0m
 [38;2;0;0;0m  [0m     [38;2;99;82;38m▄[38;2;153;123;41m▄[38;2;172;135;29m▄[38;2;190;147;26m▄[38;2;157;112;19;48;2;88;29;35m▄[38;2;104;10;18;48;2;104;8;19m▄[38;2;103;8;19m▄[38;2;106;9;20;48;2;97;14;20m▄[38;2;108;9;20;48;2;136;58;45m▄[38;2;104;9;21;48;2;174;104;68m▄[38;2;101;9;19;48;2;206;138;86m▄[38;2;99;21;23;48;2;241;164;104m▄[38;2;217;146;92;48;2;245;167;107m▄[38;2;220;148;93m▄[38;2;99;12;19;48;2;206;135;85m▄[38;2;100;7;17;48;2;101;32;28m▄[38;2;132;101;22;48;2;111;91;92m▄[0m[38;2;148;119;39m▄[38;2;102;84;38m▄[0m      [38;2;3;3;3m   [0m
  [38;2;93;78;34;48;2;61;54;33m▄[38;2;104;79;6;48;2;138;109;27m▄[38;2;133;98;12;48;2;168;129;26m▄[38;2;199;152;23;48;2;162;129;38m▄[38;2;197;150;25;48;2;145;115;36m▄[38;2;193;148;26;48;2;198;151;27m▄[38;2;139;84;16;48;2;199;152;25m▄[38;2;105;37;16;48;2;195;150;25m▄[38;2;95;9;18;48;2;185;142;22m▄[38;2;107;9;20;48;2;152;105;17m▄[38;2;104;8;20;48;2;140;79;16m▄[38;2;101;8;20;48;2;89;16;14m▄[38;2;100;8;19;48;2;95;7;16m▄[38;2;90;7;16;48;2;110;8;20m▄[38;2;86;5;14;48;2;105;8;20m▄[38;2;89;6;14;48;2;105;8;19m▄[38;2;101;7;17;48;2;106;8;19m▄[38;2;104;7;17m▄[38;2;91;7;16;48;2;134;67;48m▄[38;2;92;7;15;48;2;140;75;52m▄[38;2;97;8;17;48;2;99;7;18m▄[38;2;105;10;21;48;2;86;9;17m▄[38;2;101;9;19;48;2;165;127;17m▄[38;2;95;16;16;48;2;199;154;24m▄[38;2;108;43;14;48;2;200;152;24m▄[38;2;129;74;15;48;2;189;143;21m▄[38;2;154;107;16;48;2;153;121;32m▄[38;2;192;146;23;48;2;176;135;27m▄[38;2;202;153;24;48;2;191;146;23m▄[38;2;201;153;24;48;2;178;137;23m▄[38;2;167;130;23;48;2;120;97;38m▄[0m [38;2;5;5;5m  [0m
  [38;2;58;31;35;48;2;88;74;36m▄[38;2;100;9;20;48;2;93;28;14m▄[38;2;102;9;20;48;2;100;9;18m▄[38;2;97;12;19;48;2;134;88;18m▄[38;2;172;126;19;48;2;200;152;24m▄[38;2;199;152;21;48;2;198;151;23m▄[38;2;152;107;17;48;2;114;53;16m▄[38;2;105;8;20;48;2;108;9;20m▄[38;2;104;8;20;48;2;105;8;20m▄▄[38;2;105;9;20;48;2;104;8;20m▄[38;2;104;9;20;48;2;105;8;20m▄[48;2;105;9;20m▄[38;2;105;9;20;48;2;103;9;20m▄[48;2;104;8;20m▄[48;2;105;8;20m▄[38;2;104;9;20;48;2;97;7;17m▄[38;2;105;9;20;48;2;91;6;15m▄[48;2;88;6;15m▄[48;2;95;7;17m▄[48;2;106;9;20m▄[38;2;105;9;21;48;2;104;9;20m▄[48;2;104;9;21m [38;2;104;9;21;48;2;103;9;20m▄[38;2;106;9;21;48;2;103;9;21m▄[38;2;106;10;21;48;2;106;9;21m▄[38;2;107;9;21;48;2;109;9;20m▄[38;2;109;43;17;48;2;133;79;17m▄[38;2;197;150;24;48;2;199;151;24m▄[38;2;202;155;24;48;2;201;153;24m▄[38;2;132;107;37;48;2;166;130;32m▄[0m [38;2;0;0;0m  [0m
  [38;2;75;40;22;48;2;94;59;56m▄[38;2;124;49;14;48;2;104;16;20m▄[38;2;104;10;21;48;2;106;10;21m▄[38;2;104;9;20;48;2;107;9;21m▄[38;2;99;9;19;48;2;113;46;16m▄[38;2;158;115;17;48;2;201;153;20m▄[38;2;195;151;21;48;2;178;137;18m▄[38;2;92;11;16;48;2;95;7;18m▄[38;2;105;8;20;48;2;104;8;20m▄[48;2;105;9;20m  [38;2;105;9;20;48;2;104;9;20m▄   ▄[48;2;105;9;21m▄[48;2;105;9;20m    [38;2;106;10;21;48;2;105;10;21m▄[38;2;105;9;21;48;2;105;9;20m▄[38;2;105;10;21;48;2;105;9;21m▄[48;2;106;10;21m [48;2;105;9;21m [38;2;102;9;21;48;2;104;9;21m▄[38;2;86;14;15;48;2;92;22;16m▄[38;2;205;156;24;48;2;200;153;24m▄[38;2;167;124;17;48;2;201;155;23m▄[38;2;89;7;16;48;2;83;49;25m▄[0m [38;2;27;22;23m  [0m
  [38;2;100;67;49;48;2;79;42;22m▄[38;2;125;50;15;48;2;131;55;14m▄[38;2;104;10;20;48;2;104;12;21m▄[38;2;104;9;21;48;2;102;10;20m▄[38;2;107;10;21;48;2;102;10;21m▄[38;2;100;18;18;48;2;120;61;16m▄[38;2;182;140;18;48;2;202;156;22m▄[38;2;95;8;18;48;2;91;12;16m▄[38;2;106;8;20;48;2;105;8;20m▄[38;2;106;9;21;48;2;105;9;21m▄[38;2;106;9;20m▄[38;2;106;9;21;48;2;105;9;20m▄ [38;2;105;9;20;48;2;104;9;20m▄▄[48;2;105;9;20m [38;2;106;9;21m▄[48;2;106;9;20m▄ [38;2;107;9;21m▄[38;2;107;10;21;48;2;106;9;21m▄[38;2;107;10;22;48;2;106;10;21m▄  [38;2;106;10;21;48;2;105;10;21m▄▄[48;2;106;10;21m [38;2;93;18;16;48;2;91;13;15m▄[38;2;147;102;19;48;2;192;146;23m▄[38;2;99;9;19;48;2;112;46;16m▄[38;2;109;9;20;48;2;102;8;18m▄[38;2;87;31;37;48;2;55;24;28m▄[0m [38;2;0;0;0m [0m
  [7m[38;2;106;73;54m▄[38;2;117;35;19m▄[38;2;105;10;21m▄[0m[38;2;81;39;44;48;2;108;9;21m▄[38;2;83;42;46;48;2;108;10;21m▄[38;2;79;40;43;48;2;99;8;19m▄[0m[7m[38;2;116;78;11m▄[0m[38;2;90;46;51;48;2;111;10;21m▄[0m[7m[38;2;108;9;21m▄[38;2;108;9;22m▄[38;2;107;9;21m▄[0m[38;2;61;17;21;48;2;106;10;21m▄[38;2;68;25;30m▄[0m[7m[38;2;106;9;21m▄▄▄[0m[38;2;69;25;29;48;2;107;9;21m▄[38;2;84;42;46;48;2;107;10;21m▄[38;2;76;34;38m▄[0m[7m[38;2;107;9;21m▄▄[38;2;107;10;21m▄[0m[38;2;81;41;45;48;2;108;10;22m▄[0m[7m[38;2;107;10;21m▄▄[38;2;108;10;21m▄[0m[38;2;81;40;44;48;2;108;10;20m▄[38;2;63;26;29;48;2;85;14;14m▄[38;2;73;31;35;48;2;100;19;17m▄[38;2;92;51;55;48;2;109;10;21m▄[0m[7m[38;2;109;10;21m▄[0m[38;2;59;24;27;48;2;94;24;32m▄[0m [38;2;10;10;10m [0m
 [38;2;0;0;0m                                   [0m
[?25h