[?25l[0m [38;2;0;0;0m           [0m     [38;2;103;88;58m▄[38;2;167;144;92m▄[38;2;217;184;108m▄[38;2;250;210;121m▄[38;2;249;206;112m▄[38;2;250;207;116m▄[38;2;177;153;100m▄[0m [38;2;4;4;4m     [0m
 [38;2;0;0;0m        [38;2;88;74;44m▄[38;2;250;205;110;48;2;111;94;58m▄[38;2;251;206;115;48;2;192;164;105m▄[38;2;250;205;117;48;2;202;168;97m▄[38;2;230;188;103;48;2;215;174;92m▄[38;2;198;161;91;48;2;237;191;102m▄[38;2;209;167;98;48;2;249;205;115m▄[38;2;199;157;91;48;2;251;205;112m▄[38;2;205;160;93;48;2;251;207;114m▄[38;2;204;157;89;48;2;252;207;115m▄[38;2;207;162;91;48;2;251;205;111m▄[38;2;223;179;100;48;2;251;206;114m▄[38;2;232;193;111;48;2;252;208;114m▄[38;2;252;206;113;48;2;252;207;115m▄[38;2;150;126;76;48;2;226;190;113m▄[0m [38;2;0;0;0m     [0m
 [38;2;0;0;0m       [38;2;133;114;74m▄[38;2;250;207;118;48;2;184;152;87m▄[38;2;249;204;112;48;2;250;204;112m▄[38;2;205;155;91;48;2;222;178;99m▄[38;2;245;170;109;48;2;202;151;93m▄[38;2;245;167;107;48;2;212;147;93m▄[48;2;245;170;110m▄[48;2;246;168;107m▄[38;2;245;168;107;48;2;245;168;106m▄[38;2;245;168;108;48;2;245;166;104m▄[38;2;246;169;109;48;2;245;165;104m▄[48;2;246;170;108m▄[38;2;245;168;107;48;2;247;172;111m▄[38;2;245;166;105;48;2;224;159;101m▄[38;2;115;87;64;48;2;178;147;89m▄[0m [38;2;0;0;0m      [0m
 [38;2;0;0;0m       [38;2;163;139;86;48;2;180;153;94m▄[38;2;251;209;119;48;2;251;208;118m▄[38;2;242;202;118;48;2;251;208;120m▄[38;2;183;140;82;48;2;196;153;87m▄[38;2;246;165;103;48;2;245;168;107m▄[38;2;246;169;108;48;2;246;168;107m▄[38;2;247;170;110m▄[48;2;246;168;108m▄[38;2;246;167;107;48;2;246;169;108m▄[48;2;246;169;109m▄ [38;2;246;170;110;48;2;246;168;108m▄[48;2;245;168;107m▄[38;2;246;168;106;48;2;246;170;110m▄[38;2;214;149;93;48;2;159;118;83m▄[0m [38;2;39;33;29m      [0m
 [38;2;0;0;0m       [38;2;94;81;48;48;2;143;122;76m▄[38;2;250;206;114;48;2;251;207;113m▄[38;2;252;208;118;48;2;246;202;109m▄[38;2;211;165;96;48;2;203;162;88m▄[38;2;246;167;105;48;2;246;170;108m▄[38;2;243;167;108;48;2;247;170;109m▄[38;2;186;173;163;48;2;226;157;103m▄[38;2;249;249;249;48;2;192;149;111m▄[38;2;238;238;238;48;2;153;115;82m▄[38;2;249;249;250;48;2;188;144;109m▄[38;2;197;162;135;48;2;181;130;86m▄[38;2;243;160;98;48;2;246;170;109m▄[38;2;189;141;104;48;2;210;148;98m▄[38;2;233;233;233;48;2;175;132;94m▄[38;2;242;242;242;48;2;178;136;98m▄[38;2;96;96;96;48;2;76;61;47m▄[0m[38;2;96;96;96m      [0m
 [38;2;0;0;0m       [38;2;73;59;48m▄[38;2;191;133;89;48;2;242;204;119m▄[38;2;179;131;79;48;2;249;205;112m▄[38;2;224;160;98;48;2;214;160;92m▄[38;2;246;168;108;48;2;246;169;108m▄[48;2;245;166;106m [38;2;244;165;106;48;2;209;158;118m▄[38;2;244;167;107;48;2;202;195;189m▄[38;2;237;161;102;48;2;210;211;211m▄[38;2;246;167;105;48;2;197;184;174m▄[38;2;246;167;107;48;2;217;148;96m▄[38;2;246;169;108;48;2;244;163;102m▄[38;2;246;170;111;48;2;228;155;99m▄[38;2;190;129;82;48;2;174;168;163m▄[38;2;245;163;100;48;2;190;180;172m▄[0m [38;2;59;46;38m      [0m
 [38;2;0;0;0m      [0m [38;2;182;128;88;48;2;169;121;86m▄[38;2;189;132;86;48;2;153;110;71m▄[38;2;246;170;110;48;2;212;146;95m▄[38;2;246;166;106;48;2;244;166;106m▄[38;2;245;166;105;48;2;245;166;106m▄ [38;2;245;167;106m▄[48;2;245;167;107m [38;2;246;168;108;48;2;246;166;106m▄[48;2;246;167;107m▄[38;2;228;155;98;48;2;247;169;108m▄[38;2;244;164;100;48;2;246;168;107m▄[38;2;244;163;100;48;2;246;167;107m▄[38;2;181;124;78;48;2;191;132;84m▄[38;2;246;174;117;48;2;245;167;107m▄[0m [38;2;45;35;27m      [0m
 [38;2;0;0;0m       [7m[38;2;95;72;55m▄[0m[38;2;101;77;57;48;2;237;161;101m▄[38;2;215;148;95;48;2;238;159;100m▄[38;2;247;169;108;48;2;246;166;105m▄[38;2;248;170;110;48;2;246;167;107m▄[38;2;243;168;110;48;2;247;168;108m▄[48;2;246;167;108m [38;2;246;168;108m▄[38;2;246;167;107;48;2;246;168;108m▄[38;2;246;168;106;48;2;245;168;107m▄[38;2;246;168;107;48;2;242;167;108m▄[38;2;246;168;108;48;2;202;140;90m▄[38;2;246;169;110;48;2;198;134;84m▄[38;2;245;168;108;48;2;239;163;103m▄[38;2;245;165;105;48;2;245;170;112m▄[38;2;199;137;90;48;2;99;75;55m▄[0m [38;2;12;13;13m     [0m
 [38;2;0;0;0m        [38;2;104;80;60;48;2;102;77;57m▄[38;2;244;167;106;48;2;244;163;100m▄[48;2;246;167;107m [38;2;246;168;109;48;2;247;172;114m▄[38;2;221;149;96;48;2;201;140;92m▄[38;2;190;171;156;48;2;199;151;116m▄[38;2;205;205;205;48;2;170;145;127m▄[38;2;249;248;249;48;2;194;157;127m▄[38;2;202;202;202;48;2;182;133;91m▄[38;2;235;235;235;48;2;206;142;89m▄[38;2;176;175;176;48;2;225;156;99m▄[38;2;212;212;212;48;2;232;165;108m▄[38;2;128;128;128;48;2;229;162;107m▄[0m[7m[38;2;214;146;93m▄[38;2;148;110;80m▄[0m [38;2;0;0;0m     [0m
 [38;2;0;0;0m       [0m [38;2;114;86;63;48;2;106;81;60m▄[38;2;245;170;112;48;2;245;169;110m▄[38;2;245;167;107;48;2;246;167;108m▄[48;2;245;166;107m▄[38;2;245;167;108;48;2;244;166;108m▄[38;2;244;166;107;48;2;231;162;109m▄[38;2;244;164;105;48;2;183;148;122m▄[38;2;244;165;105;48;2;198;190;184m▄[38;2;212;143;90;48;2;186;186;186m▄[38;2;193;138;93;48;2;244;244;244m▄[38;2;190;140;98;48;2;200;200;200m▄[38;2;192;135;89;48;2;243;242;243m▄[38;2;224;149;92;48;2;144;132;122m▄[0m [38;2;54;44;35m       [0m
 [38;2;0;0;0m       [38;2;56;18;22;48;2;38;15;17m▄[38;2;99;32;27;48;2;126;64;45m▄[38;2;214;147;95;48;2;245;165;106m▄[38;2;246;168;109;48;2;245;166;106m▄[38;2;245;167;107m▄[48;2;245;167;107m [48;2;245;166;106m  [38;2;245;166;106;48;2;245;167;106m▄[48;2;245;167;107m▄[38;2;244;166;106;48;2;245;168;109m▄[38;2;245;166;106m▄[38;2;244;171;112;48;2;245;170;111m▄[38;2;65;50;42;48;2;115;86;62m▄[0m [38;2;0;0;0m       [0m
 [38;2;0;0;0m     [0m  [38;2;52;26;29;48;2;46;19;22m▄[38;2;103;8;19;48;2;98;8;19m▄[38;2;105;8;19;48;2;102;15;20m▄[38;2;102;9;19;48;2;153;86;58m▄[38;2;96;13;20;48;2;223;151;96m▄[38;2;131;57;43;48;2;246;167;108m▄[38;2;165;100;65;48;2;245;166;106m▄[38;2;206;139;86;48;2;245;165;105m▄[38;2;240;164;103;48;2;244;166;105m▄[38;2;245;167;106;48;2;245;166;106m▄[48;2;245;168;107m [38;2;239;161;101;48;2;245;167;107m▄[38;2;157;95;61;48;2;240;165;107m▄[38;2;84;8;14;48;2;78;17;17m▄[0m [38;2;28;27;27m       [0m
[38;2;125;98;26m▄[38;2;111;89;32m▄[38;2;109;87;30m▄[38;2;192;147;26m▄[38;2;197;151;26;48;2;69;58;27m▄[38;2;197;152;26;48;2;135;109;35m▄[38;2;198;153;25;48;2;163;131;35m▄[38;2;190;146;22;48;2;181;140;25m▄[38;2;168;127;18;48;2;174;133;23m▄[38;2;113;62;13;48;2;105;27;17m▄[38;2;93;6;16;48;2;105;8;19m▄[38;2;107;8;20;48;2;104;8;20m▄[38;2;108;9;20;48;2;107;9;20m▄[38;2;105;9;20;48;2;108;9;20m▄[38;2;106;9;20;48;2;104;9;21m▄[38;2;107;8;19;48;2;98;9;19m▄[38;2;106;8;19;48;2;96;18;21m▄[38;2;115;42;35;48;2;192;125;80m▄[38;2;222;150;95;48;2;244;164;103m▄[38;2;88;13;19;48;2;144;79;54m▄[38;2;101;7;18;48;2;105;7;18m▄[38;2;101;42;15;48;2;89;16;14m▄[38;2;196;152;22;48;2;149;119;33m▄[38;2;201;156;26;48;2;126;102;35m▄[38;2;201;154;26;48;2;63;53;24m▄[0m[38;2;176;134;21m▄[38;2;122;98;29m▄[38;2;116;92;23m▄[38;2;172;137;44m▄[38;2;170;136;41m▄[0m
[38;2;129;82;15;48;2;202;153;22m▄[38;2;195;148;24;48;2;197;150;23m▄[38;2;200;153;25;48;2;198;151;25m▄[38;2;180;137;22;48;2;199;151;26m▄[38;2;91;14;15;48;2;179;135;20m▄[38;2;107;9;20;48;2;133;87;17m▄[38;2;105;8;20;48;2;105;45;16m▄[48;2;94;14;16m▄[38;2;104;8;20;48;2;105;8;19m▄[38;2;103;8;20;48;2;102;8;19m▄[38;2;105;9;20;48;2;92;7;17m▄[38;2;105;9;21;48;2;88;7;15m▄[38;2;101;8;20;48;2;90;6;15m▄[38;2;85;6;15;48;2;100;6;18m▄[38;2;85;6;14;48;2;105;7;19m▄[38;2;88;5;14;48;2;105;8;19m▄[38;2;90;6;14;48;2;103;8;18m▄[38;2;82;6;14;48;2;95;8;17m▄[38;2;81;6;14;48;2;94;32;27m▄[38;2;87;7;15;48;2;107;7;19m▄[38;2;101;9;19;48;2;104;8;20m▄[38;2;104;9;20;48;2;96;13;19m▄[38;2;103;9;20;48;2;102;36;15m▄[38;2;102;9;20;48;2;123;63;16m▄[38;2;100;9;20;48;2;143;95;14m▄[38;2;96;9;19;48;2;169;126;16m▄[38;2;95;20;16;48;2;190;143;20m▄[38;2;126;75;16;48;2;201;153;24m▄[38;2;204;155;23;48;2;203;154;24m▄[38;2;201;152;24;48;2;201;153;25m▄[0m
[38;2;103;9;21;48;2;93;10;18m▄[38;2;101;23;17;48;2;148;105;18m▄[38;2;190;143;19;48;2;201;153;23m▄[38;2;200;153;21;48;2;197;150;22m▄[38;2;152;108;17;48;2;120;60;16m▄[38;2;105;8;20;48;2;107;9;20m▄[38;2;104;8;20;48;2;105;8;20m▄[38;2;105;8;20;48;2;104;8;20m▄[38;2;105;9;20m▄▄[38;2;104;9;20;48;2;105;9;20m▄[48;2;104;9;20m [38;2;105;9;20m▄▄[48;2;105;9;20m [38;2;104;9;20;48;2;105;8;20m▄[48;2;106;8;20m▄[38;2;105;9;20;48;2;105;8;19m▄[48;2;104;8;20m▄[48;2;104;9;20m▄[48;2;105;9;20m [48;2;104;9;20m▄[38;2;104;8;21m▄[38;2;105;9;21;48;2;104;9;21m▄[38;2;106;10;21m▄[48;2;106;9;21m▄[48;2;107;9;21m [38;2;101;9;20;48;2;89;13;16m▄[38;2;165;123;19;48;2;190;144;23m▄[48;2;199;152;25m [0m
[38;2;104;9;20;48;2;106;9;21m▄[48;2;107;9;20m▄[38;2;93;19;16;48;2;133;80;14m▄[38;2;187;143;20;48;2;199;152;21m▄[38;2;190;148;20;48;2;172;132;17m▄[38;2;93;9;16;48;2;98;7;18m▄[38;2;105;8;20;48;2;104;8;20m▄[48;2;105;9;20m▄ [38;2;105;9;21m▄[48;2;104;9;20m    [38;2;105;9;20m▄[48;2;105;9;20m  [38;2;106;9;20m▄   [38;2;106;10;21;48;2;105;9;21m▄[38;2;105;9;21;48;2;105;9;20m▄[38;2;106;10;21;48;2;105;10;21m▄[48;2;106;10;21m [48;2;105;9;21m [48;2;103;9;21m [38;2;100;10;19;48;2;101;9;19m▄[38;2;149;102;19;48;2;153;109;18m▄[38;2;208;161;22;48;2;202;155;24m▄[0m
[7m[38;2;103;9;20m [0m[38;2;103;10;21;48;2;102;10;20m▄[38;2;109;10;21;48;2;101;9;20m▄[38;2;120;53;16;48;2;142;98;16m▄[38;2;183;142;19;48;2;198;153;21m▄[38;2;98;8;18;48;2;92;10;16m▄[38;2;106;9;20;48;2;105;8;20m▄[38;2;106;9;21;48;2;105;9;21m▄[48;2;105;9;20m▄  [48;2;104;9;20m  [38;2;105;9;20m▄[48;2;105;9;20m [38;2;106;9;20m▄[48;2;106;9;20m    [38;2;107;10;21;48;2;106;10;21m▄[38;2;107;10;22m▄  [38;2;106;10;21;48;2;105;10;21m▄[48;2;105;9;21m▄▄[38;2;108;11;20;48;2;108;10;20m▄[38;2;149;101;18;48;2;141;94;18m▄[38;2;105;52;15;48;2;173;132;20m▄[0m
[?25h