[?25l[0m [38;2;71;76;76m▄[38;2;121;133;136;48;2;38;40;40m▄[38;2;93;105;107;48;2;116;129;132m▄[38;2;126;141;146;48;2;110;122;124m▄[38;2;127;142;145;48;2;142;156;158m▄[38;2;115;126;128;48;2;173;188;191m▄[38;2;128;138;139;48;2;174;190;192m▄[38;2;133;144;146;48;2;174;189;192m▄[38;2;150;163;165;48;2;173;189;191m▄[38;2;170;185;188m▄[38;2;172;188;190;48;2;172;188;191m▄[38;2;172;188;191;48;2;173;188;191m▄[38;2;173;189;191;48;2;173;189;192m▄[48;2;173;189;191m [48;2;173;189;192m  [48;2;172;188;191m [38;2;172;188;190;48;2;171;188;191m▄[38;2;161;176;178m▄[38;2;134;146;148;48;2;173;189;192m▄[38;2;124;135;137;48;2;175;190;193m▄[38;2;112;124;126;48;2;174;189;193m▄[38;2;134;147;151;48;2;138;152;154m▄[38;2;145;160;164;48;2;108;120;122m▄[0m[38;2;77;84;86m▄[0m [38;2;21;22;23m   [0m
 [38;2;106;116;118;48;2;131;146;149m▄[38;2;110;119;121;48;2;139;153;158m▄[38;2;115;123;125;48;2;137;151;155m▄[38;2;102;109;111;48;2;101;112;114m▄[38;2;110;119;121;48;2;148;163;167m▄[38;2;114;124;127;48;2;144;160;165m▄[38;2;113;122;125m▄[38;2;117;126;128;48;2;146;160;165m▄[38;2;119;127;129;48;2;128;141;144m▄[38;2;118;126;128;48;2;112;123;126m▄[38;2;119;127;129;48;2;111;122;124m▄[38;2;105;112;114;48;2;112;121;123m▄[38;2;85;93;94;48;2;119;130;132m▄[38;2;116;125;127;48;2;123;134;136m▄[38;2;105;112;114;48;2;122;133;135m▄[38;2;87;93;95;48;2;118;128;130m▄[38;2;86;93;94;48;2;116;126;129m▄[38;2;74;81;82m▄[38;2;76;82;83;48;2;117;128;132m▄[38;2;76;83;85;48;2;143;156;160m▄[38;2;119;127;129;48;2;142;156;161m▄[38;2;78;84;86;48;2;142;157;161m▄[38;2;72;80;82;48;2;143;158;163m▄[38;2;92;101;102;48;2;137;153;158m▄[38;2;70;75;77;48;2;109;120;124m▄[38;2;66;72;73;48;2;93;102;105m▄[0m [38;2;15;15;15m  [0m
 [38;2;0;0;0m                             [0m
 [38;2;0;0;0m             [0m  [38;2;113;96;63m▄[38;2;170;143;89m▄[38;2;196;166;102m▄[38;2;199;169;107m▄[38;2;159;135;87m▄[0m [38;2;52;46;34m        [0m
 [38;2;0;0;0m      [0m [38;2;89;77;53m▄[38;2;143;120;74m▄[38;2;197;166;101m▄[38;2;228;188;106m▄[38;2;250;206;119;48;2;72;63;47m▄[38;2;251;204;114;48;2;136;115;74m▄[48;2;206;170;99m▄[38;2;251;205;116;48;2;247;203;117m▄[38;2;252;205;117;48;2;251;204;116m▄[38;2;251;204;116;48;2;251;203;115m▄[48;2;251;204;116m [48;2;251;203;116m▄[48;2;251;204;116m [38;2;252;205;118;48;2;233;190;108m▄[0m[38;2;107;90;58m▄       [0m
 [38;2;0;0;0m    [0m [38;2;85;78;68m▄[38;2;243;198;107;48;2;185;153;92m▄[38;2;250;204;114;48;2;249;203;113m▄[38;2;206;167;90;48;2;251;204;113m▄[38;2;203;159;87;48;2;250;203;112m▄[38;2;205;159;90;48;2;250;204;114m▄[38;2;204;154;85;48;2;251;205;116m▄[38;2;202;151;83;48;2;251;204;115m▄[38;2;204;152;84m▄[38;2;203;153;85;48;2;251;205;116m▄[38;2;205;155;86;48;2;251;204;116m▄[38;2;205;157;89;48;2;251;203;116m▄[38;2;206;162;92;48;2;251;204;116m▄[38;2;205;167;98;48;2;251;205;118m▄[38;2;233;191;110;48;2;251;206;119m▄[38;2;215;177;103;48;2;251;204;116m▄[0m[7m[38;2;91;78;54m▄[0m[38;2;18;16;14m       [0m
 [38;2;0;0;0m    [38;2;95;80;50m▄[38;2;250;203;113;48;2;223;186;114m▄[38;2;251;204;113;48;2;250;204;114m▄[38;2;222;182;104;48;2;197;157;88m▄[38;2;233;160;88;48;2;236;162;89m▄[38;2;244;168;93;48;2;244;169;94m▄[38;2;243;167;93;48;2;245;169;94m▄[38;2;244;167;93;48;2;244;168;94m▄[38;2;244;168;94;48;2;244;167;93m▄[48;2;244;168;93m [38;2;244;167;93m▄[48;2;244;168;94m [38;2;244;169;94;48;2;245;169;95m▄[38;2;243;167;93;48;2;243;168;94m▄[38;2;243;166;92;48;2;241;163;89m▄[38;2;243;168;96;48;2;205;139;76m▄[0m[38;2;63;51;39m▄        [0m
 [38;2;0;0;0m    [38;2;121;103;67;48;2;133;114;76m▄[38;2;251;205;118;48;2;250;201;109m▄[38;2;252;204;115;48;2;251;205;116m▄[38;2;209;170;99;48;2;238;199;120m▄[38;2;235;158;84;48;2;218;150;83m▄[38;2;243;165;91;48;2;243;166;92m▄[38;2;243;166;92;48;2;243;165;92m▄[48;2;244;167;93m [38;2;244;168;93;48;2;244;168;94m▄[38;2;244;167;93;48;2;243;168;93m▄[38;2;244;168;94;48;2;243;167;93m▄[38;2;243;168;94m▄[48;2;243;167;94m [38;2;244;167;94;48;2;244;168;94m▄[38;2;244;168;94;48;2;244;169;95m▄[38;2;244;167;92m▄[38;2;178;126;74;48;2;96;71;48m▄[0m [38;2;17;16;16m       [0m
 [38;2;0;0;0m    [7m[38;2;90;76;51m▄[0m[38;2;246;201;111;48;2;252;206;118m▄[38;2;252;205;116;48;2;251;203;113m▄[38;2;248;203;112;48;2;221;178;97m▄[38;2;207;141;75;48;2;226;153;82m▄[48;2;244;167;94m [38;2;187;138;89;48;2;245;169;96m▄[38;2;190;165;141;48;2;244;167;93m▄[38;2;134;117;99;48;2;243;164;88m▄[38;2;165;150;136;48;2;243;165;90m▄[38;2;189;176;161;48;2;244;170;98m▄[38;2;191;137;81;48;2;237;166;96m▄[38;2;244;170;97;48;2;244;168;95m▄[38;2;186;132;77;48;2;228;155;84m▄[38;2;192;183;174;48;2;245;167;89m▄[38;2;127;120;113;48;2;246;172;96m▄[38;2;178;172;165;48;2;245;173;98m▄[0m [38;2;26;25;25m       [0m
 [38;2;0;0;0m    [0m [38;2;136;110;72;48;2;219;177;97m▄[38;2;190;144;83;48;2;252;205;117m▄[38;2;171;133;74;48;2;236;195;115m▄[38;2;240;164;90;48;2;216;149;82m▄[48;2;244;166;91m [38;2;238;160;85;48;2;191;146;102m▄[38;2;189;148;109;48;2;247;247;247m▄[38;2;194;172;152;48;2;244;245;244m▄[38;2;191;166;139;48;2;246;246;246m▄[38;2;194;140;86;48;2;213;211;208m▄[38;2;242;163;88;48;2;215;148;81m▄[38;2;243;166;93;48;2;244;168;95m▄[38;2;243;169;97;48;2;234;162;94m▄[38;2;154;110;64;48;2;198;196;193m▄[38;2;190;144;99;48;2;251;251;251m▄[38;2;196;142;84;48;2;196;196;196m▄[0m [38;2;25;22;20m       [0m
 [38;2;0;0;0m    [0m [38;2;224;155;86;48;2;184;126;71m▄[38;2;190;126;66;48;2;182;124;69m▄[38;2;234;155;81;48;2;206;141;76m▄[38;2;243;164;89;48;2;244;166;91m▄[38;2;244;166;92;48;2;243;166;91m▄[38;2;244;167;93;48;2;244;166;92m▄[38;2;244;167;92;48;2;244;167;93m▄[38;2;243;166;92;48;2;244;168;95m▄[38;2;244;166;92;48;2;244;167;94m▄[38;2;244;167;94;48;2;243;165;91m▄[38;2;245;168;94;48;2;243;166;91m▄[38;2;244;166;92;48;2;244;167;94m▄[38;2;242;166;91;48;2;243;168;94m▄[38;2;196;137;73;48;2;190;130;68m▄[38;2;244;168;94;48;2;243;165;90m▄[38;2;242;164;89;48;2;244;168;94m▄[0m[7m[38;2;63;51;38m▄[0m[38;2;55;44;34m       [0m
 [38;2;0;0;0m    [0m [38;2;69;55;40;48;2;206;144;80m▄[38;2;181;125;71;48;2;207;138;71m▄[38;2;203;139;77;48;2;243;163;88m▄[38;2;244;168;92;48;2;244;166;91m▄[48;2;244;167;92m  [38;2;243;167;93;48;2;243;167;92m▄[48;2;243;166;92m▄ [48;2;244;168;94m▄[38;2;243;169;97;48;2;221;155;88m▄[38;2;244;172;97;48;2;195;136;73m▄[38;2;244;168;93;48;2;190;130;70m▄[38;2;242;165;90;48;2;195;134;71m▄[38;2;243;167;94;48;2;244;168;94m▄[38;2;243;170;97;48;2;242;169;97m▄[0m [38;2;48;38;30m       [0m
 [38;2;0;0;0m      [7m[38;2;64;53;43m▄[0m[38;2;242;167;93;48;2;245;170;97m▄[38;2;243;166;92;48;2;243;167;92m▄[38;2;243;165;91;48;2;243;166;91m▄[38;2;242;166;92;48;2;243;166;92m▄[38;2;161;112;63;48;2;244;168;96m▄[38;2;193;135;77;48;2;244;169;97m▄[38;2;233;163;93;48;2;243;167;93m▄[38;2;245;169;94;48;2;242;165;91m▄[38;2;243;166;92;48;2;242;166;92m▄[48;2;243;166;92m [38;2;244;167;92;48;2;243;168;94m▄[38;2;245;171;97;48;2;244;168;95m▄[38;2;244;171;99;48;2;244;167;94m▄[38;2;207;145;84;48;2;243;164;87m▄[38;2;66;53;42;48;2;112;85;59m▄[0m[38;2;66;53;42m       [0m
 [38;2;0;0;0m      [0m [38;2;236;160;91;48;2;238;162;90m▄[38;2;244;167;94;48;2;242;165;92m▄[48;2;243;166;92m▄[38;2;243;167;94;48;2;244;168;94m▄[38;2;243;167;95;48;2;233;162;91m▄[38;2;243;168;95;48;2;237;164;94m▄[38;2;242;167;94;48;2;200;140;79m▄[48;2;189;131;73m▄[38;2;243;167;95;48;2;186;130;72m▄[38;2;243;168;95;48;2;182;126;69m▄[38;2;243;168;96;48;2;184;129;72m▄[38;2;242;165;92;48;2;187;130;72m▄[38;2;207;142;79;48;2;190;132;74m▄[0m[7m[38;2;87;66;45m▄[0m[38;2;29;25;22m        [0m
 [38;2;0;0;0m     [0m [38;2;47;25;26m▄[38;2;228;154;85;48;2;234;159;90m▄[38;2;243;165;92;48;2;244;167;94m▄[38;2;243;167;94;48;2;243;167;93m▄[48;2;243;167;94m   [38;2;244;168;94m▄▄[38;2;243;168;95;48;2;244;168;95m▄[38;2;243;167;95;48;2;243;168;95m▄[38;2;243;167;94m▄[38;2;243;170;98m▄[38;2;134;99;63;48;2;157;117;76m▄[0m[38;2;134;99;63m         [0m
 [38;2;0;0;0m     [0m [38;2;96;10;20;48;2;68;7;17m▄[38;2;110;13;22;48;2;173;112;60m▄[38;2;124;60;40;48;2;245;170;98m▄[38;2;194;131;73;48;2;244;169;96m▄[38;2;242;165;91;48;2;243;168;95m▄[38;2;243;167;93;48;2;243;168;94m▄[38;2;244;168;95;48;2;243;167;94m▄[38;2;244;169;96;48;2;243;168;94m▄[38;2;244;169;95;48;2;244;168;94m▄[38;2;243;168;94;48;2;243;167;94m▄[38;2;244;168;94m▄[38;2;244;167;94;48;2;244;169;95m▄[38;2;242;168;95;48;2;243;168;94m▄[38;2;117;66;39;48;2;116;81;51m▄[0m[38;2;49;26;28m▄        [0m
   [38;2;61;53;31m▄[38;2;112;91;40m▄[38;2;146;112;30m▄[38;2;159;120;23m▄[38;2;108;39;17;48;2;101;11;21m▄[38;2;116;12;23;48;2;111;12;23m▄[38;2;110;13;23;48;2;109;13;24m▄[38;2;111;13;24;48;2;96;12;21m▄[38;2;112;13;24;48;2;102;36;26m▄[38;2;113;12;23;48;2;151;89;51m▄[38;2;103;12;21;48;2;191;132;72m▄[38;2;83;14;19;48;2;238;166;94m▄[38;2;168;110;61;48;2;244;169;95m▄[38;2;244;169;96m▄[38;2;219;152;85;48;2;243;167;94m▄[38;2;88;20;22;48;2;227;156;89m▄[38;2;114;13;24;48;2;152;89;51m▄[38;2;112;12;22;48;2;100;21;23m▄[38;2;64;26;13;48;2;72;34;38m▄[0m[38;2;108;87;39m▄[38;2;69;59;32m▄[0m  [38;2;11;11;11m    [0m
[38;2;141;105;17;48;2;69;59;33m▄[38;2;168;126;18;48;2;142;110;33m▄[38;2;188;141;23;48;2;166;125;22m▄[38;2;177;133;22;48;2;181;137;25m▄[38;2;134;93;16;48;2;183;139;25m▄[38;2;107;49;16;48;2;182;138;24m▄[38;2;92;14;18;48;2;166;125;22m▄[38;2;104;12;23;48;2;100;63;12m▄[38;2;102;11;20;48;2;92;9;17m▄[38;2;84;8;15;48;2;112;12;23m▄[38;2;89;8;16;48;2;110;12;23m▄[38;2;110;10;21;48;2;113;12;23m▄[38;2;111;11;22;48;2;112;12;23m▄[38;2;108;11;22;48;2;110;11;22m▄[38;2;108;12;22;48;2;106;11;22m▄[38;2;112;12;22;48;2;101;29;26m▄[38;2;128;75;43;48;2;236;166;95m▄[38;2;99;20;22;48;2;146;86;50m▄[38;2;114;12;23;48;2;110;12;23m▄[38;2;102;10;20;48;2;109;13;23m▄[38;2;84;10;16;48;2;118;12;22m▄[38;2;104;13;22;48;2;84;49;14m▄[38;2;84;17;16;48;2;150;113;19m▄[38;2;104;51;15;48;2;174;130;24m▄[38;2;139;96;15;48;2;170;127;23m▄[38;2;179;133;21;48;2;144;114;37m▄[38;2;183;136;24;48;2;79;65;31m▄[0m[38;2;140;102;18m▄[38;2;182;136;25;48;2;63;51;27m▄[38;2;183;138;25;48;2;65;52;24m▄[0m
[?25h