[?25l[0m  [7m[38;2;93;103;109m▄[38;2;98;109;115m▄[38;2;140;155;163m▄[38;2;142;157;166m▄[0m[38;2;81;89;92;48;2;107;120;125m▄[38;2;81;88;92;48;2;135;152;160m▄[38;2;93;103;107;48;2;141;157;165m▄[38;2;113;125;131;48;2;142;158;165m▄[38;2;132;143;148;48;2;142;157;165m▄[38;2;124;137;143;48;2;143;159;167m▄[38;2;132;147;153;48;2;145;161;168m▄[38;2;136;151;157m▄[38;2;139;154;161;48;2;145;160;167m▄[38;2;143;158;164;48;2;144;160;167m▄[38;2;144;159;165m▄[38;2;142;157;164;48;2;143;158;166m▄[38;2;141;156;164;48;2;142;157;165m▄[38;2;146;161;168m▄[38;2;154;168;175;48;2;143;159;167m▄[38;2;131;144;149;48;2;145;160;168m▄[38;2;116;127;132;48;2;144;160;167m▄[38;2;96;104;108;48;2;145;160;168m▄[0m[7m[38;2;145;160;168m▄[38;2;143;159;167m▄[38;2;141;156;163m▄[38;2;120;132;138m▄[38;2;87;94;98m▄[38;2;77;83;87m▄[0m
 [38;2;0;0;0m          [0m         [38;2;0;0;0m          [0m
 [38;2;0;0;0m                             [0m
 [38;2;0;0;0m              [0m [38;2;124;125;110m▄[38;2;96;96;85m▄[0m [38;2;5;5;5m           [0m
 [38;2;0;0;0m             [0m [38;2;203;202;169;48;2;182;182;155m▄[38;2;222;221;178;48;2;234;233;193m▄[38;2;190;190;158;48;2;209;209;184m▄[38;2;151;150;137;48;2;109;109;102m▄[0m[38;2;151;150;137m           [0m
 [38;2;0;0;0m             [0m [38;2;48;48;48;48;2;95;96;86m▄[0m[7m[38;2;201;201;166m▄[38;2;193;192;161m▄[0m [38;2;0;0;0m           [0m
 [38;2;0;0;0m            [0m [38;2;34;34;34m▄[38;2;20;20;20;48;2;44;43;43m▄[0m[38;2;25;25;25m▄[0m [38;2;10;10;10m            [0m
 [38;2;0;0;0m      [0m [38;2;118;118;118m▄[38;2;156;157;156m▄[38;2;134;134;133m▄[38;2;72;73;72m▄[38;2;9;10;10m▄[38;2;6;6;5;48;2;30;31;31m▄[38;2;0;0;0;48;2;3;3;3m▄[48;2;0;0;0m [38;2;3;2;1;48;2;4;4;3m▄[38;2;3;3;3;48;2;29;29;29m▄[0m[38;2;4;4;4m▄[38;2;30;30;30m▄[38;2;31;31;30m▄[0m [38;2;15;15;15m        [0m
 [38;2;0;0;0m    [0m [38;2;176;175;176m▄[38;2;250;250;250;48;2;210;210;210m▄[38;2;252;252;252;48;2;251;251;251m▄[48;2;253;253;253m [38;2;248;248;248;48;2;252;252;252m▄[38;2;250;250;251;48;2;245;245;245m▄[38;2;247;248;248;48;2;130;130;130m▄[38;2;92;92;92;48;2;6;6;5m▄[38;2;1;1;1;48;2;1;1;0m▄[48;2;0;0;0m     [48;2;3;2;2m▄[38;2;2;1;1;48;2;21;21;21m▄[0m[38;2;5;5;5m▄[38;2;4;4;4m▄[38;2;14;14;14m▄[38;2;23;23;23m▄    [0m
 [38;2;0;0;0m    [0m [38;2;242;241;242;48;2;235;235;235m▄[48;2;253;253;253m [38;2;253;253;253;48;2;252;252;252m▄[38;2;214;214;214;48;2;182;182;181m▄[38;2;110;109;110;48;2;29;29;29m▄[38;2;240;240;240;48;2;229;229;229m▄[38;2;254;254;254;48;2;251;250;251m▄[38;2;241;241;241;48;2;205;205;205m▄[38;2;17;17;17;48;2;3;3;3m▄[48;2;0;0;0m      [38;2;24;24;24m▄[38;2;225;225;225;48;2;34;34;34m▄[38;2;252;252;252;48;2;153;153;153m▄[48;2;203;203;203m▄[38;2;251;251;251;48;2;185;185;185m▄[38;2;249;250;250;48;2;88;88;87m▄[0m[38;2;135;135;135m▄[0m [38;2;2;2;2m [0m
 [38;2;0;0;0m    [0m [38;2;90;90;90;48;2;206;206;206m▄[38;2;246;246;246;48;2;251;251;251m▄[38;2;254;254;254;48;2;253;253;253m▄[38;2;254;253;254m▄[38;2;253;253;253;48;2;252;252;252m▄[38;2;252;253;252;48;2;254;254;254m▄[38;2;250;250;250;48;2;253;253;253m▄[38;2;129;129;129;48;2;224;224;224m▄[38;2;2;2;2;48;2;6;6;6m▄[38;2;1;1;0;48;2;0;0;0m▄[38;2;3;3;2m▄[38;2;3;2;1m▄[38;2;2;1;1m▄[38;2;2;2;1m▄[38;2;4;4;3;48;2;3;2;1m▄[38;2;141;141;141;48;2;114;114;114m▄[38;2;249;249;251;48;2;251;251;251m▄[38;2;253;253;253;48;2;254;254;254m▄[38;2;221;221;221;48;2;243;243;243m▄[38;2;28;28;28;48;2;142;142;143m▄[38;2;202;202;202;48;2;240;239;239m▄[38;2;249;249;249;48;2;239;238;238m▄[0m[38;2;95;95;95m▄ [0m
 [38;2;0;0;0m     [38;2;7;7;7;48;2;8;8;8m▄[38;2;0;0;0;48;2;78;78;78m▄[38;2;12;12;11;48;2;223;222;222m▄[38;2;54;54;53;48;2;250;250;250m▄[38;2;74;74;74;48;2;251;251;251m▄[38;2;37;38;37;48;2;246;246;246m▄[38;2;6;5;4;48;2;159;159;158m▄[38;2;6;3;5;48;2;9;9;9m▄[38;2;15;13;7;48;2;0;0;0m▄[38;2;91;77;49;48;2;25;21;14m▄[38;2;216;186;123;48;2;179;155;106m▄[38;2;42;37;23;48;2;197;172;118m▄[38;2;5;5;3;48;2;191;164;109m▄[38;2;74;64;41;48;2;162;138;88m▄[38;2;199;171;111;48;2;54;45;29m▄[38;2;21;19;17;48;2;101;101;101m▄[38;2;210;210;210;48;2;248;248;249m▄[38;2;253;252;253;48;2;251;251;252m▄[48;2;253;253;253m [38;2;252;252;252;48;2;247;247;247m▄[48;2;253;253;253m [38;2;216;216;216;48;2;250;250;250m▄[0m[7m[38;2;79;79;79m▄[0m[38;2;18;19;19m [0m
 [38;2;0;0;0m    [0m [38;2;18;18;18;48;2;20;19;19m▄[38;2;1;1;1;48;2;1;1;0m▄[38;2;3;3;1m▄[38;2;19;16;10;48;2;1;1;1m▄[38;2;158;138;93;48;2;2;1;1m▄[38;2;231;200;131;48;2;47;41;27m▄[38;2;232;201;134;48;2;133;116;75m▄[38;2;232;202;136;48;2;198;173;112m▄[38;2;232;202;135;48;2;227;200;133m▄[38;2;233;202;134;48;2;234;204;135m▄[38;2;233;202;135;48;2;232;202;133m▄[38;2;233;202;134;48;2;229;200;133m▄[38;2;232;202;136;48;2;214;186;122m▄[38;2;231;202;138;48;2;222;191;125m▄[38;2;232;203;140;48;2;192;166;109m▄[38;2;233;204;141;48;2;116;100;67m▄[38;2;232;202;136;48;2;75;70;57m▄[38;2;166;145;96;48;2;179;178;178m▄[38;2;65;59;45;48;2;241;240;240m▄[38;2;29;28;28;48;2;243;243;243m▄[0m[7m[38;2;203;203;203m▄[0m [38;2;0;0;0m  [0m
 [38;2;0;0;0m     [0m [38;2;27;26;25;48;2;10;10;9m▄[38;2;28;24;15;48;2;4;4;2m▄[38;2;228;199;129;48;2;167;145;95m▄[38;2;231;201;133;48;2;230;201;134m▄[38;2;190;166;108;48;2;232;201;132m▄[38;2;173;153;108;48;2;233;203;137m▄[38;2;192;178;149;48;2;234;204;139m▄[38;2;168;158;138;48;2;234;203;133m▄[38;2;166;149;101;48;2;234;203;131m▄[38;2;171;153;105;48;2;235;205;135m▄[38;2;172;153;104;48;2;236;205;136m▄[38;2;178;157;105;48;2;235;205;137m▄[38;2;184;162;109;48;2;233;204;140m▄[38;2;169;147;96;48;2;232;203;138m▄[38;2;172;149;96;48;2;233;202;136m▄[38;2;209;180;117;48;2;233;203;137m▄[38;2;237;207;142;48;2;235;205;140m▄[38;2;236;207;141;48;2;230;201;134m▄[38;2;236;206;141;48;2;126;111;78m▄[0m[38;2;121;108;81m▄[0m [38;2;1;1;1m  [0m
 [38;2;0;0;0m    [0m  [38;2;116;16;23;48;2;76;38;40m▄[38;2;150;14;24;48;2;88;14;16m▄[38;2;129;40;34;48;2;198;173;118m▄[38;2;191;161;109;48;2;234;207;145m▄[38;2;232;201;135;48;2;218;193;132m▄[38;2;231;202;134;48;2;206;184;127m▄[38;2;190;175;143;48;2;226;227;227m▄[38;2;199;181;136;48;2;196;189;170m▄[38;2;233;206;139;48;2;234;207;141m▄[38;2;233;204;138;48;2;234;206;143m▄[38;2;233;205;139;48;2;233;205;140m▄[38;2;234;205;137;48;2;233;204;134m▄[38;2;234;204;134;48;2;232;201;130m▄[38;2;232;203;135;48;2;203;176;114m▄[38;2;232;203;137;48;2;225;197;130m▄[38;2;194;182;153;48;2;167;161;148m▄[38;2;198;198;198;48;2;189;183;171m▄[38;2;66;61;47;48;2;169;152;105m▄[38;2;68;63;51;48;2;230;196;124m▄[0m[7m[38;2;168;145;100m▄[0m [38;2;0;0;0m  [0m
 [38;2;0;0;0m   [0m [38;2;156;19;27;48;2;71;35;38m▄[38;2;138;15;24;48;2;142;19;30m▄[38;2;94;9;15;48;2;156;15;27m▄[38;2;89;8;13;48;2;159;16;26m▄[38;2;98;9;16;48;2;155;18;27m▄[38;2;114;13;21;48;2;140;22;29m▄[38;2;145;16;24;48;2;142;74;53m▄[38;2;155;17;25;48;2;189;159;106m▄[38;2;129;29;26;48;2;229;203;139m▄[38;2;113;75;50;48;2;233;205;142m▄[38;2;128;101;61;48;2;233;202;135m▄[38;2;159;132;77;48;2;232;202;134m▄[38;2;168;138;84;48;2;233;203;136m▄[38;2;155;126;85;48;2;234;205;137m▄[38;2;142;105;72;48;2;235;205;139m▄[38;2;142;60;48;48;2;236;208;145m▄[38;2;132;18;24;48;2;204;178;121m▄[38;2;79;38;40;48;2;107;100;83m▄[0m [38;2;2;2;2m      [0m
 [38;2;0;0;0m  [0m [38;2;139;20;30;48;2;113;36;41m▄[38;2;124;14;20;48;2;136;16;21m▄[38;2;6;2;1;48;2;42;3;4m▄[38;2;1;1;0;48;2;0;0;0m▄[38;2;2;2;2;48;2;1;0;0m▄[38;2;3;3;3;48;2;0;0;0m▄[38;2;0;0;0;48;2;1;0;0m▄[48;2;7;0;0m▄[48;2;30;2;4m▄[48;2;51;4;7m▄[48;2;69;5;9m▄[38;2;8;5;2;48;2;63;20;7m▄[38;2;124;89;15;48;2;144;88;20m▄[38;2;141;94;11;48;2;143;59;12m▄[38;2;27;18;2;48;2;99;35;9m▄[38;2;2;2;0;48;2;91;5;10m▄[38;2;0;0;0;48;2;54;4;8m▄[38;2;2;2;2;48;2;37;4;6m▄[38;2;30;10;10;48;2;99;14;18m▄[0m [38;2;25;24;25m      [0m
 [38;2;0;0;0m [0m [38;2;103;33;37m▄[38;2;141;18;25;48;2;156;19;29m▄[38;2;9;1;1;48;2;64;7;10m▄[38;2;0;0;0;48;2;1;0;0m▄[38;2;1;1;1;48;2;0;0;0m▄[48;2;9;9;9m [48;2;0;0;0m   [38;2;1;0;0m▄[38;2;26;23;15;48;2;1;0;0m▄[38;2;143;126;86;48;2;2;2;1m▄[38;2;217;192;132;48;2;10;8;5m▄[38;2;234;206;141;48;2;32;28;17m▄[38;2;232;202;136;48;2;29;25;15m▄[38;2;211;183;120;48;2;4;3;2m▄[38;2;130;114;75;48;2;1;1;0m▄[38;2;20;16;11;48;2;2;0;0m▄[38;2;5;5;5;48;2;8;7;7m▄[38;2;8;8;8;48;2;6;6;5m▄[0m[38;2;30;30;30m▄      [0m
 [38;2;0;0;0m [38;2;52;23;26m▄[38;2;148;12;23;48;2;127;15;23m▄[38;2;62;5;8;48;2;96;11;15m▄[48;2;1;0;0m [48;2;0;0;0m [48;2;8;8;8m [38;2;0;0;0;48;2;2;2;2m▄[48;2;0;0;0m [38;2;1;0;0m▄[38;2;25;21;14m▄[38;2;209;182;121;48;2;46;39;26m▄[38;2;233;202;135;48;2;207;180;119m▄[38;2;233;202;136;48;2;233;203;138m▄[48;2;233;203;137m▄[48;2;232;202;136m▄▄[38;2;233;203;138;48;2;232;202;135m▄[38;2;234;204;138;48;2;233;204;138m▄[38;2;234;204;139;48;2;196;171;114m▄[38;2;179;157;104;48;2;29;25;16m▄[38;2;12;11;9;48;2;9;9;9m▄[38;2;2;1;1;48;2;14;14;14m▄[0m [38;2;24;24;24m     [0m
  [38;2;142;16;25;48;2;99;23;29m▄[38;2;150;13;23;48;2;153;13;23m▄[38;2;7;0;0;48;2;24;1;3m▄[48;2;0;0;0m [38;2;1;1;1m▄[38;2;58;57;44;48;2;8;8;8m▄[38;2;7;7;5;48;2;1;1;1m▄[38;2;4;3;2;48;2;0;0;0m▄[38;2;17;14;9;48;2;1;1;1m▄[38;2;220;192;130;48;2;141;124;84m▄[38;2;234;204;138;48;2;234;205;140m▄[48;2;234;203;137m [38;2;234;203;137;48;2;234;203;135m▄[38;2;234;203;138;48;2;234;202;136m▄[38;2;234;204;140;48;2;234;203;137m▄[38;2;234;204;139;48;2;234;203;138m▄[38;2;233;204;138;48;2;234;204;138m▄[38;2;233;203;136;48;2;233;203;137m▄[38;2;233;202;133;48;2;232;203;137m▄[38;2;233;203;135;48;2;231;201;130m▄[38;2;160;141;95;48;2;77;67;44m▄[38;2;11;11;11;48;2;2;2;2m▄[38;2;26;26;26;48;2;21;21;21m▄[0m[38;2;26;26;26m     [0m
  [7m[38;2;131;49;53m▄[38;2;108;29;33m▄[38;2;26;27;27m▄[38;2;51;51;50m▄[38;2;51;51;49m▄[38;2;173;168;136m▄[38;2;154;151;120m▄[38;2;83;82;65m▄[38;2;65;60;46m▄[38;2;226;204;155m▄[38;2;224;198;143m▄[38;2;225;197;139m▄[38;2;225;198;140m▄[38;2;225;198;142m▄[38;2;225;199;144m▄[38;2;215;192;138m▄[38;2;223;197;142m▄[38;2;223;199;146m▄[38;2;176;154;104m▄[38;2;178;158;116m▄[38;2;119;107;81m▄[0m  [38;2;0;0;0m     [0m
 [38;2;0;0;0m            [0m     [38;2;18;18;18m            [0m
[?25h