[?25l[0m [38;2;0;0;0m     [0m [38;2;104;93;62m▄[38;2;168;149;101m▄[38;2;187;162;104m▄[38;2;187;164;105m▄[38;2;201;179;124m▄[38;2;160;140;92m▄[38;2;139;123;83m▄[38;2;135;122;88m▄[38;2;132;118;82m▄[38;2;164;144;97m▄[38;2;191;163;98m▄[38;2;235;201;120m▄[38;2;253;219;135m▄[38;2;229;201;128m▄[0m [38;2;67;62;48m        [0m
 [38;2;0;0;0m   [0m [38;2;71;65;54m▄[38;2;247;211;131;48;2;195;167;104m▄[38;2;252;210;124;48;2;251;210;124m▄[38;2;250;209;123;48;2;252;211;127m▄[38;2;222;188;113;48;2;252;210;124m▄[38;2;194;164;97;48;2;251;210;125m▄[38;2;195;164;101;48;2;252;213;131m▄[38;2;189;158;100;48;2;252;213;132m▄[38;2;186;155;96;48;2;252;212;131m▄[38;2;196;164;102;48;2;252;213;134m▄[38;2;199;168;103;48;2;252;213;133m▄[38;2;198;167;101;48;2;252;212;130m▄[38;2;237;202;120;48;2;252;212;126m▄[38;2;251;215;134;48;2;252;213;128m▄[38;2;252;215;130;48;2;253;214;130m▄[38;2;250;215;133;48;2;252;214;129m▄[38;2;79;71;50;48;2;137;120;82m▄[0m[38;2;79;71;50m        [0m
 [38;2;0;0;0m   [0m [38;2;241;206;128;48;2;156;137;94m▄[38;2;252;212;130;48;2;252;214;134m▄[38;2;251;212;129;48;2;246;207;124m▄[38;2;200;154;91;48;2;179;141;83m▄[38;2;251;179;106;48;2;214;157;93m▄[38;2;251;178;105;48;2;249;183;112m▄[38;2;251;179;106;48;2;249;179;107m▄[38;2;250;179;107;48;2;247;178;105m▄[38;2;249;179;107;48;2;247;176;104m▄[38;2;248;179;107;48;2;248;177;107m▄[38;2;249;180;108;48;2;249;182;111m▄[38;2;250;180;110;48;2;241;179;111m▄[38;2;251;182;111;48;2;199;149;90m▄[38;2;250;180;109;48;2;188;147;90m▄[38;2;230;164;99;48;2;186;156;95m▄[0m[7m[38;2;144;128;85m▄[0m [38;2;0;0;0m        [0m
 [38;2;0;0;0m   [0m [38;2;247;209;129;48;2;250;208;123m▄[38;2;253;211;129;48;2;252;211;129m▄[38;2;250;211;133;48;2;252;213;137m▄[38;2;192;147;90;48;2;196;156;96m▄[38;2;250;180;108;48;2;250;181;110m▄[38;2;251;179;107;48;2;250;178;106m▄[38;2;251;179;108m▄[38;2;251;180;109;48;2;250;179;108m▄[38;2;251;181;110;48;2;250;180;109m▄[38;2;250;180;110;48;2;250;179;109m▄[38;2;250;180;109m▄[38;2;249;178;108;48;2;249;180;109m▄[38;2;249;179;108;48;2;250;180;109m▄[38;2;250;181;109;48;2;250;180;108m▄[38;2;250;183;114;48;2;248;181;113m▄[0m[38;2;120;94;67m▄[0m [38;2;3;3;3m        [0m
 [38;2;0;0;0m   [0m [38;2;205;175;109;48;2;234;200;125m▄[38;2;252;212;128;48;2;252;211;125m▄[38;2;252;212;131;48;2;251;210;124m▄[38;2;199;164;100;48;2;194;157;94m▄[38;2;249;179;108;48;2;250;182;113m▄[38;2;250;181;110;48;2;252;182;111m▄[38;2;206;165;119;48;2;252;183;113m▄[38;2;194;166;132;48;2;251;181;112m▄[38;2;163;130;89;48;2;250;180;109m▄[38;2;184;148;108m▄[38;2;183;151;110;48;2;250;182;113m▄[38;2;224;169;108;48;2;250;183;113m▄[38;2;229;174;111;48;2;250;183;114m▄[38;2;163;138;108;48;2;248;180;111m▄[38;2;161;132;98;48;2;250;178;107m▄[38;2;182;155;125;48;2;238;172;103m▄[0m [38;2;20;19;19m        [0m
 [38;2;0;0;0m    [38;2;93;83;59;48;2;156;135;86m▄[38;2;191;158;95;48;2;251;212;129m▄[38;2;216;182;108;48;2;252;213;132m▄[38;2;205;155;95;48;2;198;159;97m▄[38;2;250;181;111;48;2;249;178;105m▄[38;2;249;178;109;48;2;249;181;110m▄[38;2;210;157;104;48;2;198;190;181m▄[38;2;197;180;162;48;2;247;248;249m▄[38;2;201;190;178;48;2;210;210;210m▄[38;2;197;184;168;48;2;241;241;241m▄[38;2;207;162;116;48;2;207;204;201m▄[38;2;248;175;103;48;2;237;170;101m▄[48;2;248;177;106m [38;2;187;146;99;48;2;192;175;155m▄[38;2;216;187;158;48;2;224;224;224m▄[38;2;172;143;112;48;2;218;218;218m▄[0m [38;2;10;10;10m        [0m
 [38;2;0;0;0m   [0m [38;2;187;135;81;48;2;150;114;80m▄[38;2;175;128;78;48;2;194;141;87m▄[38;2;215;154;91;48;2;195;142;84m▄[38;2;249;177;105;48;2;240;174;106m▄[38;2;250;178;107;48;2;250;180;109m▄[38;2;250;179;109;48;2;250;179;108m▄[38;2;250;180;110;48;2;250;178;108m▄[48;2;250;181;111m▄[38;2;250;179;109;48;2;250;184;114m▄[38;2;249;179;109;48;2;250;181;110m▄[38;2;250;180;110;48;2;249;178;108m▄[48;2;249;179;109m▄[38;2;250;179;110;48;2;250;181;111m▄[38;2;230;171;106;48;2;205;151;91m▄[38;2;208;151;92;48;2;238;171;103m▄[38;2;230;166;100;48;2;236;170;104m▄[0m [38;2;20;20;20m        [0m
 [38;2;0;0;0m   [0m [38;2;66;51;37;48;2;190;139;90m▄[38;2;210;153;90;48;2;194;141;86m▄[38;2;212;156;94;48;2;248;176;105m▄[38;2;249;180;110;48;2;249;177;106m▄[38;2;250;180;109;48;2;249;178;108m▄[48;2;250;179;109m [48;2;250;180;110m ▄[38;2;250;179;109;48;2;250;180;109m▄ [38;2;251;180;110;48;2;250;180;110m▄[38;2;227;166;101;48;2;222;161;96m▄[38;2;202;149;89;48;2;233;169;103m▄[38;2;231;166;97;48;2;204;148;88m▄[38;2;251;182;111;48;2;218;163;102m▄[38;2;237;179;116;48;2;220;164;104m▄[0m [38;2;28;26;25m        [0m
 [38;2;0;0;0m    [0m [7m[38;2;76;63;46m▄[0m[38;2;248;180;111;48;2;241;180;114m▄[38;2;250;180;109;48;2;250;182;111m▄[38;2;250;178;107;48;2;251;181;110m▄[38;2;209;154;93;48;2;250;180;110m▄[38;2;241;179;113;48;2;251;182;112m▄[38;2;187;141;88;48;2;251;182;113m▄[38;2;233;174;111;48;2;252;181;111m▄[38;2;248;179;110;48;2;251;179;109m▄[38;2;250;178;106;48;2;251;180;109m▄[38;2;251;179;107;48;2;250;180;110m▄[38;2;251;180;108;48;2;250;181;110m▄[38;2;252;183;112;48;2;251;181;111m▄[38;2;252;186;116;48;2;252;181;109m▄[38;2;249;185;114;48;2;250;181;109m▄[38;2;121;95;67;48;2;97;78;57m▄[0m[38;2;121;95;67m        [0m
 [38;2;0;0;0m     [0m [38;2;248;177;108;48;2;247;177;107m▄[38;2;250;180;109;48;2;250;179;107m▄[38;2;250;182;111;48;2;250;180;109m▄[38;2;250;180;109;48;2;223;166;103m▄[38;2;249;179;108;48;2;218;161;100m▄[48;2;245;181;107m▄[38;2;249;180;109;48;2;212;158;95m▄[38;2;249;179;108;48;2;192;143;87m▄[38;2;248;179;108;48;2;189;140;83m▄[38;2;249;181;111;48;2;197;147;89m▄[38;2;248;180;109;48;2;197;149;91m▄[38;2;248;177;104;48;2;195;147;90m▄[38;2;184;138;87;48;2;192;148;90m▄[0m[7m[38;2;77;67;54m▄[0m [38;2;0;0;0m        [0m
 [38;2;0;0;0m    [0m [38;2;78;34;29;48;2;70;60;47m▄[38;2;248;177;106;48;2;249;182;114m▄[38;2;249;179;108;48;2;250;181;110m▄[48;2;250;180;109m▄[38;2;250;180;109;48;2;249;179;109m▄▄[48;2;249;180;109m▄[38;2;250;181;110;48;2;250;179;109m▄[48;2;250;180;109m▄[48;2;249;180;109m▄[38;2;249;180;110;48;2;250;180;109m▄[38;2;250;182;112;48;2;249;180;109m▄[38;2;240;179;115;48;2;246;183;116m▄[0m [38;2;25;24;23m          [0m
 [38;2;0;0;0m    [0m [38;2;112;1;26;48;2;106;6;24m▄[38;2;113;1;25;48;2;164;105;65m▄[38;2;108;27;30;48;2;244;177;106m▄[38;2;166;105;69;48;2;250;180;108m▄[38;2;224;165;100;48;2;251;181;109m▄[38;2;249;180;109;48;2;250;180;109m▄[38;2;251;182;111;48;2;251;181;110m▄[38;2;251;182;112;48;2;250;181;110m▄[38;2;251;181;110;48;2;250;181;111m▄[38;2;251;182;111;48;2;250;181;110m▄[38;2;251;183;113;48;2;250;181;111m▄[48;2;250;182;112m [38;2;223;167;105;48;2;227;168;106m▄[38;2;81;4;16;48;2;41;25;28m▄[0m [38;2;36;22;24m         [0m
   [38;2;66;55;30m▄[38;2;99;79;27m▄[38;2;147;112;32m▄[38;2;111;18;20;48;2;123;1;27m▄[38;2;115;0;25;48;2;117;1;26m▄[38;2;117;0;26;48;2;118;1;26m▄[38;2;116;0;25;48;2;120;1;26m▄[38;2;116;0;26;48;2;100;1;23m▄[38;2;120;0;26;48;2;115;38;35m▄[38;2;120;0;25;48;2;147;79;55m▄[38;2;116;0;25;48;2;169;113;69m▄[38;2;110;2;24;48;2;187;134;81m▄[38;2;177;119;73;48;2;249;181;109m▄[38;2;232;167;99;48;2;250;181;111m▄[38;2;95;10;23;48;2;184;128;82m▄[38;2;117;0;25;48;2;119;44;38m▄[38;2;118;1;25;48;2;112;2;25m▄[0m[38;2;69;53;29m▄[0m  [38;2;17;17;17m    [0m   [0m
[38;2;177;129;17;48;2;115;89;29m▄[38;2;204;151;19;48;2;156;119;31m▄[38;2;166;121;16;48;2;193;143;21m▄[38;2;143;87;16;48;2;209;156;23m▄[38;2;124;50;16;48;2;201;150;21m▄[38;2;90;7;17;48;2;191;146;19m▄[38;2;111;2;25;48;2;131;89;13m▄[38;2;112;1;23;48;2;105;1;21m▄[38;2;97;0;18;48;2;121;0;25m▄[48;2;118;0;25m▄[38;2;100;0;19m▄[38;2;118;0;24;48;2;119;0;25m▄[38;2;118;0;25;48;2;117;0;25m▄[38;2;118;0;24;48;2;116;0;25m▄[38;2;119;0;23;48;2;120;0;25m▄[38;2;115;1;24;48;2;119;31;33m▄[38;2;95;7;21;48;2;168;114;70m▄[38;2;122;0;24;48;2;112;1;23m▄[38;2;105;0;18;48;2;117;0;24m▄[38;2;98;1;17;48;2;115;3;24m▄[38;2;99;24;16;48;2;191;142;17m▄[38;2;122;57;16;48;2;195;145;21m▄[38;2;141;91;16;48;2;159;120;26m▄[38;2;168;123;17;48;2;125;99;31m▄[38;2;206;153;23;48;2;74;62;30m▄[38;2;169;122;16;48;2;62;50;23m▄[38;2;212;156;24;48;2;143;110;36m▄[38;2;206;152;26;48;2;174;130;26m▄[38;2;205;151;26;48;2;195;144;23m▄[38;2;181;135;21;48;2;136;104;30m▄[0m
[38;2;207;156;20;48;2;161;116;17m▄[38;2;105;18;18;48;2;109;18;19m▄[38;2;116;0;24;48;2;118;2;23m▄[38;2;117;0;25;48;2;117;0;24m▄[38;2;118;0;25;48;2;116;0;25m▄[38;2;119;0;26;48;2;119;0;25m▄[48;2;120;0;26m  [38;2;120;0;26;48;2;119;0;25m▄[38;2;120;1;26;48;2;120;0;26m▄[38;2;119;0;26;48;2;116;1;24m▄[48;2;97;1;20m▄[48;2;94;0;18m▄[48;2;95;0;18m▄[48;2;94;0;19m▄[48;2;91;1;19m▄[48;2;98;0;19m▄[48;2;97;0;19m▄[38;2;120;0;26;48;2;118;0;25m▄[48;2;123;1;27m▄[38;2;121;1;26;48;2;118;1;26m▄[38;2;121;0;26;48;2;119;0;25m▄[38;2;120;0;26;48;2;121;1;25m▄[38;2;120;1;26;48;2;118;3;23m▄[38;2;117;1;27;48;2;110;14;19m▄[38;2;90;7;20;48;2;106;51;14m▄[38;2;197;145;22;48;2;202;149;24m▄[38;2;209;155;25;48;2;206;152;26m▄[38;2;209;156;26;48;2;210;156;26m▄[38;2;175;132;21;48;2;196;145;21m▄[0m
[38;2;202;151;23;48;2;203;152;22m▄[38;2;152;105;17;48;2;127;66;16m▄[38;2;120;1;26;48;2;116;1;25m▄[38;2;120;0;25;48;2;118;1;25m▄[38;2;119;0;26;48;2;118;0;25m▄[48;2;119;0;26m [48;2;119;1;26m▄[38;2;120;0;26;48;2;120;1;26m▄[48;2;120;0;26m [48;2;120;1;26m [38;2;119;0;26;48;2;120;0;26m▄[48;2;119;0;26m    [38;2;120;0;26m▄[48;2;120;0;26m [38;2;120;1;26;48;2;119;0;26m▄[48;2;120;1;26m  [38;2;120;1;27m▄▄[38;2;120;0;26m▄[38;2;120;1;26;48;2;119;1;27m▄[38;2;120;1;27;48;2;119;0;27m▄[38;2;124;1;28;48;2;108;2;24m▄[38;2;164;109;21;48;2;176;127;20m▄[38;2;207;155;26;48;2;210;156;24m▄[38;2;205;153;25;48;2;208;155;25m▄[38;2;131;78;17;48;2;148;108;18m▄[0m
[?25h