[?25l[0m [38;2;0;0;0m        [0m              [38;2;0;0;0m       [0m
 [38;2;0;0;0m               [0m    [38;2;180;137;43m▄[38;2;182;139;44m▄[38;2;183;142;47m▄[0m  [38;2;0;0;0m     [0m
 [38;2;0;0;0m        [0m  [38;2;153;121;43m▄[38;2;156;123;45m▄[38;2;149;117;42m▄[38;2;204;156;51m▄[38;2;220;170;58m▄[38;2;224;173;61m▄[38;2;225;173;59;48;2;212;166;58m▄[38;2;225;172;54;48;2;231;181;65m▄[38;2;228;177;62;48;2;230;178;58m▄[38;2;229;178;65;48;2;228;175;59m▄[38;2;232;179;63;48;2;231;180;63m▄[38;2;230;180;67;48;2;228;179;68m▄[38;2;222;171;60;48;2;227;180;69m▄[0m [38;2;3;3;1m     [0m
 [38;2;0;0;0m      [0m  [38;2;219;170;58;48;2;123;96;33m▄[38;2;230;178;63;48;2;231;181;62m▄[38;2;185;143;49;48;2;230;181;67m▄[38;2;103;79;28;48;2;233;184;70m▄[38;2;100;76;26;48;2;232;181;65m▄[38;2;105;72;22;48;2;231;180;66m▄[38;2;147;86;25;48;2;214;166;61m▄[38;2;146;86;26;48;2;201;153;49m▄[38;2;146;86;25;48;2;181;139;48m▄[38;2;150;90;27;48;2;173;133;47m▄[38;2;143;84;25;48;2;162;125;49m▄[38;2;150;88;27;48;2;111;83;29m▄[38;2;135;89;29;48;2;159;118;37m▄[0m[7m[38;2;217;169;61m▄[0m  [38;2;0;0;0m     [0m
 [38;2;0;0;0m      [0m [38;2;229;178;58;48;2;165;128;44m▄[38;2;229;179;61;48;2;227;176;61m▄[38;2;228;177;63;48;2;227;174;61m▄[38;2;90;57;18;48;2;92;58;18m▄[38;2;213;129;43;48;2;202;120;38m▄[38;2;213;126;41;48;2;205;121;40m▄[48;2;203;119;38m▄[38;2;214;126;40;48;2;210;124;40m▄[38;2;214;126;39;48;2;209;124;40m▄[38;2;215;126;39;48;2;212;125;40m▄[48;2;214;128;42m▄[48;2;211;125;42m▄[38;2;213;126;40;48;2;212;126;42m▄[38;2;215;127;41;48;2;197;114;37m▄[0m[38;2;119;72;25m▄       [0m
 [38;2;0;0;0m      [0m [38;2;177;137;45;48;2;230;179;61m▄[48;2;231;181;62m [38;2;231;181;66;48;2;229;178;62m▄[38;2;205;159;55;48;2;165;126;45m▄[38;2;140;81;24;48;2;169;98;26m▄[38;2;215;127;39;48;2;212;124;39m▄[38;2;217;129;41;48;2;215;127;41m▄[38;2;214;126;39;48;2;214;126;40m▄[38;2;212;125;38;48;2;213;125;39m▄[38;2;216;128;43;48;2;213;125;40m▄[38;2;197;118;38;48;2;215;127;39m▄[38;2;164;96;31;48;2;200;117;35m▄[38;2;184;110;40;48;2;210;124;38m▄[38;2;217;130;44;48;2;213;127;40m▄[0m[38;2;215;127;39m▄[0m [38;2;80;49;15m      [0m
 [38;2;0;0;0m       [7m[38;2;110;87;30m▄[38;2;193;151;53m▄[0m[38;2;166;132;51;48;2;216;167;56m▄[38;2;151;110;39;48;2;152;112;38m▄[38;2;209;122;37;48;2;190;110;32m▄[38;2;209;122;39;48;2;214;125;37m▄[38;2;135;105;78;48;2;178;119;58m▄[38;2;229;221;212;48;2;165;125;81m▄[38;2;144;140;135;48;2;103;68;28m▄[38;2;205;200;195;48;2;132;98;61m▄[38;2;142;97;53;48;2;118;75;32m▄[38;2;209;122;38;48;2;204;120;40m▄[38;2;130;84;40;48;2;101;73;44m▄[38;2;173;169;165;48;2;140;113;87m▄[0m[38;2;167;165;163m▄[0m [38;2;47;46;46m      [0m
 [38;2;0;0;0m       [38;2;126;74;23m▄[38;2;43;25;9;48;2;199;125;43m▄[38;2;162;94;29;48;2;165;109;36m▄[38;2;207;120;35;48;2;108;72;23m▄[38;2;212;123;37;48;2;204;118;35m▄[38;2;213;125;38;48;2;210;124;39m▄[38;2;212;125;40;48;2;203;123;44m▄[38;2;192;115;36;48;2;127;115;100m▄[38;2;186;109;34;48;2;125;122;116m▄[38;2;194;114;34;48;2;130;110;87m▄[38;2;207;122;38;48;2;186;107;30m▄[38;2;211;125;39;48;2;204;119;37m▄[38;2;200;119;37;48;2;194;116;38m▄[38;2;114;67;20;48;2;109;92;75m▄[38;2;214;131;47;48;2;175;133;92m▄[0m [38;2;96;60;21m      [0m
 [38;2;0;0;0m       [7m[38;2;129;75;24m▄[0m[38;2;164;97;28;48;2;123;74;24m▄[38;2;194;114;32;48;2;198;115;35m▄[38;2;209;122;38;48;2;211;124;38m▄[38;2;210;122;37;48;2;211;124;37m▄[38;2;212;123;37;48;2;211;124;38m▄▄[38;2;212;125;37;48;2;211;125;39m▄[38;2;213;126;39;48;2;211;125;38m▄[38;2;213;125;38;48;2;212;126;38m▄[38;2;180;106;30;48;2;212;125;37m▄[38;2;179;105;28;48;2;211;125;38m▄[38;2;175;102;28;48;2;205;121;37m▄[38;2;124;72;22;48;2;149;90;27m▄[38;2;159;97;33;48;2;179;111;40m▄[0m [38;2;0;0;0m      [0m
 [38;2;0;0;0m        [0m [38;2;198;117;36;48;2;130;76;22m▄[38;2;213;126;41;48;2;212;125;38m▄[48;2;212;123;37m▄[38;2;200;120;39;48;2;213;125;37m▄[38;2;129;94;60;48;2;215;126;38m▄[38;2;174;102;31;48;2;213;126;39m▄[38;2;178;105;32;48;2;213;126;40m▄[38;2;214;128;44;48;2;212;125;40m▄[38;2;208;124;42;48;2;211;126;41m▄[38;2;207;123;42;48;2;181;110;37m▄[38;2;211;127;44;48;2;160;97;33m▄[38;2;214;130;45;48;2;186;113;39m▄[38;2;215;134;50;48;2;196;118;39m▄[0m[38;2;157;95;32m▄[0m [38;2;0;0;0m     [0m
 [38;2;0;0;0m        [0m [38;2;211;124;37;48;2;208;123;38m▄[38;2;214;127;40;48;2;215;128;41m▄[38;2;211;124;38;48;2;211;125;40m▄[38;2;164;97;31;48;2;125;74;24m▄[38;2;171;160;147;48;2;201;194;188m▄[38;2;163;159;152;48;2;123;118;111m▄[38;2;223;216;204;48;2;168;158;145m▄[0m[38;2;125;121;114m▄[38;2;231;221;206m▄[38;2;115;111;106m▄[38;2;181;177;169;48;2;115;71;28m▄[0m[7m[38;2;139;82;23m▄[0m  [38;2;0;0;0m      [0m
 [38;2;0;0;0m       [0m [38;2;60;18;10m▄[38;2;167;97;29;48;2;209;123;36m▄[38;2;212;126;39;48;2;210;124;38m▄[38;2;211;124;38;48;2;210;123;37m▄[38;2;211;125;38;48;2;212;126;38m▄[48;2;175;107;37m▄[38;2;206;121;39;48;2;84;62;43m▄[38;2;166;96;29;48;2;145;120;99m▄[0m[38;2;115;68;23m▄[38;2;112;65;20;48;2;141;131;117m▄[0m[38;2;116;67;21m▄[38;2;130;79;28;48;2;119;113;103m▄[0m [38;2;96;59;20m        [0m
 [38;2;0;0;0m       [0m [38;2;97;1;19;48;2;87;1;17m▄[38;2;97;2;20;48;2;69;13;12m▄[38;2;83;1;17;48;2;102;50;17m▄[38;2;74;1;14;48;2;182;104;30m▄[38;2;93;28;17;48;2;195;116;35m▄[38;2;136;80;22;48;2;210;125;39m▄[38;2;139;83;24;48;2;209;124;39m▄[38;2;190;113;36;48;2;208;123;39m▄[38;2;210;126;42;48;2;209;122;38m▄[38;2;206;123;40;48;2;206;121;39m▄[38;2;159;92;28;48;2;175;102;31m▄[0m[38;2;69;22;10m▄[0m [38;2;6;0;1m        [0m
 [38;2;0;0;0m   [0m  [38;2;162;113;0m▄[38;2;159;111;0m▄[38;2;171;118;0m▄[38;2;87;47;4;48;2;74;1;13m▄[38;2;61;1;11;48;2;96;2;20m▄[38;2;88;2;18;48;2;99;2;20m▄[38;2;92;2;19;48;2;98;2;20m▄[38;2;98;2;20;48;2;91;2;19m▄[38;2;101;3;20;48;2;86;2;16m▄[38;2;103;2;20;48;2;87;2;16m▄[38;2;97;6;19;48;2;77;23;11m▄[38;2;144;88;28;48;2;208;127;45m▄[38;2;71;20;11;48;2;141;81;27m▄[38;2;93;2;19;48;2;65;4;10m▄[38;2;91;1;17;48;2;79;1;15m▄[0m [38;2;165;115;0m▄[38;2;139;97;1m▄[0m     [38;2;80;57;0m [0m
 [38;2;117;82;0;48;2;120;85;0m▄[38;2;168;117;1;48;2;131;91;0m▄[38;2;172;120;1;48;2;129;90;0m▄[38;2;158;109;0;48;2;80;55;1m▄[38;2;40;28;0;48;2;168;120;1m▄[38;2;39;0;6;48;2;160;113;1m▄[38;2;66;1;11;48;2;139;93;0m▄[38;2;94;0;17;48;2;98;64;0m▄[38;2;93;0;19;48;2;56;23;5m▄[38;2;95;1;20;48;2;67;1;14m▄[38;2;95;0;20;48;2;22;1;3m▄[38;2;91;0;19;48;2;40;0;7m▄[38;2;42;0;8;48;2;89;2;16m▄[38;2;39;0;7;48;2;99;3;20m▄[38;2;53;1;8;48;2;98;2;17m▄[38;2;48;1;8;48;2;90;1;16m▄[38;2;29;1;5;48;2;62;15;12m▄[38;2;41;1;6;48;2;91;7;15m▄[38;2;50;1;9;48;2;92;3;17m▄[38;2;89;1;18;48;2;48;1;9m▄[38;2;95;2;19;48;2;61;0;11m▄[38;2;90;2;18;48;2;64;31;3m▄[38;2;89;1;17;48;2;58;37;0m▄[0m[7m[38;2;150;106;1m▄[38;2;119;84;0m▄[0m[38;2;141;99;1;48;2;144;102;1m▄[38;2;184;129;1;48;2;174;124;1m▄[38;2;115;83;0;48;2;145;105;2m▄[0m[38;2;115;83;0m [0m
 [38;2;67;3;8;48;2;58;7;3m▄[38;2;73;2;12;48;2;99;58;2m▄[38;2;94;64;2;48;2;177;125;1m▄[38;2;170;120;1;48;2;174;122;0m▄[38;2;169;119;0;48;2;90;63;0m▄[0m[7m[38;2;80;2;12m▄[0m[38;2;94;1;19;48;2;93;0;18m▄[38;2;96;0;18;48;2;93;0;19m▄[38;2;98;0;19;48;2;95;0;19m▄[38;2;97;0;19;48;2;93;0;19m▄[38;2;99;1;20;48;2;95;0;19m▄[38;2;99;0;20;48;2;98;0;20m▄[48;2;98;0;19m [48;2;96;0;19m▄[38;2;97;0;19;48;2;95;1;20m▄[48;2;92;1;19m▄[38;2;98;0;18;48;2;93;1;19m▄[48;2;96;2;19m▄[38;2;97;1;18;48;2;92;1;18m▄[38;2;101;1;19;48;2;98;1;19m▄[38;2;99;2;19;48;2;95;1;18m▄[38;2;105;4;21m▄[38;2;99;3;19;48;2;98;2;19m▄[38;2;95;2;19;48;2;95;1;19m▄[0m[38;2;52;0;9m▄[38;2;134;95;0;48;2;149;101;1m▄[38;2;151;106;0;48;2;182;127;1m▄[0m[38;2;45;14;5m▄[0m [0m
  [7m[38;2;59;0;9m▄[38;2;46;13;4m▄[38;2;142;99;0m▄[38;2;156;110;0m▄[0m [7m[38;2;84;0;15m▄[38;2;81;0;15m▄[38;2;78;0;15m▄[38;2;83;0;16m▄[38;2;84;0;16m▄[38;2;81;0;15m▄▄[38;2;82;0;15m▄▄▄[38;2;82;0;14m▄[38;2;81;0;15m▄[38;2;84;0;15m▄[38;2;83;1;16m▄[38;2;82;3;15m▄[38;2;85;4;16m▄[38;2;80;1;15m▄[38;2;82;1;15m▄[0m [7m[38;2;116;81;0m▄[0m [7m[38;2;74;0;12m▄[0m [0m
 [38;2;0;0;0m         [0m [7m[38;2;103;75;0m▄[0m [38;2;108;75;0m▄[38;2;118;84;0m▄[0m [38;2;97;68;1;48;2;113;81;0m▄[0m[38;2;93;68;0m▄[38;2;125;89;0;48;2;95;68;0m▄[0m[38;2;102;70;0m▄[0m [38;2;20;14;0m         [0m
[?25h