[?25l[0m [38;2;73;78;80m▄[38;2;92;102;105;48;2;97;105;108m▄[38;2;131;145;150;48;2;174;192;199m▄[38;2;161;175;182;48;2;174;190;198m▄[38;2;178;193;200;48;2;173;190;198m▄[38;2;176;192;199;48;2;174;190;198m▄[38;2;174;190;198;48;2;174;191;198m▄▄[38;2;174;190;197;48;2;174;190;198m▄[48;2;173;189;197m  [38;2;172;188;196;48;2;172;189;196m▄▄[48;2;172;188;196m [48;2;172;189;196m [38;2;173;189;197;48;2;172;189;197m▄[48;2;173;190;198m  [38;2;173;189;198;48;2;173;190;197m▄[38;2;174;190;198;48;2;173;190;198m▄[38;2;177;193;201m▄[38;2;176;192;199;48;2;175;192;200m▄[38;2;142;156;161;48;2;177;193;201m▄[38;2;128;141;146;48;2;173;191;199m▄[38;2;91;100;105;48;2;94;102;105m▄[0m[38;2;90;98;103m▄[0m [38;2;12;12;12m  [0m
[7m[38;2;69;76;79m▄[38;2;145;164;172m▄[38;2;127;141;147m▄[38;2;143;160;168m▄[38;2;127;143;148m▄[38;2;124;136;141m▄[38;2;132;145;150m▄[38;2;134;148;153m▄[38;2;137;150;156m▄[38;2;131;142;147m▄[38;2;133;144;149m▄[38;2;139;151;156m▄[38;2;143;156;161m▄[38;2;147;160;166m▄[38;2;144;157;163m▄[38;2;139;151;157m▄[38;2;133;145;150m▄[38;2;130;142;147m▄[38;2;137;150;156m▄[38;2;141;155;159m▄[38;2;139;152;157m▄[38;2;134;147;152m▄[38;2;118;132;138m▄[38;2;138;154;161m▄[38;2;142;158;166m▄[38;2;112;124;130m▄[38;2;144;161;170m▄[38;2;60;65;68m▄[0m[38;2;36;38;39m  [0m
 [38;2;0;0;0m                             [0m
 [38;2;0;0;0m                [0m  [38;2;136;120;82m▄[38;2;197;168;103m▄[38;2;232;197;117m▄[38;2;234;201;126m▄[38;2;172;149;96m▄[0m [38;2;14;13;12m     [0m
 [38;2;0;0;0m       [0m  [38;2;121;107;73m▄[38;2;178;153;95m▄[38;2;215;180;103m▄[38;2;236;198;118m▄[38;2;240;199;116m▄[38;2;237;196;112;48;2;72;64;46m▄[38;2;240;200;118;48;2;101;89;64m▄[38;2;239;200;118;48;2;177;152;98m▄[48;2;233;196;117m▄[38;2;239;199;116;48;2;239;201;120m▄[38;2;240;201;118;48;2;239;201;119m▄[38;2;241;203;122;48;2;239;201;120m▄[38;2;240;202;120;48;2;240;203;122m▄[38;2;240;201;118;48;2;241;205;124m▄[38;2;88;76;52;48;2;86;76;54m▄[0m[38;2;88;76;52m     [0m
 [38;2;0;0;0m     [0m [38;2;197;182;139m▄[38;2;180;151;86;48;2;77;68;50m▄[38;2;239;198;115;48;2;224;187;108m▄[38;2;226;186;105;48;2;239;201;119m▄[38;2;191;152;86;48;2;239;199;114m▄[38;2;191;141;80;48;2;239;199;115m▄[38;2;194;134;77;48;2;231;193;114m▄[38;2;235;164;96;48;2;192;158;91m▄[38;2;237;165;97;48;2;192;155;90m▄[48;2;192;149;88m▄[38;2;238;165;96;48;2;195;151;89m▄[38;2;238;166;97;48;2;190;146;85m▄[38;2;238;165;97;48;2;193;148;87m▄[38;2;238;166;100;48;2;193;151;88m▄[38;2;238;165;96;48;2;193;159;92m▄[38;2;175;124;70;48;2;221;185;107m▄[0m[7m[38;2;218;184;111m▄[0m [38;2;0;0;0m     [0m
 [38;2;0;0;0m     [0m [38;2;198;166;103;48;2;90;79;57m▄[38;2;239;199;120;48;2;225;185;106m▄[38;2;239;199;119;48;2;210;173;101m▄[38;2;202;149;87;48;2;195;144;87m▄[38;2;240;168;99;48;2;241;170;103m▄[38;2;239;165;97;48;2;240;166;96m▄[48;2;238;164;96m▄[48;2;238;165;97m▄[38;2;239;166;98m▄▄[48;2;238;165;98m▄[38;2;239;166;99;48;2;239;166;98m▄[48;2;239;167;99m [48;2;238;165;98m▄[38;2;239;166;100;48;2;238;164;97m▄[38;2;239;169;103;48;2;232;162;96m▄[0m[38;2;71;55;42m▄      [0m
 [38;2;0;0;0m     [0m [38;2;231;193;119;48;2;229;190;115m▄[38;2;240;200;120;48;2;240;201;123m▄[38;2;240;201;121;48;2;240;201;122m▄[38;2;193;145;82;48;2;194;147;83m▄[38;2;239;165;95;48;2;238;165;96m▄[38;2;240;168;99;48;2;239;165;97m▄[48;2;239;166;97m▄[48;2;239;166;98m [38;2;240;167;98;48;2;239;167;98m▄[38;2;240;168;100;48;2;240;167;100m▄[38;2;241;170;103m▄[38;2;236;166;101;48;2;240;167;99m▄[38;2;241;169;102;48;2;240;166;98m▄[38;2;239;167;98;48;2;240;167;100m▄[38;2;241;168;99;48;2;240;169;102m▄[38;2;240;168;100;48;2;239;168;99m▄[38;2;239;170;104;48;2;128;93;60m▄[0m[38;2;75;57;42m▄     [0m
 [38;2;0;0;0m     [0m [38;2;173;146;88;48;2;210;175;107m▄[38;2;241;200;117;48;2;240;200;118m▄[38;2;241;201;120;48;2;240;200;119m▄[38;2;197;163;97;48;2;195;156;91m▄[38;2;234;165;98;48;2;240;171;103m▄[38;2;240;168;98;48;2;240;169;100m▄[38;2;178;135;93;48;2;240;168;98m▄[38;2;237;237;237;48;2;196;138;85m▄[38;2;250;250;250;48;2;187;143;104m▄[38;2;174;175;175;48;2;185;147;109m▄[38;2;248;247;249;48;2;188;148;109m▄[38;2;198;172;146;48;2;181;134;83m▄[38;2;239;166;98;48;2;241;173;108m▄[38;2;225;159;96;48;2;221;157;97m▄[38;2;214;212;210;48;2;169;136;104m▄[38;2;242;242;243;48;2;196;166;136m▄[38;2;184;185;185;48;2;201;171;142m▄[38;2;118;118;118;48;2;68;57;47m▄[0m[38;2;118;118;118m     [0m
 [38;2;0;0;0m      [7m[38;2;119;103;68m▄[0m[38;2;186;149;87;48;2;243;203;123m▄[38;2;192;155;91;48;2;242;202;121m▄[38;2;187;139;80;48;2;190;154;90m▄[38;2;239;165;96;48;2;238;167;98m▄[38;2;239;166;98;48;2;240;168;100m▄[38;2;238;166;98;48;2;201;147;96m▄[38;2;183;131;82;48;2;225;223;221m▄[38;2;179;131;87;48;2;251;251;251m▄[38;2;187;129;76;48;2;240;241;240m▄[38;2;204;145;86;48;2;226;226;227m▄[38;2;236;167;101;48;2;193;148;105m▄[38;2;239;166;99;48;2;237;163;94m▄[38;2;239;168;101;48;2;238;167;100m▄[38;2;188;133;78;48;2;166;143;121m▄[38;2;234;162;94;48;2;204;202;200m▄[38;2;240;168;99;48;2;200;189;178m▄[0m[38;2;108;82;59m▄     [0m
 [38;2;0;0;0m      [38;2;149;109;71;48;2;92;69;51m▄[38;2;161;113;66;48;2;197;136;77m▄[38;2;196;135;75;48;2;216;155;93m▄[38;2;238;163;92;48;2;213;149;87m▄[48;2;239;165;97m [38;2;239;166;98;48;2;238;165;97m▄[48;2;239;166;98m [48;2;238;166;98m▄[48;2;238;166;99m▄[48;2;238;165;99m▄[38;2;239;166;99;48;2;238;166;99m▄[38;2;240;167;100;48;2;239;167;100m▄[38;2;240;167;99;48;2;240;167;100m▄[38;2;240;166;97;48;2;240;169;101m▄[38;2;233;163;94;48;2;209;148;86m▄[38;2;197;140;83;48;2;220;151;86m▄[38;2;240;168;100;48;2;238;164;95m▄[38;2;93;70;49;48;2;117;87;61m▄[0m[38;2;93;70;49m     [0m
 [38;2;0;0;0m      [7m[38;2;121;89;60m▄[0m[38;2;191;135;85;48;2;198;141;86m▄[38;2;231;163;95;48;2;217;152;88m▄[38;2;226;157;92;48;2;238;165;96m▄[48;2;239;166;98m  [38;2;239;166;99m▄[48;2;238;166;98m▄[48;2;239;166;98m▄[38;2;239;166;98;48;2;239;167;99m▄▄[38;2;240;168;100;48;2;239;167;100m▄[38;2;239;168;102;48;2;191;136;80m▄[38;2;238;168;101;48;2;184;128;74m▄[38;2;239;166;97;48;2;180;123;69m▄[38;2;239;165;97;48;2;235;164;96m▄[38;2;239;166;99;48;2;240;170;103m▄[38;2;179;127;80;48;2;109;82;57m▄[0m [38;2;8;8;9m    [0m
 [38;2;0;0;0m       [0m [38;2;143;105;67;48;2;117;85;54m▄[38;2;238;167;98;48;2;239;169;103m▄[38;2;238;165;98;48;2;239;167;100m▄[38;2;238;165;96;48;2;239;166;98m▄[38;2;203;144;87;48;2;239;167;100m▄[38;2;202;142;86;48;2;240;168;101m▄[38;2;175;123;70;48;2;239;167;99m▄[38;2;212;149;88m▄[38;2;236;166;99;48;2;239;166;99m▄[38;2;242;169;100;48;2;239;167;99m▄[38;2;241;168;98;48;2;239;167;100m▄[38;2;241;167;97;48;2;240;168;100m▄[38;2;242;169;100;48;2;240;168;101m▄[38;2;242;172;104;48;2;240;167;100m▄[38;2;230;163;98;48;2;239;165;97m▄[38;2;184;130;80;48;2;237;164;96m▄[0m [38;2;41;33;25m    [0m
 [38;2;0;0;0m        [38;2;106;75;45;48;2;128;94;61m▄[48;2;238;164;96m [38;2;239;165;98;48;2;238;165;97m▄[38;2;239;166;98;48;2;240;167;100m▄[38;2;238;166;98;48;2;227;161;98m▄[38;2;239;166;99;48;2;223;156;94m▄[38;2;240;166;99;48;2;235;163;97m▄[38;2;239;166;99;48;2;223;157;93m▄[38;2;238;166;99;48;2;197;139;83m▄[38;2;239;167;99;48;2;190;133;80m▄[38;2;239;168;100;48;2;191;134;80m▄[38;2;239;168;101;48;2;193;135;81m▄[38;2;238;166;98;48;2;192;134;78m▄[38;2;222;157;95;48;2;188;132;78m▄[0m[7m[38;2;118;88;60m▄[0m [38;2;0;0;0m     [0m
 [38;2;0;0;0m       [0m [38;2;126;82;54;48;2;107;78;48m▄[38;2;238;164;95;48;2;239;166;98m▄[38;2;239;166;98;48;2;240;166;99m▄[48;2;239;166;98m  [38;2;240;167;99;48;2;239;166;99m▄[48;2;240;166;99m▄[48;2;239;166;99m [38;2;239;167;100m▄[48;2;240;168;100m [38;2;240;168;100;48;2;240;168;101m▄[48;2;240;169;101m [38;2;242;174;107;48;2;239;168;101m▄[0m[7m[38;2;105;79;56m▄[0m[38;2;62;49;38m       [0m
 [38;2;0;0;0m       [38;2;65;6;15;48;2;69;13;19m▄[38;2;94;7;16;48;2;120;68;41m▄[38;2;135;71;46;48;2;240;165;99m▄[38;2;213;147;87;48;2;239;166;99m▄[38;2;240;168;100;48;2;240;167;99m▄[38;2;240;166;99m▄[38;2;239;167;100m▄[38;2;240;168;101m▄[48;2;239;167;100m▄[38;2;240;168;100;48;2;239;167;99m▄[48;2;239;167;100m [48;2;240;168;100m [38;2;240;169;101;48;2;241;170;102m▄[38;2;228;161;95;48;2;239;170;102m▄[0m[38;2;61;28;31m▄[0m [38;2;15;13;14m      [0m
 [38;2;0;0;0m [0m   [38;2;91;75;31m▄[38;2;122;97;33m▄[38;2;160;129;43m▄[38;2;104;46;14;48;2;65;7;14m▄[38;2;100;5;16;48;2;96;5;16m▄[38;2;95;5;17;48;2;101;5;17m▄[38;2;97;5;17;48;2;88;7;15m▄[38;2;97;4;17;48;2;112;48;33m▄[48;2;160;101;59m▄[38;2;88;5;16;48;2;207;144;84m▄[38;2;83;15;18;48;2;240;169;101m▄[38;2;119;55;37;48;2;240;169;102m▄[38;2;188;125;73;48;2;239;167;100m▄[38;2;239;167;99;48;2;240;168;100m▄[38;2;240;172;104;48;2;240;169;101m▄[38;2;132;73;48;48;2;239;167;98m▄[38;2;74;7;15;48;2;205;145;82m▄[38;2;88;5;17;48;2;59;4;11m▄[38;2;55;40;33;48;2;40;19;22m▄[0m [38;2;21;22;22m     [0m
[38;2;199;146;11m▄[38;2;202;148;11;48;2;109;86;29m▄[38;2;198;146;12;48;2;151;117;31m▄[38;2;196;142;10;48;2;182;133;13m▄[38;2;199;146;9;48;2;203;151;12m▄[38;2;179;132;8;48;2;198;147;12m▄[38;2;142;94;7;48;2;200;149;12m▄[38;2;116;56;10;48;2;194;146;9m▄[38;2;81;16;11;48;2;182;136;7m▄[38;2;79;3;13;48;2;88;10;13m▄[38;2;72;3;11;48;2;99;5;16m▄[38;2;86;2;13;48;2;95;4;17m▄[38;2;98;3;16;48;2;96;4;17m▄[38;2;97;4;16;48;2;97;4;17m▄[38;2;96;4;16;48;2;97;4;16m▄[38;2;95;5;16;48;2;95;4;17m▄[38;2;97;4;16;48;2;96;4;17m▄[38;2;96;4;15;48;2;102;29;24m▄[38;2;161;103;62;48;2;234;163;97m▄[38;2;116;57;39;48;2;199;137;81m▄[38;2;90;5;16;48;2;91;6;17m▄[38;2;97;5;17;48;2;93;5;17m▄[38;2;78;6;11;48;2;84;5;16m▄[38;2;151;104;6;48;2;171;125;12m▄[38;2;194;143;8;48;2;178;135;17m▄[38;2;195;142;11;48;2;133;105;28m▄[38;2;193;143;12;48;2;68;56;28m▄[0m[38;2;171;126;14m▄[38;2;119;92;28m▄[38;2;158;123;34m▄[0m
[?25h