[?25l[0m [38;2;0;0;0m                           [0m [38;2;181;76;59m▄[0m
 [38;2;0;0;0m                          [0m [38;2;244;93;71;48;2;160;72;59m▄[38;2;248;92;71;48;2;247;91;69m▄[0m
 [38;2;0;0;0m                          [38;2;180;78;64;48;2;141;65;54m▄[48;2;248;92;70m [38;2;249;92;70m▄[0m
 [38;2;0;0;0m                          [38;2;168;77;63;48;2;183;76;62m▄[38;2;248;92;69;48;2;248;92;70m▄[38;2;249;92;70m▄[0m
[38;2;158;132;88m▄[0m [38;2;21;19;18m                         [7m[38;2;114;54;46m▄[0m[38;2;242;91;68;48;2;248;92;69m▄[48;2;249;92;69m [0m
[38;2;190;218;212;48;2;200;168;105m▄[38;2;204;233;226;48;2;107;102;81m▄[0m[38;2;166;188;183m▄[0m [38;2;33;35;35m                       [0m [38;2;84;46;41;48;2;180;74;62m▄[38;2;248;94;71;48;2;248;92;70m▄[0m
[38;2;170;197;191;48;2;194;228;220m▄[38;2;181;209;205;48;2;167;194;188m▄[38;2;174;199;194;48;2;200;228;222m▄[38;2;179;201;196;48;2;143;161;157m▄[0m [38;2;8;8;8m                       [0m [38;2;143;69;60;48;2;214;87;68m▄[0m
[38;2;192;184;147;48;2;197;222;217m▄[38;2;208;233;228;48;2;170;194;190m▄[38;2;192;219;213;48;2;196;228;222m▄[38;2;62;69;68;48;2;146;169;164m▄[0m [38;2;0;0;0m                        [0m [0m
[38;2;245;199;122;48;2;222;182;111m▄[38;2;194;164;105;48;2;165;161;128m▄[0m [38;2;14;14;14m                          [0m [0m
[38;2;232;188;114;48;2;246;202;129m▄[38;2;117;101;71;48;2;156;132;88m▄[0m [38;2;0;0;0m                          [0m [0m
[38;2;247;201;124;48;2;208;171;105m▄[38;2;230;191;121;48;2;178;151;101m▄[0m [38;2;55;49;41m                        [0m [38;2;193;200;172m▄[38;2;198;207;173;48;2;194;199;170m▄[0m
[38;2;117;100;69;48;2;247;200;123m▄[38;2;155;132;91;48;2;246;199;121m▄[38;2;106;92;65;48;2;225;188;120m▄[0m [38;2;10;11;11m                     [0m [38;2;171;175;152m▄[38;2;230;239;198;48;2;91;93;83m▄[38;2;232;241;203;48;2;232;242;201m▄[38;2;234;243;206;48;2;232;242;200m▄[0m
 [38;2;0;0;0m                     [0m [38;2;112;115;102m▄[38;2;225;234;195m▄[38;2;233;241;203;48;2;208;214;184m▄[48;2;234;242;205m▄[48;2;232;241;203m▄[38;2;233;241;204;48;2;233;241;205m▄[38;2;232;241;204;48;2;233;242;205m▄[0m
 [38;2;0;0;0m                   [0m [38;2;121;124;109m▄[38;2;212;220;187;48;2;105;107;96m▄[38;2;194;199;167;48;2;230;238;204m▄[38;2;212;219;182;48;2;232;241;200m▄[38;2;233;242;203;48;2;233;242;202m▄[38;2;233;242;202;48;2;233;242;203m▄[38;2;233;242;203;48;2;233;241;203m▄ [48;2;232;241;203m▄[0m
 [38;2;0;0;0m                  [38;2;78;79;71m▄[38;2;230;239;200;48;2;119;122;106m▄[38;2;231;240;199;48;2;230;240;198m▄[48;2;233;241;202m [38;2;233;242;203;48;2;234;243;206m▄[38;2;232;240;203;48;2;197;201;174m▄[38;2;201;207;176;48;2;231;239;202m▄[48;2;233;242;203m  [38;2;233;242;203;48;2;233;241;203m▄▄[0m
[?25h