[?25l[0m [38;2;0;0;0m                                   [0m
 [38;2;0;0;0m            [0m [38;2;131;70;60m▄[38;2;220;91;71m▄[38;2;247;95;73;48;2;97;75;71m▄[38;2;246;90;69;48;2;116;68;61m▄[38;2;245;89;67;48;2;109;51;41m▄[38;2;246;91;69;48;2;117;68;59m▄[0m[38;2;246;92;70m▄[38;2;208;89;71m▄[38;2;89;58;52m▄[0m [38;2;3;3;3m            [0m
 [38;2;0;0;0m          [0m [38;2;195;82;66m▄[38;2;248;91;70;48;2;200;86;68m▄[38;2;249;92;71;48;2;249;93;70m▄[38;2;249;93;71;48;2;248;93;71m▄[48;2;248;92;70m▄[48;2;248;93;71m [38;2;248;93;71;48;2;248;92;70m▄[38;2;248;93;70m▄ ▄[38;2;248;94;71;48;2;243;93;71m▄[38;2;245;96;72;48;2;114;60;51m▄[0m[38;2;85;52;47m▄           [0m
 [38;2;0;0;0m         [0m [38;2;182;84;70;48;2;106;59;51m▄[38;2;248;92;70;48;2;248;93;71m▄[48;2;249;92;70m▄[38;2;248;93;70;48;2;249;93;70m▄[48;2;249;93;71m [48;2;249;94;71m [38;2;248;94;71m▄[48;2;248;94;70m▄[38;2;248;93;71;48;2;249;93;71m▄[48;2;248;93;70m ▄[48;2;248;94;71m▄[38;2;247;93;71m▄[38;2;246;93;68;48;2;211;86;65m▄[0m[38;2;89;49;41m▄[0m [38;2;4;5;5m         [0m
 [38;2;0;0;0m        [0m  [38;2;192;85;70;48;2;197;80;65m▄[38;2;248;92;69;48;2;248;92;70m▄[38;2;248;93;70;48;2;249;92;70m▄[38;2;249;94;71;48;2;249;93;70m▄[38;2;249;95;72;48;2;249;94;71m▄[38;2;249;96;72;48;2;249;94;72m▄[38;2;249;97;72;48;2;249;96;72m▄[38;2;219;98;78;48;2;249;95;72m▄[38;2;206;102;86;48;2;249;94;71m▄[38;2;240;90;67;48;2;249;93;70m▄[38;2;248;92;69;48;2;249;94;70m▄[38;2;249;92;70;48;2;249;93;70m▄[38;2;245;96;70;48;2;248;94;71m▄[38;2;194;146;134;48;2;249;97;72m▄[38;2;170;187;183;48;2;243;105;77m▄[38;2;150;172;168;48;2;131;86;75m▄[0m  [38;2;2;2;2m       [0m
 [38;2;0;0;0m          [38;2;82;51;46;48;2;152;71;59m▄[38;2;248;93;69;48;2;248;92;69m▄[48;2;248;92;70m [38;2;248;94;71;48;2;249;94;71m▄[38;2;248;97;72;48;2;249;96;72m▄[38;2;205;157;144;48;2;241;99;75m▄[38;2;186;250;251;48;2;185;179;173m▄[38;2;188;250;252;48;2;186;244;245m▄[38;2;190;250;252;48;2;190;249;250m▄[38;2;186;250;252;48;2;172;209;208m▄[38;2;164;206;205;48;2;205;104;87m▄[38;2;242;84;62;48;2;250;96;72m▄[38;2;202;192;187;48;2;196;142;128m▄[38;2;190;250;252;48;2;183;249;251m▄[38;2;173;228;228;48;2;185;250;251m▄[38;2;184;244;245;48;2;182;250;251m▄[38;2;190;249;250;48;2;163;210;211m▄[0m [38;2;51;60;60m       [0m
 [38;2;0;0;0m          [0m [38;2;110;56;48;48;2;208;83;67m▄[38;2;248;94;71;48;2;248;93;70m▄[38;2;248;92;70;48;2;249;94;71m▄[38;2;248;95;72;48;2;248;98;74m▄[38;2;193;162;153;48;2;176;186;180m▄[38;2;189;251;252;48;2;188;251;252m▄[38;2;160;219;220;48;2;169;224;225m▄[38;2;162;223;223;48;2;170;225;226m▄[38;2;186;251;252;48;2;189;251;252m▄[38;2;178;224;222;48;2;186;248;249m▄[38;2;235;91;68;48;2;208;84;65m▄[38;2;234;86;65;48;2;191;148;138m▄[38;2;173;170;165;48;2;183;249;251m▄[38;2;188;244;245;48;2;145;195;195m▄[38;2;192;243;242;48;2;177;233;234m▄[38;2;123;136;135;48;2;183;241;241m▄[0m [38;2;10;10;10m       [0m
 [38;2;0;0;0m           [0m [38;2;167;78;66;48;2;226;87;68m▄[38;2;248;93;70;48;2;248;94;72m▄[38;2;249;94;70;48;2;249;94;72m▄[38;2;248;94;71;48;2;236;99;79m▄[38;2;238;94;72;48;2;172;206;205m▄[38;2;203;119;104;48;2;187;250;251m▄[38;2;195;130;117;48;2;191;250;251m▄[38;2;204;96;78;48;2;178;239;239m▄[38;2;228;85;63;48;2;195;122;108m▄[38;2;247;89;67;48;2;247;90;67m▄[38;2;248;92;70;48;2;248;92;69m▄[38;2;248;93;70;48;2;246;96;72m▄[38;2;247;93;70;48;2;195;93;75m▄[38;2;241;92;69;48;2;181;86;66m▄[38;2;129;65;53;48;2;151;81;68m▄[0m  [38;2;10;10;10m      [0m
 [38;2;0;0;0m            [7m[38;2;108;56;48m▄[0m[38;2;248;96;73;48;2;247;89;66m▄[38;2;249;93;71;48;2;248;91;69m▄[38;2;248;91;70;48;2;248;95;71m▄[38;2;248;92;70;48;2;247;94;70m▄[38;2;249;95;72;48;2;223;85;62m▄[38;2;248;92;70;48;2;215;80;58m▄[38;2;247;89;69;48;2;233;90;68m▄[38;2;248;92;71;48;2;249;96;74m▄[38;2;249;94;72;48;2;248;92;71m▄[38;2;249;95;72;48;2;248;92;70m▄[48;2;248;93;70m▄[38;2;247;91;68;48;2;248;94;71m▄[38;2;247;90;67;48;2;248;95;72m▄[38;2;229;86;61;48;2;247;94;70m▄[38;2;232;91;65;48;2;117;66;58m▄[0m [38;2;45;35;33m      [0m
 [38;2;0;0;0m          [0m [38;2;4;4;4m [7m[38;2;74;66;64m▄[0m[38;2;245;87;64;48;2;246;92;69m▄[38;2;248;91;68;48;2;249;93;70m▄[38;2;250;95;71;48;2;249;93;71m▄[38;2;152;59;44;48;2;240;87;65m▄[38;2;2;1;1;48;2;163;62;46m▄[38;2;18;6;5;48;2;229;82;62m▄[38;2;66;25;18;48;2;248;92;70m▄[38;2;211;81;61;48;2;249;94;72m▄[38;2;247;90;69;48;2;249;93;71m▄[38;2;212;78;57;48;2;233;90;68m▄[38;2;241;91;68;48;2;249;94;72m▄[38;2;245;99;76;48;2;221;90;67m▄[38;2;218;85;63;48;2;246;91;67m▄[38;2;238;90;66;48;2;206;76;53m▄[38;2;215;79;58;48;2;246;99;72m▄[38;2;204;86;65;48;2;153;84;71m▄[0m [38;2;13;13;13m     [0m
 [38;2;0;0;0m          [0m [38;2;133;138;121m▄[38;2;163;157;132;48;2;82;76;69m▄[38;2;247;92;70;48;2;246;95;72m▄[38;2;249;93;71;48;2;248;90;69m▄[38;2;248;92;70;48;2;248;89;69m▄[38;2;249;95;73;48;2;221;83;64m▄[38;2;233;91;72;48;2;143;72;93m▄[38;2;189;77;72;48;2;100;50;71m▄[38;2;150;62;58;48;2;26;12;18m▄[38;2;159;60;44;48;2;114;40;29m▄[38;2;247;93;70;48;2;246;90;68m▄[38;2;245;94;71;48;2;242;96;73m▄[38;2;213;81;58;48;2;216;80;59m▄[38;2;249;93;69;48;2;246;90;67m▄[38;2;213;78;56;48;2;212;79;57m▄[38;2;245;85;60;48;2;247;93;69m▄[38;2;176;71;56;48;2;213;78;57m▄[38;2;127;71;63;48;2;209;86;67m▄[0m [38;2;1;1;1m     [0m
 [38;2;0;0;0m        [0m [38;2;90;92;82m▄[38;2;194;200;169m▄[38;2;232;242;201;48;2;227;237;199m▄[38;2;230;239;202;48;2;185;181;150m▄[38;2;148;102;88;48;2;243;88;67m▄[38;2;229;91;68;48;2;249;94;72m▄[38;2;248;92;70m▄[48;2;248;92;71m [38;2;248;93;71;48;2;247;91;70m▄[38;2;249;94;71;48;2;247;92;70m▄[38;2;249;93;71;48;2;249;96;73m▄[38;2;234;89;68;48;2;228;94;73m▄[38;2;210;82;60;48;2;248;93;71m▄[38;2;213;77;57;48;2;222;80;58m▄[38;2;215;81;60;48;2;209;78;56m▄[38;2;149;85;66;48;2;243;99;74m▄[38;2;194;198;181;48;2;176;92;71m▄[0m[7m[38;2;178;92;78m▄[38;2;124;125;126m▄[0m [38;2;15;15;15m      [0m
 [38;2;0;0;0m      [0m [38;2;202;209;177m▄[38;2;233;242;203;48;2;155;158;141m▄[38;2;233;241;203;48;2;233;240;204m▄[48;2;232;241;202m▄[38;2;233;241;204;48;2;233;242;205m▄[38;2;232;241;203;48;2;234;242;206m▄[38;2;227;236;198;48;2;168;184;159m▄[38;2;137;169;152;48;2;128;162;147m▄[38;2;149;198;182;48;2;162;121;103m▄[38;2;146;196;180;48;2;199;93;75m▄[38;2;130;177;160;48;2;232;89;67m▄[38;2;127;157;141;48;2;245;89;65m▄[38;2;134;151;134;48;2;247;87;63m▄[38;2;128;151;135;48;2;246;87;65m▄[38;2;116;150;138;48;2;240;93;71m▄[38;2;149;196;181;48;2;207;90;72m▄[38;2;149;198;183;48;2;167;114;98m▄[38;2;139;172;155;48;2;115;141;125m▄[38;2;232;241;201;48;2;235;243;206m▄[38;2;233;242;204;48;2;220;228;195m▄[38;2;234;243;207;48;2;133;135;121m▄[0m[38;2;181;187;164m▄[0m [38;2;27;27;26m     [0m
 [38;2;0;0;0m   [0m [38;2;109;110;101m▄[38;2;214;221;189m▄[38;2;210;218;183;48;2;206;212;184m▄[38;2;203;208;175;48;2;232;241;201m▄[38;2;233;242;203;48;2;233;242;202m▄[38;2;233;241;202;48;2;233;242;203m▄[38;2;233;242;203;48;2;233;241;203m▄[38;2;233;241;203;48;2;232;242;203m▄[48;2;232;241;203m▄[38;2;233;242;203;48;2;233;241;203m▄[38;2;233;242;205;48;2;205;215;184m▄[38;2;184;195;168;48;2;129;167;153m▄[38;2;126;164;153;48;2;143;194;178m▄[38;2;137;181;166;48;2;146;195;179m▄[38;2;135;180;165;48;2;148;198;181m▄[38;2;133;178;163;48;2;147;197;181m▄[38;2;136;180;165;48;2;145;196;181m▄[38;2;130;173;158;48;2;131;176;162m▄[38;2;128;175;160;48;2;144;195;180m▄[38;2;135;187;172;48;2;141;186;172m▄[38;2;186;199;169;48;2;154;176;155m▄[38;2;233;242;202;48;2;232;241;202m▄[38;2;233;241;203m▄[38;2;232;242;203;48;2;232;241;203m▄[38;2;231;241;202;48;2;232;242;204m▄[38;2;204;212;178;48;2;160;164;142m▄[0m[38;2;203;208;178m▄[0m [38;2;38;38;36m   [0m
 [38;2;0;0;0m  [0m [38;2;220;227;195;48;2;87;89;79m▄[38;2;232;241;201;48;2;223;232;190m▄[38;2;232;241;202;48;2;232;241;201m▄[38;2;233;242;202;48;2;234;243;205m▄[38;2;233;242;203;48;2;205;211;182m▄[38;2;187;191;164;48;2;219;225;191m▄[48;2;233;242;203m  [38;2;233;242;203;48;2;233;241;203m▄▄[48;2;233;242;203m [38;2;233;243;204;48;2;233;241;203m▄[48;2;234;242;205m▄[38;2;233;242;204;48;2;184;198;173m▄[38;2;198;210;180;48;2;136;181;167m▄[38;2;141;180;164;48;2;144;195;179m▄[48;2;146;197;180m [38;2;148;197;181;48;2;147;197;180m▄[38;2;146;196;180;48;2;147;197;181m▄[38;2;141;187;173;48;2;145;195;179m▄[38;2;191;204;174;48;2;135;172;156m▄[38;2;233;241;202;48;2;229;238;200m▄[38;2;232;241;203;48;2;233;242;203m▄[38;2;233;241;203;48;2;233;241;202m▄[38;2;233;242;203;48;2;232;241;202m▄[38;2;232;241;203m▄[48;2;231;239;202m▄[38;2;199;206;173;48;2;202;209;174m▄[38;2;233;242;203;48;2;174;180;153m▄[0m[38;2;100;101;91m▄  [0m
 [38;2;0;0;0m [38;2;83;84;77m▄[38;2;233;241;204;48;2;170;175;149m▄[48;2;233;241;202m [48;2;233;241;203m [38;2;234;242;203;48;2;233;241;202m▄[38;2;233;242;203;48;2;233;241;203m▄ [38;2;234;241;204;48;2;206;214;181m▄[38;2;199;205;174;48;2;225;233;196m▄[38;2;233;242;203;48;2;234;242;203m▄[38;2;234;242;204;48;2;233;242;203m▄[48;2;233;242;204m ▄[38;2;234;243;204m▄[38;2;234;243;205m▄[48;2;234;242;204m [38;2;234;242;203;48;2;233;242;204m▄[38;2;234;242;204;48;2;217;226;189m▄[38;2;233;242;203;48;2;150;175;157m▄[38;2;168;178;152;48;2;145;192;176m▄[38;2;179;193;166;48;2;139;189;174m▄[38;2;234;242;205;48;2;179;196;168m▄[38;2;233;242;204;48;2;233;242;203m▄[48;2;233;241;203m▄[38;2;234;242;204m▄[38;2;233;242;204m▄[48;2;233;242;203m▄[38;2;233;241;204;48;2;233;241;203m▄[38;2;232;240;204;48;2;233;242;204m▄[38;2;159;162;142;48;2;200;206;176m▄[0m[7m[38;2;232;241;202m▄[38;2;195;201;170m▄[0m [38;2;0;0;0m [0m
  [7m[38;2;156;159;142m▄[38;2;230;237;204m▄[38;2;232;239;203m▄[38;2;235;242;204m▄[38;2;234;242;203m▄▄[0m[38;2;126;129;112;48;2;234;242;204m▄[38;2;131;135;115;48;2;235;243;206m▄[38;2;104;106;94;48;2;191;196;167m▄[38;2;129;132;116;48;2;233;242;203m▄[38;2;126;129;110;48;2;234;242;204m▄▄[38;2;130;135;115m▄[38;2;150;154;134;48;2;234;242;205m▄[38;2;140;144;125m▄[38;2;125;129;109;48;2;234;242;204m▄▄[38;2;112;114;101;48;2;232;239;206m▄[0m[7m[38;2;204;208;179m▄[38;2;209;215;183m▄[38;2;234;241;203m▄[38;2;234;242;204m▄[38;2;227;235;200m▄[38;2;206;211;183m▄[38;2;170;175;152m▄[38;2;127;130;113m▄[0m   [38;2;0;0;0m     [0m
 [38;2;0;0;0m                                   [0m
[?25h