[?25l[0m [38;2;0;0;0m        [0m [38;2;142;63;60m▄[38;2;207;70;65m▄[38;2;246;80;74m▄[38;2;250;82;74m▄[38;2;248;82;74m▄[38;2;214;70;63m▄[38;2;156;68;64m▄[0m  [38;2;1;1;1m           [0m
 [38;2;0;0;0m     [0m [38;2;102;47;45m▄[38;2;246;79;73;48;2;98;49;46m▄[38;2;251;78;72;48;2;230;75;70m▄[38;2;252;79;72;48;2;251;78;73m▄[38;2;252;79;73;48;2;251;78;72m▄ [48;2;251;79;72m [38;2;251;79;73;48;2;250;79;73m▄[38;2;252;80;73;48;2;250;79;72m▄[38;2;251;79;73;48;2;250;78;72m▄[38;2;252;81;74;48;2;236;78;72m▄[38;2;247;84;76;48;2;108;53;50m▄[0m[38;2;89;46;44m▄          [0m
 [38;2;0;0;0m    [0m [38;2;191;73;69m▄[38;2;251;78;73;48;2;238;72;67m▄[38;2;251;77;72;48;2;251;76;71m▄[48;2;251;78;72m [38;2;251;78;72;48;2;252;78;72m▄[38;2;251;79;73m▄[38;2;252;79;73;48;2;251;79;72m▄[38;2;252;80;74;48;2;252;79;73m▄[38;2;252;81;74;48;2;252;80;74m▄[48;2;252;80;73m▄[38;2;252;82;74;48;2;252;81;74m▄[38;2;252;82;75;48;2;252;82;74m▄[38;2;253;82;75;48;2;252;83;75m▄[38;2;250;86;77;48;2;213;77;70m▄[0m [38;2;68;35;33m         [0m
 [38;2;0;0;0m   [0m [38;2;215;73;69;48;2;82;42;41m▄[38;2;252;77;72;48;2;250;81;76m▄[38;2;252;78;72;48;2;252;80;73m▄[48;2;252;78;72m [38;2;252;79;72;48;2;251;78;72m▄[38;2;252;80;72;48;2;252;79;73m▄[38;2;252;80;73;48;2;251;80;73m▄▄[38;2;252;81;74;48;2;252;80;74m▄[48;2;252;81;74m [48;2;252;82;74m [48;2;252;82;75m▄[38;2;252;82;74m▄[48;2;252;83;75m [38;2;250;85;76;48;2;250;87;78m▄[38;2;121;60;57;48;2;119;60;56m▄[0m[38;2;121;60;57m         [0m
 [38;2;0;0;0m  [38;2;60;71;72m▄[38;2;139;192;198;48;2;172;76;69m▄[38;2;173;229;234;48;2;214;81;73m▄[38;2;160;161;162;48;2;248;80;73m▄[38;2;232;83;79;48;2;252;75;70m▄[38;2;252;87;79;48;2;253;79;73m▄[38;2;196;90;87;48;2;253;81;74m▄[38;2;153;156;158;48;2;251;82;73m▄[38;2;153;164;166;48;2;251;82;75m▄[38;2;182;103;101;48;2;252;81;73m▄[38;2;248;79;73;48;2;252;81;74m▄ [38;2;253;82;75;48;2;252;82;74m▄[38;2;252;83;75m▄[38;2;253;83;75m▄[48;2;252;83;75m [38;2;242;84;76;48;2;250;84;76m▄[0m[7m[38;2;81;39;38m▄[0m[38;2;35;25;26m         [0m
 [38;2;0;0;0m [0m [38;2;171;231;238;48;2;155;199;205m▄[38;2;144;200;206;48;2;176;238;245m▄[38;2;141;196;202;48;2;174;237;246m▄[38;2;177;238;245;48;2;179;238;246m▄[38;2;163;154;156;48;2;175;134;133m▄[38;2;171;133;134;48;2;204;91;83m▄[38;2;176;237;245;48;2;170;218;224m▄[38;2;166;223;229;48;2;176;237;245m▄[38;2;158;208;214;48;2;172;237;245m▄[38;2;179;240;246;48;2;170;235;242m▄[38;2;156;179;184;48;2;174;105;103m▄[38;2;250;86;80;48;2;251;82;75m▄[48;2;252;82;74m [38;2;252;82;75;48;2;253;83;75m▄[38;2;253;84;75;48;2;253;84;76m▄[38;2;251;87;77;48;2;252;84;76m▄[38;2;104;50;46;48;2;189;74;69m▄[0m [38;2;0;0;0m         [0m
 [38;2;0;0;0m [0m [38;2;84;94;95;48;2;163;212;218m▄[38;2;171;224;230;48;2;179;238;245m▄[38;2;179;234;241;48;2;175;237;244m▄[38;2;157;130;130;48;2;177;237;245m▄[38;2;240;68;64;48;2;180;115;116m▄[38;2;187;79;78;48;2;163;137;139m▄[38;2;177;231;238;48;2;175;238;246m▄[38;2;183;240;247;48;2;165;221;227m▄[38;2;178;240;247;48;2;157;204;210m▄[38;2;179;240;247;48;2;180;240;247m▄[38;2;164;125;125;48;2;158;188;192m▄[38;2;251;81;74;48;2;250;86;78m▄[38;2;252;81;74;48;2;252;82;74m▄[38;2;253;83;75m▄[38;2;252;86;77;48;2;252;84;75m▄[38;2;151;68;64;48;2;225;80;72m▄[0m [38;2;1;1;1m          [0m
 [38;2;0;0;0m  [38;2;70;38;36;48;2;84;42;41m▄[38;2;226;78;71;48;2;170;64;59m▄[38;2;251;77;71;48;2;169;70;66m▄[38;2;252;76;72;48;2;249;80;74m▄[38;2;252;79;73;48;2;252;77;71m▄[38;2;253;82;75;48;2;250;76;71m▄[38;2;219;78;68;48;2;185;111;108m▄[38;2;210;74;62;48;2;149;187;190m▄[38;2;240;78;68;48;2;145;194;198m▄[38;2;249;77;70;48;2;171;137;138m▄[38;2;252;78;72;48;2;239;78;73m▄[38;2;252;81;74;48;2;252;78;72m▄[38;2;253;83;74;48;2;253;82;74m▄[48;2;253;83;75m [38;2;203;75;67;48;2;248;87;77m▄[0m [38;2;12;12;12m           [0m
 [38;2;0;0;0m [38;2;135;64;61m▄[38;2;251;86;78;48;2;228;75;68m▄[38;2;229;69;62;48;2;252;81;74m▄[38;2;252;77;70;48;2;253;82;74m▄[48;2;252;80;73m [38;2;253;80;73;48;2;252;79;72m▄[38;2;251;77;71;48;2;252;80;73m▄[38;2;252;78;71;48;2;252;81;74m▄[38;2;253;80;73;48;2;237;77;69m▄[38;2;253;83;75;48;2;223;73;64m▄[38;2;253;82;75;48;2;252;79;72m▄[38;2;253;81;74;48;2;252;80;73m▄[48;2;252;81;73m  [38;2;251;82;74m▄[38;2;84;39;37;48;2;138;58;54m▄[0m[38;2;84;39;37m            [0m
  [38;2;228;66;62;48;2;186;71;67m▄[38;2;222;66;60;48;2;243;85;77m▄[38;2;227;80;73;48;2;203;63;59m▄[38;2;230;83;75;48;2;249;80;72m▄[38;2;220;72;66;48;2;211;69;61m▄[38;2;252;78;72;48;2;252;80;74m▄[38;2;198;59;54;48;2;230;72;64m▄[38;2;251;80;73;48;2;252;79;72m▄[38;2;214;76;68;48;2;252;80;74m▄[38;2;196;71;64;48;2;239;78;71m▄[38;2;241;76;69;48;2;251;82;74m▄[38;2;251;78;72;48;2;252;80;73m▄[38;2;252;81;74;48;2;252;82;74m▄[48;2;253;83;75m [38;2;237;85;75;48;2;249;88;80m▄[0m [38;2;16;13;14m            [0m
 [38;2;228;75;70;48;2;158;71;67m▄[38;2;246;84;74;48;2;251;86;77m▄[38;2;173;54;49;48;2;203;67;59m▄[38;2;250;73;67;48;2;244;78;71m▄[38;2;187;58;51;48;2;215;66;59m▄[38;2;248;78;72;48;2;229;66;61m▄[38;2;240;80;71;48;2;251;85;77m▄[38;2;205;69;64;48;2;201;65;59m▄[38;2;251;77;71;48;2;250;78;71m▄[38;2;197;57;51;48;2;197;63;56m▄[38;2;251;75;70;48;2;250;79;73m▄[38;2;251;77;71;48;2;251;77;72m▄[48;2;251;79;72m [38;2;252;81;73;48;2;252;80;73m▄[38;2;252;79;73;48;2;252;81;74m▄[38;2;204;65;59;48;2;221;76;67m▄[0m[38;2;188;192;171m▄[0m [38;2;40;40;38m           [0m
 [7m[38;2;71;41;39m▄[38;2;75;41;39m▄[0m[38;2;101;102;93;48;2;149;62;59m▄[38;2;184;175;152;48;2;242;87;77m▄[38;2;118;49;43;48;2;154;53;47m▄[38;2;183;60;52;48;2;250;78;71m▄[38;2;213;68;60;48;2;182;57;50m▄[38;2;186;58;50;48;2;202;60;56m▄[38;2;183;62;55;48;2;248;72;67m▄[38;2;241;78;72;48;2;196;60;55m▄[38;2;251;77;72;48;2;252;77;71m▄[38;2;252;79;72;48;2;251;77;72m▄[38;2;251;76;71;48;2;252;78;72m▄[38;2;251;76;69m▄[38;2;220;74;66;48;2;252;80;72m▄[38;2;113;121;107;48;2;197;67;59m▄[38;2;197;206;185;48;2;166;174;151m▄[38;2;218;226;199;48;2;146;151;133m▄[0m[38;2;103;105;96m▄[0m [38;2;9;8;9m         [0m
 [38;2;194;199;179m▄[38;2;233;242;210;48;2;142;146;130m▄[38;2;232;241;209;48;2;228;237;206m▄[38;2;233;242;212;48;2;230;238;205m▄[38;2;113;148;131;48;2;96;132;118m▄[38;2;112;173;152;48;2;147;86;75m▄[38;2;105;155;134;48;2;231;77;69m▄[38;2;127;119;104;48;2;251;84;75m▄[38;2;137;95;84;48;2;251;89;80m▄[38;2;150;108;94;48;2;252;82;74m▄[38;2;137;104;92;48;2;251;75;70m▄[38;2;112;123;108;48;2;251;78;71m▄[38;2;107;160;140;48;2;222;75;69m▄[38;2;117;178;156;48;2;154;92;80m▄[38;2;115;176;156;48;2;105;147;129m▄[38;2;136;160;140;48;2;99;145;127m▄[38;2;230;241;205;48;2;229;237;206m▄[38;2;232;242;209;48;2;235;243;213m▄[38;2;233;243;211;48;2;233;242;212m▄[38;2;233;243;210;48;2;129;132;118m▄[0m[38;2;154;159;141m▄[0m [38;2;14;14;13m      [0m [0m
[38;2;233;242;209;48;2;218;226;198m▄[48;2;234;243;211m [38;2;234;243;211;48;2;233;242;210m▄[38;2;233;243;211m▄ [38;2;205;213;186;48;2;144;163;144m▄[38;2;85;123;110;48;2;120;176;157m▄[38;2;92;136;120;48;2;121;180;160m▄[38;2;105;161;140;48;2;114;175;154m▄[38;2;95;143;128;48;2;96;146;130m▄[38;2;117;179;158;48;2;115;177;155m▄[38;2;122;182;161;48;2;117;178;157m▄[38;2;109;165;147;48;2;115;177;156m▄[38;2;91;138;123;48;2;117;178;157m▄[38;2;97;145;130;48;2;121;181;160m▄[38;2;132;156;137;48;2;96;140;126m▄[38;2;233;243;211;48;2;204;215;188m▄[38;2;233;242;210;48;2;232;242;208m▄[38;2;233;243;210;48;2;233;242;210m▄[48;2;233;242;211m [38;2;233;242;210;48;2;233;243;211m▄[38;2;233;243;210m▄[38;2;232;240;211;48;2;179;184;164m▄[0m[38;2;157;161;142m▄[0m [38;2;47;48;44m    [38;2;49;52;29m▄[0m
[38;2;233;242;210;48;2;234;243;211m▄[38;2;233;242;211;48;2;234;242;211m▄[48;2;233;243;211m [38;2;233;243;211;48;2;233;242;211m▄  [38;2;207;216;189;48;2;130;157;139m▄[38;2;116;164;147;48;2;117;178;158m▄[38;2;123;183;161;48;2;112;166;147m▄[48;2;99;147;130m▄[38;2;122;182;160;48;2;102;149;133m▄[38;2;122;181;160;48;2;101;150;133m▄[38;2;122;182;161;48;2;110;164;144m▄[38;2;115;171;152;48;2;115;176;156m▄[38;2;181;195;170;48;2;112;157;141m▄[38;2;233;242;210;48;2;218;227;197m▄[48;2;233;242;209m▄[38;2;233;243;210;48;2;233;243;211m▄ [38;2;233;243;211;48;2;233;242;211m▄[38;2;234;242;211;48;2;233;242;210m▄[38;2;232;242;210;48;2;233;242;211m▄[38;2;232;241;209;48;2;235;242;214m▄[38;2;186;193;167;48;2;186;194;167m▄[38;2;233;242;212;48;2;191;198;175m▄[0m[38;2;105;107;98m▄  [0m [38;2;54;60;8;48;2;55;60;18m▄[0m
[38;2;233;243;210;48;2;233;242;209m▄[38;2;234;243;211;48;2;233;242;210m▄[48;2;233;243;211m▄[48;2;233;242;211m [48;2;233;243;211m [48;2;233;242;211m [48;2;233;243;211m [38;2;232;242;210;48;2;165;181;161m▄[38;2;131;155;137;48;2;118;175;156m▄[38;2;120;179;159;48;2;121;181;160m▄[38;2;125;184;163;48;2;123;181;161m▄[38;2;122;179;159;48;2;121;180;159m▄[38;2;131;156;136;48;2;119;176;157m▄[38;2;232;241;210;48;2;150;169;150m▄[38;2;233;243;211;48;2;233;242;210m▄  [38;2;234;243;211m▄[48;2;233;242;211m [38;2;233;242;211;48;2;233;243;211m▄[48;2;233;242;211m [38;2;233;243;211m▄[38;2;224;232;203;48;2;231;239;208m▄[38;2;200;207;183;48;2;188;194;170m▄[48;2;234;243;213m [38;2;231;240;209;48;2;195;201;181m▄[0m [38;2;49;50;47m [38;2;42;45;20;48;2;36;38;24m▄[38;2;57;64;7;48;2;55;62;7m▄[0m
[?25h