[?25l[0m [38;2;0;0;0m                    [0m  [38;2;120;108;68m▄[38;2;210;185;105m▄[38;2;244;213;117m▄[38;2;249;218;118m▄[38;2;248;217;118m▄[38;2;230;201;108m▄[38;2;237;206;110m▄[0m
 [38;2;0;0;0m                [0m [38;2;186;165;99m▄[38;2;251;216;117;48;2;123;111;71m▄[38;2;251;214;110;48;2;136;121;68m▄[38;2;244;206;103;48;2;182;161;99m▄[38;2;202;170;89;48;2;232;203;113m▄[38;2;200;165;90;48;2;250;213;111m▄[38;2;193;155;86m▄[38;2;190;150;83;48;2;250;212;112m▄[38;2;194;153;84;48;2;250;213;113m▄[38;2;199;162;91;48;2;251;215;115m▄[38;2;201;169;94;48;2;251;216;117m▄[38;2;212;181;93;48;2;251;216;116m▄[0m
   [38;2;34;34;34m             [0m [38;2;206;178;99m▄[38;2;251;214;113;48;2;233;201;109m▄[48;2;250;214;112m [38;2;192;146;79;48;2;199;164;89m▄[38;2;232;160;93;48;2;189;137;79m▄[38;2;232;161;94;48;2;226;157;91m▄[38;2;232;160;93;48;2;231;158;90m▄[38;2;231;159;93;48;2;231;158;91m▄[38;2;232;160;93;48;2;232;159;92m▄[38;2;232;160;94;48;2;232;160;93m▄[38;2;232;161;95;48;2;231;160;93m▄[48;2;233;161;94m▄[38;2;233;162;96;48;2;219;152;88m▄[0m
   [38;2;42;42;42m             [0m [38;2;236;202;112;48;2;239;205;116m▄[38;2;251;215;116;48;2;252;216;117m▄[38;2;250;216;119;48;2;251;216;118m▄[38;2;188;138;76;48;2;194;152;82m▄[38;2;232;158;91;48;2;231;159;93m▄[38;2;233;160;94;48;2;232;159;93m▄[38;2;233;162;96;48;2;232;160;93m▄[38;2;234;163;98;48;2;233;161;95m▄[38;2;233;162;97;48;2;232;161;95m▄[48;2;233;161;95m▄[48;2;233;161;96m▄[48;2;233;162;96m [38;2;233;161;95m▄[0m
[7m[38;2;34;34;34m▄[0m  [38;2;0;0;0m             [0m [38;2;173;150;87;48;2;213;181;98m▄[38;2;250;212;109;48;2;250;213;112m▄[38;2;250;214;116;48;2;250;213;113m▄[38;2;201;160;90;48;2;200;158;87m▄[38;2;234;165;101;48;2;234;163;98m▄[38;2;181;135;91;48;2;234;161;94m▄[38;2;206;206;205;48;2;228;161;96m▄[38;2;186;187;187;48;2;191;135;82m▄[38;2;226;226;226;48;2;189;132;79m▄[38;2;201;201;200;48;2;208;146;87m▄[38;2;214;153;96;48;2;225;156;91m▄[38;2;233;166;100;48;2;232;160;93m▄[38;2;78;67;56;48;2;208;143;83m▄[0m
[38;2;7;7;7m▄[38;2;27;27;27m▄              [0m [38;2;152;106;65;48;2;101;87;53m▄[38;2;201;136;75;48;2;194;165;88m▄[38;2;168;118;67;48;2;236;201;105m▄[38;2;231;157;91;48;2;190;135;75m▄[38;2;231;159;92;48;2;232;162;96m▄[38;2;231;157;91;48;2;208;151;96m▄[38;2;217;149;87;48;2;205;201;198m▄[38;2;193;145;100;48;2;247;247;247m▄[38;2;190;140;94;48;2;249;249;249m▄[38;2;219;148;86;48;2;191;180;170m▄[38;2;230;158;92;48;2;226;161;97m▄[38;2;231;159;91;48;2;232;164;98m▄[38;2;171;114;63;48;2;122;92;65m▄[0m
[38;2;0;0;0;48;2;1;1;1m▄[48;2;11;11;11m▄[48;2;27;27;26m▄[0m[38;2;3;3;3m▄[38;2;5;5;5m▄[38;2;21;20;20m▄[0m [38;2;12;12;12m         [0m [38;2;199;141;89;48;2;205;144;85m▄[38;2;200;137;79;48;2;169;117;68m▄[38;2;232;159;92;48;2;219;149;86m▄[38;2;233;160;94;48;2;232;160;93m▄[38;2;232;160;94;48;2;231;158;92m▄[38;2;232;160;95;48;2;231;158;93m▄[38;2;233;160;95;48;2;232;160;94m▄[38;2;232;160;94;48;2;232;161;96m▄[38;2;232;161;94;48;2;232;159;94m▄[38;2;233;160;94;48;2;231;157;93m▄[38;2;203;139;80;48;2;231;157;92m▄[38;2;201;136;75;48;2;230;157;91m▄[38;2;184;127;72;48;2;199;135;76m▄[0m
[38;2;1;1;1;48;2;0;0;0m▄[38;2;1;1;0m▄[38;2;31;30;31m▄[38;2;233;232;233;48;2;43;43;43m▄[38;2;253;253;253;48;2;153;153;153m▄[38;2;253;252;253;48;2;162;162;162m▄[38;2;249;249;250;48;2;101;101;101m▄[0m[38;2;101;101;101m▄         [0m [38;2;82;63;44;48;2;161;112;64m▄[38;2;234;164;99;48;2;210;145;85m▄[38;2;234;162;97;48;2;234;162;96m▄[38;2;235;163;98;48;2;234;163;98m▄[38;2;191;133;80;48;2;234;163;99m▄[38;2;206;144;88;48;2;234;162;97m▄[38;2;218;152;91;48;2;233;161;95m▄[38;2;234;160;93;48;2;233;160;94m▄[38;2;234;161;94;48;2;233;161;95m▄[38;2;234;163;97;48;2;234;164;99m▄[38;2;234;165;98;48;2;224;157;95m▄[38;2;234;164;100;48;2;230;161;96m▄[0m
[38;2;3;3;2;48;2;0;0;0m▄[38;2;2;2;1;48;2;1;1;1m▄[38;2;105;105;105;48;2;111;110;110m▄[48;2;250;250;251m [38;2;252;252;252;48;2;247;247;248m▄[38;2;211;211;211;48;2;171;170;171m▄[38;2;249;248;250;48;2;252;252;252m▄[38;2;180;179;180;48;2;186;186;186m▄[0m [38;2;2;2;2m         [38;2;77;62;48;48;2;80;63;46m▄[38;2;231;162;96;48;2;233;163;97m▄[38;2;233;160;95;48;2;233;163;98m▄[38;2;233;160;94;48;2;223;155;93m▄[38;2;227;156;91;48;2;196;133;74m▄[38;2;207;149;96;48;2;175;162;150m▄[38;2;165;147;131;48;2;168;164;161m▄[38;2;229;229;228;48;2;195;175;156m▄[38;2;199;199;199;48;2;182;143;105m▄[38;2;246;246;246;48;2;191;142;95m▄[38;2;193;193;193;48;2;196;136;80m▄[38;2;181;166;152;48;2;207;145;86m▄[0m
[38;2;137;124;94;48;2;152;138;110m▄[38;2;49;47;35;48;2;136;122;94m▄[38;2;132;121;99;48;2;162;144;112m▄[38;2;170;159;133;48;2;193;188;178m▄[38;2;174;169;157;48;2;252;252;252m▄[38;2;127;127;125m▄[38;2;51;51;51;48;2;237;237;237m▄[0m [38;2;3;3;3m          [38;2;63;49;36m▄[38;2;229;158;92;48;2;231;160;94m▄[38;2;232;159;94;48;2;232;160;95m▄[38;2;232;160;95;48;2;233;160;95m▄[38;2;232;160;94;48;2;233;161;95m▄[48;2;232;161;95m▄[48;2;233;161;95m [48;2;207;144;86m▄[38;2;231;159;94;48;2;183;139;99m▄[38;2;231;158;93;48;2;181;149;118m▄[38;2;231;161;96;48;2;184;155;127m▄[38;2;202;145;90;48;2;176;137;97m▄[0m
[38;2;252;228;179;48;2;237;212;161m▄[38;2;252;227;176;48;2;251;227;176m▄[38;2;252;226;176;48;2;240;220;176m▄[38;2;251;226;174;48;2;245;225;181m▄[38;2;249;227;183;48;2;251;228;181m▄[38;2;248;227;182;48;2;211;193;153m▄[38;2;248;226;180;48;2;94;86;71m▄[0m [38;2;69;65;55m         [38;2;48;16;22;48;2;46;31;34m▄[38;2;89;23;23;48;2;93;38;29m▄[38;2;217;149;89;48;2;232;160;95m▄[38;2;232;159;94m▄ [38;2;233;160;95;48;2;232;160;94m▄[38;2;233;161;95m▄[48;2;233;161;95m [38;2;233;161;96m▄[48;2;232;161;95m▄[38;2;232;160;95;48;2;233;161;96m▄[38;2;232;160;94;48;2;231;160;94m▄[38;2;139;101;68;48;2;158;115;76m▄[0m
[38;2;252;229;184;48;2;199;187;149m▄[38;2;250;228;181;48;2;197;182;141m▄[38;2;248;226;176;48;2;191;175;134m▄[38;2;221;201;152;48;2;168;159;129m▄[38;2;170;169;168;48;2;183;182;178m▄[38;2;116;110;92;48;2;152;143;120m▄[0m[7m[38;2;219;202;161m▄[0m [38;2;0;0;0m         [7m[38;2;45;17;20m▄[0m[38;2;94;2;21;48;2;105;2;21m▄[38;2;96;2;21;48;2;92;14;21m▄[38;2;100;2;21;48;2;154;91;55m▄[38;2;92;12;20;48;2;223;152;89m▄[38;2;132;64;43;48;2;233;160;95m▄[38;2;171;111;66;48;2;233;161;97m▄[38;2;209;147;88;48;2;234;162;97m▄[38;2;234;163;97;48;2;233;162;97m▄[38;2;234;162;97m▄[38;2;235;164;99;48;2;233;161;97m▄[38;2;189;125;72;48;2;232;160;96m▄[38;2;91;30;27;48;2;125;72;46m▄[0m
[38;2;136;94;9;48;2;168;151;97m▄[38;2;95;31;9;48;2;156;131;78m▄[38;2;14;6;7;48;2;143;76;62m▄[38;2;3;7;8;48;2;77;18;16m▄[38;2;27;20;20;48;2;67;50;50m▄[0m[38;2;27;20;20m    [38;2;77;62;24m▄[38;2;176;129;8m▄[38;2;163;120;9m▄[38;2;141;103;7m▄[38;2;176;129;4;48;2;68;56;29m▄[38;2;177;132;8;48;2;96;78;27m▄[38;2;180;137;8;48;2;139;113;43m▄[38;2;185;141;8;48;2;140;111;29m▄[38;2;163;126;5;48;2;121;91;21m▄[38;2;91;49;6;48;2;95;5;18m▄[38;2;93;1;18;48;2;101;2;21m▄[38;2;99;1;20;48;2;100;1;21m▄[38;2;97;1;20;48;2;99;2;21m▄[38;2;99;2;20;48;2;96;2;20m▄[38;2;100;2;20;48;2;98;2;20m▄[38;2;99;1;20;48;2;92;3;19m▄[38;2;100;2;20;48;2;97;32;27m▄[38;2;152;87;54;48;2;222;150;88m▄[38;2;110;48;35;48;2;185;124;74m▄[38;2;98;1;20;48;2;95;5;20m▄[38;2;99;2;20;48;2;101;3;21m▄[0m
[38;2;2;6;7;48;2;3;5;5m▄[38;2;1;5;5;48;2;16;5;4m▄[48;2;0;2;2m [38;2;0;2;2;48;2;1;4;5m▄[38;2;2;4;5;48;2;12;13;14m▄[0m[38;2;24;25;25m▄   [0m [38;2;107;78;19;48;2;126;88;6m▄[38;2;100;56;5;48;2;166;122;5m▄[38;2;181;136;5;48;2;188;138;5m▄[38;2;170;126;4;48;2;138;99;4m▄[38;2;94;4;17;48;2;117;65;8m▄[38;2;98;1;20;48;2;100;39;12m▄[48;2;91;18;15m▄[38;2;99;1;20;48;2;87;3;16m▄[38;2;98;1;20;48;2;96;2;19m▄[38;2;99;1;20;48;2;88;1;17m▄[38;2;98;1;20;48;2;82;2;14m▄[38;2;94;1;18;48;2;83;1;15m▄[38;2;80;1;14;48;2;102;1;19m▄[38;2;81;1;14;48;2;102;1;20m▄[48;2;97;2;20m▄[48;2;99;2;20m▄[38;2;84;1;15;48;2;100;8;21m▄[38;2;80;1;15;48;2;95;4;19m▄[38;2;86;1;17;48;2;85;1;16m▄[38;2;95;1;20;48;2;72;2;14m▄[0m
[38;2;249;211;165;48;2;148;128;101m▄[38;2;250;210;163;48;2;122;103;80m▄[38;2;242;210;170;48;2;37;32;25m▄[38;2;81;74;60;48;2;2;5;6m▄[38;2;1;4;4;48;2;0;1;1m▄[38;2;7;9;9;48;2;19;19;20m▄[0m [38;2;22;22;22m   [0m [38;2;96;6;21;48;2;91;7;18m▄[38;2;103;31;13;48;2;123;80;7m▄[38;2;184;136;8;48;2;177;131;6m▄[38;2;107;51;9;48;2;93;27;12m▄[48;2;99;1;19m [38;2;100;1;19;48;2;99;1;20m▄[38;2;99;1;19m▄[48;2;98;1;20m  [38;2;98;1;20;48;2;97;1;19m▄ [48;2;98;1;19m [38;2;98;1;19;48;2;98;2;20m▄▄[38;2;98;2;20;48;2;99;2;20m▄[48;2;98;1;20m   [48;2;97;1;20m [0m
[38;2;138;122;96;48;2;218;189;149m▄[38;2;146;137;119;48;2;220;190;148m▄[38;2;146;136;120;48;2;251;213;168m▄[38;2;100;105;104;48;2;224;190;148m▄[0m[7m[38;2;26;28;31m▄[38;2;9;11;11m▄[38;2;64;34;34m▄[0m[38;2;0;0;0m   [0m [38;2;70;32;38;48;2;106;5;22m▄[38;2;111;33;47;48;2;101;5;18m▄[38;2;132;89;9;48;2;163;119;4m▄[38;2;127;78;9;48;2;122;71;8m▄[38;2;99;1;19;48;2;101;1;20m▄[48;2;100;1;20m [38;2;101;2;21;48;2;99;1;20m▄ [48;2;98;1;20m [38;2;98;2;20m▄[38;2;99;1;20m▄[38;2;98;2;20m▄  [38;2;98;1;20;48;2;98;2;20m▄[48;2;98;1;20m   [48;2;98;1;19m▄[0m
[?25h