[?25l[0m [38;2;0;0;0m        [0m [38;2;122;55;48m▄[38;2;201;71;58m▄[38;2;237;76;60m▄[38;2;248;79;62m▄[38;2;249;79;62m▄[38;2;237;75;59m▄[38;2;200;69;55m▄[38;2;129;57;49m▄[0m [38;2;37;30;28m           [0m
 [38;2;0;0;0m      [38;2;55;30;27m▄[38;2;232;72;57;48;2;63;30;26m▄[38;2;251;76;60;48;2;218;73;57m▄[38;2;252;77;61;48;2;251;77;61m▄[38;2;252;77;60;48;2;252;78;61m▄[38;2;251;76;60;48;2;251;77;61m▄[48;2;251;77;60m [38;2;251;77;60;48;2;251;76;60m▄[38;2;252;77;60m▄[48;2;250;77;60m▄[38;2;251;78;61;48;2;250;78;61m▄[38;2;252;79;61;48;2;223;76;60m▄[38;2;243;78;60;48;2;85;44;38m▄[0m[38;2;97;49;44m▄         [0m
 [38;2;0;0;0m     [38;2;73;40;37m▄[38;2;249;76;62;48;2;198;70;59m▄[38;2;251;76;61;48;2;251;77;61m▄ [48;2;252;77;61m [38;2;252;78;61m▄▄▄[48;2;252;78;61m [38;2;252;79;61;48;2;252;77;61m▄[48;2;252;78;61m  [38;2;251;77;61m▄[38;2;252;78;61;48;2;251;78;61m▄[38;2;251;79;62;48;2;234;78;61m▄[0m[38;2;165;66;53m▄[0m [38;2;4;4;4m       [0m
 [38;2;0;0;0m     [38;2;170;70;61;48;2;135;58;52m▄[38;2;251;77;60;48;2;250;76;61m▄[38;2;252;77;61;48;2;251;76;61m▄[48;2;252;77;61m [38;2;252;78;62m▄[48;2;252;78;61m▄[38;2;252;79;61;48;2;252;78;62m▄[38;2;253;79;61;48;2;252;78;61m▄[38;2;252;79;61m▄[38;2;253;79;60m▄ [38;2;251;79;61m▄[38;2;252;79;62;48;2;251;78;61m▄▄[38;2;252;78;61;48;2;251;79;61m▄[38;2;252;80;61;48;2;241;80;61m▄[0m[38;2;167;68;55m▄[0m [38;2;20;17;17m      [0m
 [38;2;0;0;0m     [38;2;128;58;51;48;2;164;69;59m▄[38;2;251;79;63;48;2;251;77;62m▄[48;2;252;77;61m [38;2;252;77;61;48;2;252;78;61m▄[48;2;252;78;62m [38;2;252;80;62;48;2;253;78;62m▄[38;2;205;89;75;48;2;252;79;61m▄[38;2;165;184;186;48;2;242;77;60m▄[38;2;188;235;239;48;2;207;72;57m▄[38;2;184;227;231;48;2;218;72;56m▄[38;2;166;146;143;48;2;249;79;63m▄[38;2;224;75;59;48;2;251;80;62m▄[38;2;251;77;60;48;2;252;79;62m▄[38;2;242;79;61;48;2;252;80;63m▄[38;2;175;138;134;48;2;251;82;63m▄[38;2;167;210;214;48;2;234;73;55m▄[38;2;170;202;203;48;2;236;79;59m▄[38;2;125;116;115;48;2;121;55;45m▄[0m [38;2;3;3;3m     [0m
 [38;2;0;0;0m     [7m[38;2;70;36;34m▄[0m[38;2;227;76;62;48;2;251;78;62m▄[38;2;252;78;62;48;2;253;78;62m▄[38;2;253;78;62;48;2;252;77;61m▄[38;2;252;80;63;48;2;253;79;62m▄[38;2;197;93;83;48;2;233;77;61m▄[38;2;199;242;248;48;2;170;197;199m▄[38;2;194;242;250;48;2;198;242;250m▄[38;2;197;243;250;48;2;196;242;249m▄[38;2;195;241;249;48;2;198;242;249m▄[48;2;194;241;248m▄[38;2;171;205;208;48;2;170;135;132m▄[38;2;240;84;66;48;2;249;75;57m▄[38;2;185;160;157;48;2;154;111;106m▄[38;2;196;242;249;48;2;202;243;249m▄[38;2;201;243;249;48;2;195;241;248m▄[38;2;195;242;249;48;2;198;242;249m▄[38;2;192;241;248;48;2;198;238;243m▄[0m[38;2;112;133;135m▄     [0m
 [38;2;0;0;0m     [0m [38;2;88;41;36;48;2;166;67;57m▄[38;2;250;80;63;48;2;250;78;62m▄[38;2;253;80;63;48;2;251;78;62m▄[38;2;252;80;63;48;2;252;82;64m▄[38;2;238;79;62;48;2;199;93;81m▄[38;2;170;192;194;48;2;199;241;248m▄[38;2;199;243;250m▄[38;2;205;244;249;48;2;98;120;123m▄[38;2;198;242;249;48;2;198;243;249m▄[38;2;199;243;249;48;2;194;242;249m▄[38;2;175;138;135;48;2;168;203;207m▄[38;2;250;75;57;48;2;242;86;67m▄[38;2;230;73;57;48;2;187;129;122m▄[38;2;167;174;176;48;2;204;242;249m▄[38;2;201;243;248;48;2;140;165;168m▄[38;2;204;243;248;48;2;168;207;212m▄[38;2;185;221;225;48;2;201;242;248m▄[0m[7m[38;2;104;121;122m▄[0m[38;2;29;33;34m     [0m
 [38;2;0;0;0m      [0m [38;2;196;73;61;48;2;239;75;61m▄[38;2;252;78;61;48;2;252;79;62m▄[38;2;253;79;62;48;2;252;78;61m▄[38;2;252;79;62;48;2;251;79;62m▄[38;2;251;80;62;48;2;218;87;72m▄[38;2;245;79;59;48;2;177;178;178m▄[38;2;223;64;46;48;2;184;227;232m▄[38;2;210;65;49;48;2;180;218;222m▄[38;2;219;71;53;48;2;168;143;141m▄[38;2;251;77;61;48;2;221;71;58m▄[38;2;252;78;61;48;2;251;76;60m▄[48;2;252;79;62m [38;2;251;77;60;48;2;235;82;65m▄[38;2;248;74;57;48;2;152;121;117m▄[38;2;187;60;44;48;2;171;147;142m▄[38;2;98;50;43;48;2;129;79;72m▄[0m[38;2;98;50;43m      [0m
 [38;2;0;0;0m       [38;2;119;54;47;48;2;155;64;55m▄[38;2;250;78;62;48;2;251;77;60m▄[38;2;252;76;60;48;2;252;78;61m▄[38;2;251;77;61;48;2;252;79;62m▄[38;2;251;77;60;48;2;250;78;61m▄[38;2;251;78;61;48;2;210;70;53m▄[38;2;251;79;62;48;2;202;64;49m▄[38;2;252;80;62;48;2;220;69;52m▄[38;2;252;80;63;48;2;250;76;60m▄[38;2;251;78;61;48;2;251;77;61m▄[38;2;251;77;60;48;2;252;78;61m▄[38;2;251;78;60;48;2;252;77;61m▄[38;2;252;79;61;48;2;252;77;60m▄[38;2;252;80;62;48;2;251;77;61m▄[38;2;252;81;62;48;2;250;78;60m▄[38;2;239;77;57;48;2;128;57;48m▄[0m [38;2;49;33;31m     [0m
 [38;2;0;0;0m       [38;2;81;34;26;48;2;100;47;41m▄[38;2;251;75;59;48;2;250;76;60m▄[38;2;252;75;59;48;2;251;76;60m▄[38;2;251;76;60;48;2;251;75;60m▄[48;2;251;76;61m [48;2;251;78;62m [38;2;219;74;57;48;2;252;81;64m▄[38;2;217;72;55;48;2;253;82;64m▄[38;2;252;79;61;48;2;252;80;63m▄[38;2;248;82;63;48;2;251;79;62m▄[38;2;221;74;57;48;2;251;77;60m▄[38;2;251;80;63m▄[38;2;207;67;50;48;2;249;77;60m▄[38;2;250;75;58;48;2;252;77;60m▄[38;2;214;70;54;48;2;231;70;52m▄[38;2;246;84;67;48;2;251;77;58m▄[38;2;175;75;63;48;2;128;58;49m▄[0m[38;2;175;75;63m     [0m
 [38;2;0;0;0m      [0m [38;2;140;77;68;48;2;107;52;46m▄[48;2;250;76;61m [38;2;252;76;60;48;2;252;75;59m▄[48;2;252;75;60m▄[38;2;251;76;61;48;2;251;76;60m▄[48;2;251;77;61m [38;2;251;75;61;48;2;246;78;62m▄[38;2;193;61;47;48;2;187;59;44m▄[38;2;250;82;65;48;2;251;77;59m▄[38;2;250;81;64;48;2;251;85;68m▄[38;2;198;64;49;48;2;206;72;55m▄[38;2;251;81;64;48;2;251;82;65m▄[38;2;215;63;47;48;2;202;66;49m▄[38;2;226;69;54;48;2;245;74;57m▄[38;2;239;72;55;48;2;232;69;53m▄[38;2;205;61;46;48;2;217;62;47m▄[38;2;238;85;65;48;2;183;66;54m▄[0m [38;2;36;25;24m    [0m
 [38;2;0;0;0m    [0m [38;2;137;142;125m▄[38;2;225;235;203;48;2;199;205;185m▄[38;2;163;80;68;48;2;178;102;86m▄[38;2;251;80;64;48;2;250;75;59m▄[38;2;252;77;61;48;2;252;75;60m▄[38;2;251;76;61;48;2;251;76;60m▄[48;2;251;76;61m [38;2;252;77;62;48;2;251;77;61m▄[38;2;252;80;65;48;2;252;79;64m▄[38;2;202;65;50;48;2;192;64;51m▄[38;2;252;77;59;48;2;251;82;64m▄[38;2;236;74;56;48;2;249;76;56m▄[38;2;189;62;48;48;2;188;57;43m▄[38;2;253;84;64;48;2;252;79;61m▄[38;2;199;70;53;48;2;213;64;47m▄[38;2;248;76;58;48;2;234;76;59m▄[38;2;247;76;59;48;2;245;83;65m▄[38;2;160;60;47;48;2;189;59;44m▄[38;2;227;76;59;48;2;250;75;58m▄[0m[7m[38;2;95;49;43m▄[0m[38;2;49;27;25m   [0m [0m
 [38;2;0;0;0m  [0m [38;2;172;178;156m▄[38;2;225;235;203;48;2;123;127;113m▄[38;2;226;235;203;48;2;216;226;195m▄[38;2;227;236;206;48;2;223;234;200m▄[38;2;173;185;163;48;2;132;140;126m▄[38;2;116;164;153;48;2;183;78;67m▄[38;2;130;119;107;48;2;249;78;62m▄[38;2;189;79;66;48;2;252;77;62m▄[38;2;243;79;63;48;2;252;78;62m▄[38;2;251;79;62m▄[38;2;251;77;60;48;2;251;74;60m▄[38;2;250;75;58;48;2;196;58;44m▄[38;2;240;75;57;48;2;203;64;47m▄[38;2;249;79;62;48;2;185;62;48m▄[38;2;245;77;59;48;2;198;67;50m▄[38;2;183;72;58;48;2;238;85;62m▄[38;2;150;135;121;48;2;114;51;40m▄[38;2;117;119;112;48;2;178;56;41m▄[0m[7m[38;2;164;63;52m▄[0m  [38;2;0;0;0m   [0m [38;2;36;36;21m▄[0m
 [38;2;105;109;96m▄[38;2;222;231;202;48;2;78;80;73m▄[38;2;227;235;205;48;2;206;213;187m▄[38;2;226;235;203;48;2;225;234;202m▄▄[48;2;225;235;203m▄[38;2;226;235;204;48;2;225;234;203m▄[38;2;225;234;204;48;2;221;231;200m▄[38;2;182;195;172;48;2;122;154;142m▄[38;2;125;174;162;48;2;133;183;171m▄[38;2;129;181;169;48;2;133;183;170m▄[38;2;129;182;169;48;2;115;150;137m▄[38;2;131;183;171;48;2;128;119;106m▄[38;2;134;185;172;48;2;159;107;91m▄[38;2;136;187;174;48;2;170;98;82m▄[38;2;118;160;150;48;2;167;86;72m▄[38;2;137;187;175;48;2;159;98;85m▄[38;2;132;185;172;48;2;127;120;106m▄[38;2;127;179;167;48;2;120;167;154m▄[38;2;177;188;164;48;2;161;179;161m▄[38;2;226;235;205;48;2;192;198;176m▄[0m[38;2;206;214;186m▄[38;2;70;72;65m▄[0m [38;2;3;2;2m  [0m [38;2;49;49;10;48;2;33;33;24m▄[38;2;51;52;0;48;2;52;52;2m▄[0m
[38;2;222;232;200;48;2;97;100;90m▄[38;2;223;231;202;48;2;185;193;165m▄[38;2;173;179;156;48;2;221;230;196m▄[38;2;216;224;194;48;2;225;234;202m▄[48;2;226;235;203m   [38;2;226;235;203;48;2;225;235;203m▄[48;2;226;235;204m▄[48;2;226;235;205m▄[38;2;216;225;196;48;2;125;143;127m▄[38;2;125;156;145;48;2;107;147;137m▄[38;2;116;159;148;48;2;132;180;168m▄[38;2;109;149;140;48;2;132;183;171m▄[38;2;107;147;138;48;2;130;182;170m▄[38;2;109;150;140;48;2;131;183;170m▄[38;2;104;143;133;48;2;110;152;141m▄[38;2;110;152;142;48;2;135;186;173m▄[38;2;119;166;155;48;2;134;181;169m▄[38;2;153;177;158;48;2;96;126;117m▄[38;2;224;234;199;48;2;215;225;191m▄[38;2;224;234;200;48;2;224;233;200m▄[38;2;225;234;202;48;2;224;234;200m▄[38;2;227;236;206;48;2;218;227;196m▄[38;2;184;188;167;48;2;78;79;72m▄[0m[38;2;127;130;118m▄[0m [38;2;48;48;7;48;2;41;41;24m▄[38;2;51;51;0;48;2;50;50;0m▄[48;2;50;51;0m▄[0m
[?25h