[?25l[0m [38;2;0;0;0m   [0m [38;2;54;32;29m▄[38;2;154;67;59m▄[38;2;200;70;58m▄[38;2;220;78;64m▄[38;2;223;81;67m▄[38;2;220;79;65m▄[38;2;209;76;63m▄[38;2;171;70;59m▄[38;2;101;49;43m▄[0m [38;2;26;23;22m               [0m
 [38;2;0;0;0m [0m [38;2;150;55;49m▄[38;2;225;77;66;48;2;135;60;54m▄[38;2;224;77;65;48;2;220;78;66m▄[38;2;224;78;66;48;2;223;77;65m▄[48;2;223;78;66m▄[48;2;223;79;66m▄[38;2;224;79;67m▄[38;2;225;80;67;48;2;223;80;67m▄[48;2;224;80;67m▄ [38;2;224;79;67;48;2;223;79;67m▄[38;2;225;80;68;48;2;194;70;58m▄[38;2;224;81;68;48;2;83;47;43m▄[0m[38;2;109;50;44m▄[0m [38;2;5;5;5m            [0m
  [38;2;185;68;59;48;2;107;57;53m▄[38;2;225;79;67;48;2;225;77;66m▄[48;2;225;78;66m [48;2;224;78;66m [38;2;225;78;66m▄[38;2;225;79;66;48;2;225;78;66m▄[38;2;225;79;67;48;2;225;79;66m▄[38;2;225;79;66;48;2;225;79;67m▄[38;2;225;79;67;48;2;225;80;67m▄ [38;2;225;80;67;48;2;225;79;67m▄[48;2;225;80;68m▄[48;2;226;81;68m▄[38;2;225;80;68;48;2;226;82;69m▄[38;2;226;80;68;48;2;225;82;68m▄[38;2;206;76;63;48;2;88;45;40m▄[0m [38;2;30;20;20m           [0m
 [38;2;70;45;43m▄[38;2;224;78;65;48;2;223;79;67m▄[38;2;224;78;66;48;2;224;79;67m▄[48;2;225;78;66m [38;2;225;79;66;48;2;224;78;66m▄[38;2;225;79;67;48;2;225;78;66m▄[48;2;225;79;67m [38;2;225;80;68m▄[38;2;225;80;67m▄ [38;2;226;79;67m▄▄[48;2;226;80;67m▄[48;2;225;79;67m  [38;2;225;79;67;48;2;225;80;68m▄[38;2;224;77;65;48;2;226;83;70m▄[38;2;200;69;57;48;2;108;51;43m▄[0m[38;2;100;49;45m▄[0m [38;2;3;3;3m         [0m
  [38;2;205;70;60;48;2;225;79;67m▄[48;2;224;78;66m [38;2;225;79;66;48;2;225;78;66m▄[48;2;225;79;66m [38;2;225;80;68;48;2;225;79;67m▄[38;2;227;81;69;48;2;225;80;68m▄[38;2;224;82;68;48;2;226;81;68m▄[38;2;150;112;108;48;2;225;80;67m▄[38;2;181;222;229;48;2;190;70;60m▄[38;2;195;242;250;48;2;178;87;79m▄[38;2;184;226;233;48;2;190;71;61m▄[38;2;154;125;122;48;2;226;78;66m▄[38;2;220;80;68;48;2;226;79;67m▄[38;2;224;79;67;48;2;226;80;67m▄[38;2;183;92;82;48;2;225;79;65m▄[38;2;178;210;214;48;2;198;68;59m▄[38;2;197;242;250;48;2;177;93;84m▄[38;2;189;236;243;48;2;147;66;59m▄[0m[38;2;119;140;144m▄[0m [38;2;9;9;9m        [0m
  [38;2;74;41;38;48;2;153;63;57m▄[38;2;224;78;65;48;2;224;78;66m▄[38;2;225;79;66;48;2;225;78;66m▄[48;2;225;79;66m [48;2;226;80;68m [38;2;229;82;69;48;2;228;82;69m▄[38;2;162;135;134;48;2;172;90;81m▄[38;2;191;240;250;48;2;191;236;243m▄[38;2;193;241;251;48;2;196;242;251m▄[38;2;146;177;181m▄[38;2;172;204;209;48;2;195;242;252m▄[38;2;202;245;252;48;2;198;241;248m▄[38;2;158;153;153;48;2;155;93;88m▄[38;2;196;74;62;48;2;215;75;61m▄[38;2;184;228;238;48;2;168;190;194m▄[38;2;193;242;252;48;2;197;243;252m▄[38;2;167;206;213;48;2;196;242;251m▄[38;2;111;134;137;48;2;196;241;250m▄[38;2;202;244;251;48;2;196;240;248m▄[38;2;91;107;109;48;2;58;67;69m▄[0m[38;2;91;107;109m        [0m
 [38;2;0;0;0m [0m [38;2;110;51;47;48;2;189;71;63m▄[48;2;225;79;66m [48;2;224;78;65m [48;2;225;79;66m [38;2;227;80;67;48;2;228;80;67m▄[38;2;185;77;67;48;2;167;127;124m▄[38;2;172;212;219;48;2;199;241;250m▄[38;2;197;243;252;48;2;193;242;251m▄[38;2;198;243;252;48;2;164;201;207m▄[38;2;193;243;252;48;2;179;218;225m▄[38;2;187;222;228;48;2;197;243;251m▄[38;2;181;83;74;48;2;153;135;135m▄[38;2;225;74;62;48;2;219;76;62m▄[38;2;192;86;75;48;2;164;175;179m▄[38;2;167;192;197;48;2;196;242;251m▄[38;2;192;242;250;48;2;194;240;248m▄[38;2;198;242;250;48;2;176;223;231m▄[38;2;133;156;160;48;2;190;240;249m▄[0m[7m[38;2;63;73;76m▄[0m[38;2;11;11;11m        [0m
 [38;2;0;0;0m  [0m [38;2;178;69;60;48;2;217;77;65m▄[38;2;225;80;67;48;2;225;79;66m▄[38;2;224;79;67m▄[48;2;225;80;67m [38;2;226;80;68m▄[38;2;226;81;68;48;2;181;87;77m▄[38;2;224;81;65;48;2;163;162;162m▄[38;2;222;78;63;48;2;153;181;186m▄[38;2;198;74;60;48;2;149;157;159m▄[38;2;184;63;52;48;2;165;79;72m▄[38;2;225;76;64;48;2;224;76;64m▄[38;2;226;79;66;48;2;225;79;67m▄[38;2;226;81;67;48;2;226;83;70m▄[38;2;225;81;67;48;2;203;82;70m▄[38;2;220;74;61;48;2;119;89;85m▄[38;2;145;47;37;48;2;165;85;79m▄[38;2;95;50;44;48;2;122;57;51m▄[0m[38;2;95;50;44m         [0m
 [38;2;0;0;0m   [38;2;103;49;46;48;2;133;60;54m▄[38;2;224;78;66;48;2;225;79;67m▄[38;2;225;78;66;48;2;225;79;66m▄[38;2;225;79;67;48;2;224;79;66m▄[38;2;224;79;67;48;2;225;80;67m▄[38;2;223;79;67;48;2;218;79;66m▄[48;2;173;62;50m▄[38;2;222;78;65;48;2;163;56;46m▄[48;2;193;68;57m▄[38;2;224;80;67;48;2;226;83;70m▄[38;2;226;81;67;48;2;226;80;66m▄[38;2;226;80;66;48;2;226;79;66m▄[38;2;225;79;67;48;2;225;78;66m▄[48;2;224;79;66m [38;2;225;80;67;48;2;225;79;66m▄[38;2;227;84;70;48;2;226;80;66m▄[38;2;211;75;61;48;2;106;48;42m▄[0m [38;2;33;23;22m        [0m
 [38;2;0;0;0m   [38;2;88;47;45;48;2;89;46;43m▄[48;2;224;77;65m [38;2;225;78;66;48;2;224;78;66m▄[48;2;225;79;67m [38;2;225;80;68;48;2;225;80;67m▄[38;2;226;81;68;48;2;224;80;68m▄[38;2;219;79;66;48;2;224;81;68m▄[38;2;146;50;40;48;2;224;80;67m▄[38;2;222;75;64;48;2;223;78;65m▄[48;2;222;76;64m [38;2;177;62;49;48;2;221;76;63m▄[38;2;229;84;70;48;2;226;80;66m▄[38;2;228;87;73;48;2;223;83;68m▄[38;2;185;68;55;48;2;218;82;69m▄[38;2;224;81;67;48;2;226;85;71m▄[38;2;166;57;45;48;2;182;65;53m▄[38;2;225;85;70;48;2;224;77;63m▄[38;2;161;73;63;48;2;114;55;49m▄[0m[38;2;161;73;63m        [0m
 [38;2;0;0;0m  [0m [38;2;113;68;62;48;2;86;45;41m▄[38;2;223;76;64;48;2;224;78;67m▄[48;2;224;78;66m [48;2;224;79;66m [48;2;225;80;67m [38;2;225;80;67;48;2;225;80;68m▄[38;2;224;79;67;48;2;222;80;68m▄[38;2;214;74;61;48;2;136;48;39m▄[38;2;182;67;55;48;2;196;67;54m▄[38;2;226;83;69;48;2;225;82;68m▄[38;2;183;65;52;48;2;190;69;56m▄[38;2;215;73;60;48;2;222;80;66m▄[38;2;224;76;63;48;2;225;80;66m▄[38;2;158;52;43;48;2;171;60;48m▄[38;2;222;77;64;48;2;223;79;65m▄[38;2;190;68;57;48;2;176;59;47m▄[38;2;197;69;57;48;2;211;72;59m▄[38;2;224;80;65;48;2;190;67;55m▄[0m[38;2;96;46;41m▄       [0m
  [38;2;122;125;113m▄[38;2;229;236;208;48;2;197;203;182m▄[38;2;161;124;108;48;2;145;91;80m▄[38;2;227;82;71;48;2;224;76;65m▄[38;2;226;79;68;48;2;225;78;67m▄[48;2;225;79;67m [38;2;224;80;67;48;2;225;80;67m▄[48;2;225;80;68m▄ [38;2;203;73;61;48;2;198;71;59m▄[38;2;188;63;52;48;2;204;71;58m▄[38;2;225;77;64;48;2;224;79;65m▄[38;2;144;50;41;48;2;169;59;47m▄[38;2;229;86;73;48;2;222;75;62m▄[38;2;227;85;72;48;2;225;78;65m▄[38;2;151;52;43;48;2;168;58;47m▄[38;2;223;76;62;48;2;224;79;66m▄[38;2;186;64;52;48;2;216;77;63m▄[38;2;60;41;39;48;2;176;64;53m▄[38;2;91;46;40;48;2;225;74;61m▄[0m[7m[38;2;103;48;45m▄[0m[38;2;15;14;13m     [0m [38;2;35;35;26m▄[0m
[38;2;148;151;135m▄[38;2;228;235;205;48;2;98;100;91m▄[48;2;204;211;183m▄[38;2;228;235;206;48;2;226;233;201m▄[38;2;230;236;209;48;2;187;193;166m▄[38;2;123;152;135;48;2;112;72;64m▄[38;2;115;145;130;48;2;209;73;63m▄[38;2;153;94;80;48;2;226;79;67m▄[38;2;197;70;59;48;2;225;80;67m▄[38;2;225;78;65;48;2;225;80;68m▄[38;2;224;81;68;48;2;224;80;68m▄[48;2;223;77;65m▄[38;2;226;84;71;48;2;175;60;49m▄[38;2;226;83;70;48;2;180;62;50m▄[38;2;225;76;65;48;2;201;72;60m▄[38;2;225;81;67;48;2;174;62;50m▄[38;2;222;85;70;48;2;172;62;50m▄[38;2;128;77;66;48;2;145;58;47m▄[38;2;221;227;202;48;2;146;106;94m▄[0m [38;2;26;26;25m       [0m [38;2;40;40;9;48;2;36;36;24m▄[38;2;58;58;11;48;2;51;52;7m▄[0m
[7m[38;2;229;235;206m [0m[38;2;229;235;206;48;2;229;235;205m▄[38;2;228;235;206m▄[48;2;229;236;206m▄[48;2;228;235;205m [38;2;228;235;205;48;2;193;201;173m▄[38;2;155;168;150;48;2;117;161;146m▄[38;2;133;186;171;48;2;135;191;174m▄[38;2;135;192;176;48;2;115;166;151m▄[38;2;138;194;177;48;2;116;127;114m▄[38;2;141;195;178;48;2;144;112;98m▄[38;2;138;193;176;48;2;150;90;77m▄[38;2;133;192;173;48;2;164;83;70m▄[38;2;109;160;144;48;2;157;72;60m▄[38;2;135;187;171;48;2;152;84;72m▄[38;2;138;195;177;48;2;137;107;94m▄[38;2;135;193;174;48;2;110;140;127m▄[38;2;155;172;150;48;2;135;160;144m▄[38;2;228;235;204;48;2;232;238;212m▄[38;2;229;236;208;48;2;174;179;160m▄[0m[38;2;208;214;190m▄[38;2;73;74;69m▄[0m [38;2;2;2;2m   [0m [38;2;61;60;34;48;2;59;57;29m▄[38;2;75;73;14;48;2;67;65;13m▄[38;2;71;69;13;48;2;68;67;14m▄[0m
[38;2;229;236;206;48;2;229;235;205m▄[38;2;229;236;205;48;2;229;235;206m▄ [38;2;229;235;205;48;2;229;236;206m▄[38;2;229;236;206;48;2;229;236;205m▄[38;2;229;235;206;48;2;228;235;206m▄[38;2;229;236;206m▄[38;2;225;231;202;48;2;110;123;109m▄[38;2;129;151;137;48;2;102;145;133m▄[38;2;124;173;159;48;2;127;175;160m▄[38;2;104;147;134;48;2;138;193;176m▄[38;2;107;149;136;48;2;133;191;173m▄[38;2;106;151;136;48;2;136;192;175m▄[38;2;102;146;132;48;2;114;163;148m▄[38;2;107;149;136;48;2;131;186;169m▄[38;2;108;155;140;48;2;130;183;166m▄[38;2;123;149;135;48;2;93;131;120m▄[38;2;229;236;206;48;2;199;207;182m▄[38;2;229;235;204;48;2;228;235;203m▄[38;2;228;234;204;48;2;228;235;204m▄[48;2;228;235;205m▄[38;2;229;235;207;48;2;213;221;191m▄[38;2;173;177;156;48;2;63;64;59m▄[0m[38;2;85;87;78m▄[0m [38;2;1;1;1m  [0m [38;2;47;46;23;48;2;76;73;29m▄[38;2;71;70;14;48;2;71;69;14m▄[0m
[?25h