[?25l[0m [38;2;0;0;0m           [0m [38;2;66;38;36m▄[38;2;158;68;62m▄[38;2;202;65;58m▄[38;2;223;71;63m▄[38;2;225;74;64m▄[38;2;205;69;59m▄[38;2;164;71;63m▄[38;2;82;44;41m▄[0m [38;2;15;14;14m        [0m
 [38;2;0;0;0m         [0m [38;2;193;69;61m▄[38;2;251;77;69;48;2;154;61;55m▄[38;2;251;76;68;48;2;244;73;65m▄[38;2;251;75;67;48;2;251;74;66m▄[38;2;251;76;68;48;2;251;75;66m▄[38;2;252;78;69;48;2;252;77;68m▄▄[48;2;251;77;67m▄[48;2;251;77;68m▄[38;2;252;79;70;48;2;248;79;70m▄[48;2;187;68;59m▄[38;2;226;73;64;48;2;53;35;33m▄[0m[38;2;72;42;40m▄[0m [38;2;2;2;2m     [0m
 [38;2;0;0;0m       [0m [38;2;131;53;48m▄[38;2;248;73;64;48;2;181;61;55m▄[38;2;249;73;65;48;2;248;74;66m▄[48;2;250;75;67m [48;2;251;76;67m [38;2;252;76;68;48;2;252;77;68m▄[38;2;252;78;69m▄[48;2;252;78;69m [38;2;252;79;70;48;2;251;78;69m▄[48;2;252;79;70m   [38;2;252;78;70;48;2;252;79;69m▄[38;2;252;78;69m▄[38;2;251;80;70;48;2;220;73;64m▄[0m[38;2;167;71;65m▄[0m [38;2;8;8;8m    [0m
 [38;2;0;0;0m     [0m [38;2;54;33;32m▄[38;2;183;61;56;48;2;57;33;31m▄[38;2;250;74;66;48;2;238;77;68m▄[38;2;251;74;67;48;2;251;75;67m▄[38;2;251;75;67;48;2;251;74;66m▄[38;2;252;75;67m▄[38;2;251;76;68;48;2;252;76;67m▄[38;2;252;78;68;48;2;252;77;68m▄[38;2;252;78;70;48;2;252;78;69m▄[48;2;252;79;70m [38;2;252;80;71m▄[38;2;252;80;70m▄[48;2;252;78;70m [38;2;252;78;69m▄ [38;2;252;78;70;48;2;253;79;70m▄[48;2;252;79;70m [38;2;249;81;72;48;2;237;79;69m▄[0m[38;2;95;44;41m▄    [0m
 [38;2;0;0;0m     [38;2;156;78;71;48;2;73;44;42m▄[38;2;243;86;76;48;2;233;72;64m▄[38;2;251;81;72;48;2;250;72;65m▄[38;2;252;74;66;48;2;251;74;67m▄[38;2;251;72;66;48;2;252;74;67m▄[38;2;252;74;67;48;2;252;75;68m▄[38;2;252;77;68;48;2;252;76;68m▄[48;2;252;78;68m [38;2;224;73;62;48;2;251;78;69m▄[38;2;250;81;71;48;2;252;78;70m▄[38;2;251;81;71;48;2;252;79;70m▄[38;2;252;81;71;48;2;253;80;71m▄ [48;2;253;80;70m [48;2;253;79;70m [48;2;252;78;70m [38;2;252;79;70m▄[48;2;252;79;71m [48;2;252;78;70m▄[38;2;159;74;70;48;2;148;66;61m▄[0m[38;2;159;74;70m    [0m
 [38;2;0;0;0m   [0m [38;2;151;196;203m▄[38;2;173;230;238;48;2;114;139;143m▄[38;2;177;232;238;48;2;136;161;164m▄[38;2;179;234;240;48;2;155;138;138m▄[38;2;145;173;178;48;2;210;72;67m▄[38;2;225;71;64;48;2;252;76;67m▄[38;2;252;82;72;48;2;252;74;66m▄[38;2;205;80;73;48;2;251;73;65m▄[38;2;162;197;202;48;2;205;73;66m▄[38;2;180;232;239;48;2;144;124;122m▄[38;2;177;232;239;48;2;148;155;155m▄[38;2;179;233;239;48;2;156;132;129m▄[38;2;161;207;213;48;2;196;76;70m▄[38;2;182;82;78;48;2;252;80;71m▄[38;2;252;79;71;48;2;253;79;70m▄[38;2;252;79;70;48;2;253;79;69m▄[48;2;252;78;70m▄[38;2;252;78;70;48;2;252;79;70m▄[38;2;253;79;70m▄[38;2;249;83;73;48;2;252;80;70m▄[38;2;91;46;43;48;2;146;68;63m▄[0m[38;2;91;46;43m    [0m
 [38;2;0;0;0m   [38;2;118;144;148;48;2;101;119;122m▄[38;2;165;213;220;48;2;181;232;239m▄[38;2;64;83;86;48;2;179;232;239m▄[38;2;176;232;238;48;2;176;231;239m▄[38;2;179;232;239;48;2;177;232;239m▄[38;2;185;235;241;48;2;176;232;240m▄[38;2;169;94;90;48;2;167;82;79m▄[38;2;230;84;73;48;2;248;85;75m▄[38;2;151;188;194;48;2;152;143;145m▄[38;2;175;233;240;48;2;181;234;241m▄[38;2;131;174;179;48;2;178;232;239m▄[38;2;128;162;166;48;2;180;232;239m▄[38;2;185;234;240m▄[38;2;183;233;239;48;2;176;232;239m▄[38;2;179;228;232;48;2;141;172;176m▄[38;2;188;69;62;48;2;238;77;69m▄[38;2;252;80;72;48;2;253;80;71m▄[38;2;253;80;71;48;2;253;79;70m▄[38;2;252;80;71;48;2;252;79;70m▄ [38;2;178;65;59;48;2;238;79;69m▄[0m [38;2;16;16;16m    [0m
 [38;2;0;0;0m   [7m[38;2;102;120;122m▄[0m[38;2;150;192;197;48;2;187;233;240m▄[38;2;184;233;239;48;2;176;218;224m▄[38;2;187;234;240;48;2;182;233;239m▄[38;2;157;194;198;48;2;175;233;239m▄[38;2;180;76;71;48;2;150;197;203m▄[38;2;250;70;63;48;2;193;67;61m▄[38;2;251;73;64;48;2;238;83;72m▄[38;2;149;113;111;48;2;155;183;188m▄[38;2;179;232;240;48;2;179;233;241m▄[38;2;183;233;239;48;2;148;193;198m▄[38;2;181;232;239;48;2;145;185;190m▄[38;2;179;233;239;48;2;179;232;239m▄[38;2;181;233;240;48;2;180;233;239m▄[38;2;141;161;164;48;2;178;228;232m▄[38;2;236;71;63;48;2;188;68;61m▄[38;2;252;77;69;48;2;252;81;71m▄[48;2;252;79;70m [48;2;252;80;71m [38;2;209;75;66;48;2;249;83;74m▄[0m[7m[38;2;89;41;39m▄[0m[38;2;27;25;25m     [0m
 [38;2;0;0;0m    [38;2;86;44;41;48;2;113;67;64m▄[38;2;166;49;43;48;2;165;115;114m▄[38;2;222;68;61;48;2;130;118;118m▄[38;2;251;77;68;48;2;206;77;69m▄[38;2;252;77;68;48;2;251;79;69m▄[38;2;252;75;67;48;2;252;75;68m▄[38;2;253;76;67;48;2;252;75;65m▄[38;2;252;80;69;48;2;227;71;62m▄[38;2;218;75;64;48;2;147;142;143m▄[38;2;180;76;69;48;2;183;230;236m▄[38;2;167;104;99;48;2;183;232;239m▄[38;2;171;92;87;48;2;181;233;239m▄[38;2;169;56;51;48;2;146;188;193m▄[38;2;229;66;61;48;2;157;66;61m▄[38;2;251;75;68;48;2;250;74;66m▄[38;2;253;78;70;48;2;252;77;69m▄[38;2;253;79;71;48;2;253;80;71m▄[38;2;237;80;69;48;2;251;87;76m▄[0m[7m[38;2;123;56;51m▄[0m [38;2;0;0;0m     [0m
 [38;2;0;0;0m  [0m [38;2;143;57;54m▄[38;2;249;78;69;48;2;123;50;46m▄[38;2;252;75;66;48;2;243;76;67m▄[38;2;252;74;66;48;2;251;76;67m▄[38;2;252;75;68;48;2;252;76;68m▄[38;2;252;77;68m▄[38;2;252;77;69m▄[38;2;251;78;69;48;2;252;77;69m▄[38;2;251;78;68;48;2;252;79;70m▄[48;2;217;70;60m▄[38;2;247;73;64;48;2;188;59;50m▄[38;2;217;67;58;48;2;219;65;54m▄[38;2;221;69;61;48;2;236;72;61m▄[38;2;251;77;68;48;2;250;76;67m▄[38;2;253;79;71;48;2;251;75;68m▄[38;2;253;80;71;48;2;251;78;69m▄[38;2;252;78;70;48;2;253;80;71m▄[38;2;250;80;70;48;2;252;80;71m▄[38;2;109;51;48;48;2;174;64;57m▄[0m [38;2;0;0;0m      [0m
 [38;2;0;0;0m [0m [38;2;225;75;66;48;2;118;57;53m▄[38;2;248;79;68;48;2;248;76;68m▄[38;2;195;61;52;48;2;251;73;65m▄[38;2;252;76;68;48;2;252;76;67m▄[38;2;234;73;64m▄[38;2;251;78;69;48;2;252;75;67m▄[38;2;252;77;68;48;2;252;77;69m▄[38;2;248;76;67;48;2;252;78;69m▄[38;2;252;76;68m▄[38;2;252;77;68m▄[38;2;252;79;70;48;2;252;77;69m▄[38;2;251;79;71;48;2;251;75;69m▄[38;2;247;78;70;48;2;251;78;70m▄[38;2;246;75;67;48;2;252;78;69m▄[38;2;252;78;69;48;2;251;77;69m▄[48;2;252;79;70m [38;2;251;78;70;48;2;252;79;71m▄[38;2;252;78;70;48;2;252;78;71m▄[38;2;225;75;67;48;2;246;79;70m▄[0m[7m[38;2;50;33;32m▄[0m[38;2;31;30;31m       [0m
  [38;2;167;62;58;48;2;107;55;52m▄[38;2;250;70;63;48;2;250;80;73m▄[38;2;173;52;45;48;2;201;67;58m▄[38;2;249;75;67;48;2;230;75;68m▄[38;2;242;82;74;48;2;251;80;72m▄[38;2;193;62;55;48;2;185;58;49m▄[38;2;252;81;73;48;2;251;79;71m▄[38;2;227;72;63;48;2;250;76;66m▄[38;2;206;61;52;48;2;185;58;50m▄[38;2;251;73;65;48;2;251;75;66m▄[38;2;250;75;66m▄[38;2;106;32;28;48;2;202;61;53m▄[38;2;197;61;55;48;2;138;45;39m▄[38;2;248;74;66;48;2;159;50;43m▄[38;2;251;76;67;48;2;247;75;67m▄[48;2;252;77;68m [38;2;252;78;69;48;2;252;79;70m▄ [38;2;251;80;72;48;2;251;78;70m▄[38;2;159;61;55;48;2;193;67;61m▄[0m [38;2;0;0;0m       [0m
 [38;2;62;38;36m▄[38;2;250;86;73;48;2;225;70;62m▄[38;2;247;85;74;48;2;250;78;68m▄[38;2;183;57;49;48;2;178;56;48m▄[38;2;250;76;67;48;2;250;79;70m▄[38;2;190;52;44;48;2;212;66;57m▄[38;2;242;65;59;48;2;222;65;59m▄[38;2;252;74;66;48;2;252;76;68m▄[38;2;184;61;54;48;2;192;62;54m▄[38;2;243;77;70;48;2;231;69;60m▄[38;2;253;77;70;48;2;251;73;65m▄[38;2;208;67;59;48;2;226;67;59m▄[38;2;212;59;53;48;2;200;58;52m▄[38;2;250;72;65;48;2;251;75;67m▄[38;2;251;74;67;48;2;252;74;67m▄[38;2;251;76;68;48;2;252;75;68m▄[38;2;252;77;69;48;2;251;76;68m▄[38;2;252;78;70;48;2;251;77;69m▄[38;2;252;77;70;48;2;252;79;70m▄[38;2;250;79;70;48;2;250;83;74m▄[38;2;119;54;49;48;2;131;54;47m▄[0m [38;2;5;5;5m       [0m
  [7m[38;2;194;67;58m▄[38;2;229;71;59m▄[0m[38;2;84;40;37;48;2;170;49;43m▄[38;2;231;79;68;48;2;251;71;63m▄[38;2;176;61;49;48;2;196;59;50m▄[38;2;185;55;48;48;2;238;74;67m▄[38;2;250;68;59;48;2;252;79;69m▄[38;2;173;48;39;48;2;200;63;54m▄[38;2;170;48;41;48;2;228;72;66m▄[38;2;250;76;69;48;2;252;74;67m▄[38;2;185;55;48;48;2;214;64;56m▄[38;2;240;76;68;48;2;211;63;57m▄[38;2;252;76;68;48;2;250;72;66m▄[38;2;252;75;68;48;2;251;74;67m▄[48;2;251;76;68m▄[48;2;252;77;69m [38;2;253;77;69;48;2;253;78;70m▄[38;2;253;76;68;48;2;252;77;69m▄[38;2;247;74;64;48;2;250;74;66m▄[38;2;172;137;113;48;2;160;102;87m▄[38;2;186;192;157;48;2;82;82;76m▄[0m [38;2;14;14;14m      [0m
 [38;2;0;0;0m   [0m [38;2;167;171;146;48;2;79;73;67m▄[38;2;123;133;117;48;2;139;102;92m▄[38;2;138;85;73;48;2;198;54;47m▄[38;2;215;68;61;48;2;174;49;42m▄[38;2;250;73;65;48;2;196;54;47m▄[38;2;250;76;66;48;2;220;64;56m▄[38;2;251;80;70;48;2;176;58;49m▄[38;2;251;72;65;48;2;212;67;59m▄[38;2;252;72;66;48;2;250;73;66m▄[38;2;252;78;71;48;2;252;76;69m▄[38;2;251;83;74;48;2;252;77;70m▄[38;2;251;82;74;48;2;252;76;69m▄[38;2;219;69;62;48;2;252;75;68m▄[38;2;160;78;69;48;2;251;74;66m▄[38;2;106;103;96;48;2;248;82;72m▄[38;2;175;182;150;48;2;162;73;62m▄[38;2;235;242;198;48;2;223;228;194m▄[38;2;236;242;201;48;2;235;241;201m▄[38;2;205;209;176;48;2;60;61;54m▄[0m[38;2;78;79;71m▄[0m [38;2;1;1;1m    [0m
 [38;2;0;0;0m [0m [38;2;194;198;166m▄[38;2;233;240;193;48;2;162;166;139m▄[38;2;234;241;198;48;2;231;238;195m▄[38;2;144;165;141;48;2;134;158;137m▄[38;2;127;191;179;48;2;127;194;177m▄[38;2;123;189;176;48;2;112;170;155m▄[38;2;109;169;156;48;2;116;117;106m▄[38;2;101;159;145;48;2;119;73;67m▄[38;2;117;186;169;48;2;151;83;74m▄[38;2;119;189;171;48;2;159;72;65m▄[38;2;125;192;175;48;2;163;82;74m▄[38;2;125;191;176;48;2;155;98;87m▄[38;2;123;190;176;48;2;134;105;95m▄[38;2;119;188;174;48;2;114;126;114m▄[38;2;112;177;163;48;2;108;166;153m▄[38;2;140;158;136;48;2;120;178;165m▄[38;2;235;242;198;48;2;147;163;137m▄[38;2;235;241;197;48;2;234;241;192m▄[38;2;235;242;198;48;2;235;241;196m▄[48;2;235;242;199m▄[38;2;235;242;199;48;2;236;243;201m▄[48;2;225;231;194m▄[38;2;228;235;190;48;2;91;92;81m▄[0m[38;2;108;110;93m▄[0m [38;2;12;12;12m  [0m
 [38;2;134;137;114m▄[38;2;234;241;196;48;2;202;207;172m▄[38;2;235;241;197;48;2;236;242;201m▄[38;2;235;241;198;48;2;235;241;199m▄[38;2;234;241;197;48;2;235;242;200m▄[38;2;185;192;153;48;2;148;156;130m▄[38;2;113;172;159;48;2;88;133;122m▄[38;2;99;152;138;48;2;111;173;161m▄[38;2;79;124;113;48;2;96;151;139m▄[38;2;88;138;126;48;2;120;183;167m▄[38;2;91;140;129;48;2;123;190;174m▄[38;2;93;145;132;48;2;120;189;173m▄[38;2;92;143;131;48;2;119;186;171m▄[38;2;87;139;130;48;2;118;186;171m▄[38;2;70;109;102;48;2;124;191;176m▄[38;2;153;159;135;48;2;111;170;158m▄[38;2;237;243;202;48;2;140;157;132m▄[38;2;235;241;198;48;2;233;241;193m▄[38;2;235;241;197;48;2;235;242;197m▄[38;2;236;242;199;48;2;235;242;198m▄ [38;2;235;241;198m▄[38;2;235;242;198;48;2;234;242;198m▄[38;2;235;241;199;48;2;235;242;198m▄[38;2;235;242;201m▄[38;2;235;242;200;48;2;231;239;195m▄[38;2;225;230;192;48;2;117;119;101m▄[0m[38;2;97;97;86m▄[0m [0m
[?25h