[?25l[0m [38;2;0;0;0m        [0m [38;2;77;45;42m▄[38;2;168;75;67m▄[38;2;210;79;68m▄[38;2;236;89;75m▄[38;2;237;88;74m▄[38;2;217;79;67m▄[38;2;175;73;64m▄[38;2;94;52;47m▄[0m [38;2;17;17;17m           [0m
 [38;2;0;0;0m      [0m [38;2;214;79;68m▄[38;2;242;85;72;48;2;182;76;66m▄[38;2;242;86;73;48;2;242;86;72m▄[48;2;241;85;72m▄[38;2;241;84;72m▄▄[48;2;240;85;72m▄[38;2;242;86;73m▄▄[48;2;242;86;73m [38;2;243;88;73;48;2;192;75;64m▄[0m[38;2;230;85;71m▄[38;2;100;58;53m▄[0m [38;2;4;4;4m        [0m
 [38;2;0;0;0m     [38;2;108;55;51m▄[38;2;241;84;72;48;2;191;72;62m▄[38;2;242;84;72;48;2;242;85;72m▄[38;2;242;85;72;48;2;242;86;72m▄[38;2;241;84;72;48;2;242;85;72m▄[38;2;242;84;72m▄[48;2;242;84;72m [38;2;242;85;72m▄[48;2;242;85;72m [48;2;242;86;73m [48;2;243;86;73m [48;2;243;88;74m   [38;2;243;88;74;48;2;234;87;71m▄[38;2;225;86;71;48;2;85;49;45m▄[0m [38;2;42;28;26m       [0m
 [38;2;0;0;0m    [0m [38;2;230;79;68;48;2;191;74;67m▄[48;2;242;84;72m      [38;2;242;85;73;48;2;242;85;72m▄[38;2;243;86;73;48;2;242;86;73m▄[38;2;243;87;74;48;2;243;86;73m▄▄[48;2;243;87;73m [48;2;242;87;73m [38;2;243;87;73;48;2;243;88;74m▄ [38;2;242;87;74m▄[38;2;239;86;72;48;2;167;71;59m▄[0m[38;2;68;40;37m▄      [0m
 [38;2;0;0;0m    [0m [38;2;240;81;70;48;2;240;82;71m▄[38;2;241;82;71;48;2;242;83;72m▄[48;2;242;84;72m [38;2;242;84;72;48;2;242;85;72m▄[38;2;242;85;72;48;2;242;84;72m▄[38;2;242;85;73m▄[38;2;243;85;73;48;2;242;85;72m▄[48;2;243;86;73m [38;2;244;87;74;48;2;243;87;74m▄[38;2;244;88;74;48;2;244;87;74m▄[48;2;243;88;74m▄[38;2;242;87;74;48;2;243;87;74m▄[38;2;244;88;74m▄[48;2;243;88;74m▄[38;2;243;86;73;48;2;242;87;74m▄[38;2;243;87;74m▄[38;2;244;90;76;48;2;242;87;75m▄[38;2;230;90;74;48;2;177;77;67m▄[0m[38;2;129;65;59m▄[0m [38;2;30;23;23m    [0m
 [38;2;0;0;0m    [0m [38;2;207;71;63;48;2;236;80;70m▄[48;2;241;82;71m [48;2;242;83;71m [38;2;242;83;72;48;2;243;84;72m▄[38;2;243;85;73;48;2;243;85;72m▄[38;2;244;87;74;48;2;243;86;73m▄[48;2;243;86;74m▄[38;2;212;74;64;48;2;244;86;73m▄[38;2;166;124;120;48;2;245;86;73m▄[38;2;188;218;216;48;2;219;79;66m▄[38;2;211;248;243;48;2;174;74;64m▄[38;2;183;213;209;48;2;195;72;61m▄[38;2;173;120;113;48;2;244;88;75m▄[38;2;236;87;74;48;2;243;88;73m▄[38;2;245;90;76;48;2;244;88;74m▄[38;2;244;91;76m▄[38;2;190;95;84m▄[38;2;165;175;172;48;2;240;84;71m▄[38;2;179;214;210;48;2;227;83;68m▄[38;2;167;172;169;48;2;183;73;63m▄[0m[38;2;63;68;67m▄   [0m
 [38;2;0;0;0m    [0m [38;2;83;45;41;48;2;165;69;63m▄[38;2;243;84;72;48;2;243;84;71m▄[48;2;242;83;71m [38;2;242;84;72;48;2;242;83;72m▄[48;2;243;85;73m [38;2;244;87;73;48;2;244;88;74m▄[38;2;230;85;72;48;2;245;89;75m▄[38;2;181;205;203;48;2;169;123;115m▄[38;2;210;251;245;48;2;204;248;244m▄[38;2;206;251;245;48;2;209;251;246m▄[38;2;209;248;244;48;2;212;251;245m▄[38;2;210;251;246;48;2;208;251;245m▄[38;2;209;251;245;48;2;204;248;243m▄[38;2;184;213;209;48;2;167;124;116m▄[38;2;226;84;74;48;2;244;91;78m▄[38;2;188;134;127;48;2;213;94;83m▄[38;2;212;250;245;48;2;192;222;219m▄[38;2;208;251;245;48;2;207;251;245m▄[38;2;207;250;245;48;2;211;251;245m▄[38;2;204;245;240;48;2;208;251;245m▄[38;2;214;251;246;48;2;184;221;217m▄[0m[38;2;108;121;120m▄  [0m
 [38;2;0;0;0m     [0m [38;2;159;69;63;48;2;217;74;65m▄[38;2;243;85;73;48;2;243;84;72m▄[48;2;243;85;73m [48;2;244;87;74m [38;2;244;88;75;48;2;244;86;73m▄[38;2;230;84;70;48;2;204;78;66m▄[38;2;170;195;191;48;2;199;232;230m▄[38;2;207;251;244;48;2;210;251;245m▄[38;2;208;251;245;48;2;204;251;244m▄[38;2;210;249;242;48;2;90;111;108m▄[38;2;207;250;244;48;2;169;196;194m▄[38;2;209;250;245;48;2;213;251;245m▄[38;2;188;205;200;48;2;209;242;237m▄[38;2;232;83;71;48;2;197;65;57m▄[38;2;220;76;65;48;2;189;128;121m▄[38;2;177;191;186;48;2;211;251;245m▄[38;2;205;251;245;48;2;209;251;246m▄[38;2;204;251;244;48;2;173;214;208m▄[38;2;205;249;242;48;2;96;114;111m▄[38;2;205;248;242;48;2;214;249;245m▄[38;2;68;76;76;48;2;127;142;141m▄[0m[38;2;68;76;76m  [0m
 [38;2;0;0;0m      [7m[38;2;96;48;44m▄[0m[38;2;239;86;73;48;2;244;89;76m▄[38;2;243;85;73;48;2;243;84;72m▄[48;2;243;86;73m▄[38;2;243;88;75;48;2;244;89;75m▄[48;2;244;90;76m▄[38;2;239;88;74;48;2;174;110;101m▄[38;2;183;103;93;48;2;199;240;234m▄[38;2;168;170;164;48;2;209;252;245m▄[38;2;181;205;200;48;2;212;251;245m▄[38;2;175;170;164;48;2;210;251;245m▄[38;2;182;101;93;48;2;199;242;236m▄[38;2;238;80;69;48;2;177;109;102m▄[38;2;241;83;71;48;2;242;89;75m▄[38;2;243;86;72;48;2;242;85;71m▄[38;2;242;86;72;48;2;205;84;72m▄[38;2;216;84;71;48;2;169;186;182m▄[38;2;150;125;116;48;2;207;250;244m▄[38;2;175;97;88;48;2;213;248;243m▄[0m[7m[38;2;136;150;148m▄[0m [38;2;0;0;0m  [0m
 [38;2;0;0;0m      [0m [38;2;195;75;65;48;2;214;76;65m▄[38;2;242;85;72;48;2;242;84;72m▄[38;2;243;85;72;48;2;243;86;73m▄[38;2;243;86;73;48;2;242;86;73m▄[38;2;242;86;73;48;2;242;87;74m▄[38;2;243;87;73;48;2;242;88;74m▄[38;2;243;88;74;48;2;242;87;74m▄[38;2;243;86;73;48;2;243;87;75m▄[38;2;242;83;71;48;2;240;83;71m▄[48;2;243;85;72m▄[38;2;242;84;72;48;2;241;84;72m▄[38;2;243;85;73;48;2;241;83;72m▄[38;2;243;86;73;48;2;242;84;72m▄[48;2;242;85;72m▄[38;2;242;86;73;48;2;243;87;73m▄[38;2;242;85;72;48;2;243;88;74m▄[38;2;241;83;71;48;2;236;86;74m▄[38;2;234;82;68;48;2;157;65;55m▄[0m[38;2;91;52;47m▄   [0m
 [38;2;0;0;0m       [38;2;175;78;70;48;2;180;74;64m▄[48;2;242;84;72m [38;2;242;84;71;48;2;243;85;72m▄[38;2;242;84;72m▄[38;2;243;84;72;48;2;243;85;73m▄▄[38;2;231;81;69;48;2;242;85;73m▄[38;2;191;69;55;48;2;243;86;72m▄[38;2;221;77;64;48;2;243;85;72m▄[38;2;244;86;72;48;2;243;84;72m▄[38;2;244;85;72;48;2;243;85;72m▄[48;2;243;85;73m [38;2;240;84;70;48;2;243;86;73m▄[38;2;243;85;72m▄[38;2;243;87;72m▄[38;2;215;77;63;48;2;242;85;72m▄[38;2;241;85;71;48;2;242;84;72m▄[38;2;191;68;56;48;2;241;87;72m▄[38;2;242;86;70;48;2;217;85;70m▄[0m[38;2;95;48;43m▄  [0m
 [38;2;0;0;0m       [38;2;176;80;72;48;2;173;77;69m▄[48;2;242;84;72m [48;2;242;83;72m [38;2;243;84;72;48;2;242;84;72m▄[38;2;242;84;72;48;2;242;84;71m▄[48;2;242;84;72m  [38;2;243;85;73;48;2;243;86;73m▄[38;2;243;87;76;48;2;206;74;62m▄[38;2;180;63;52;48;2;211;75;62m▄[38;2;241;82;70;48;2;242;84;72m▄[38;2;242;83;72;48;2;243;85;72m▄[38;2;213;78;65;48;2;187;66;54m▄[38;2;219;82;69;48;2;240;86;72m▄[38;2;244;90;76;48;2;243;86;72m▄[38;2;199;74;60;48;2;190;69;56m▄[38;2;237;87;73;48;2;245;94;81m▄[38;2;224;80;66;48;2;196;75;62m▄[38;2;196;66;53;48;2;238;91;75m▄[38;2;224;76;61;48;2;171;80;69m▄[0m [38;2;50;33;32m [0m
 [38;2;0;0;0m     [0m [38;2;67;70;64m▄[38;2;179;67;58;48;2;178;74;65m▄[38;2;242;82;71;48;2;242;84;72m▄   [38;2;242;85;73m▄[48;2;242;85;73m [48;2;242;84;73m▄[48;2;241;84;72m [38;2;179;61;50;48;2;185;64;53m▄[38;2;243;85;72;48;2;242;87;74m▄[38;2;244;85;72;48;2;244;87;74m▄[38;2;239;84;70;48;2;233;87;72m▄[38;2;185;66;54;48;2;203;72;59m▄[38;2;244;86;73;48;2;244;89;75m▄[38;2;242;84;70;48;2;226;83;69m▄[38;2;189;65;52;48;2;197;65;53m▄[38;2;243;92;77;48;2;240;83;69m▄[38;2;207;78;63;48;2;176;60;49m▄[38;2;225;83;69;48;2;240;82;67m▄[38;2;236;90;73;48;2;180;76;65m▄[0m [0m
 [38;2;0;0;0m    [0m [38;2;221;235;203;48;2;136;143;126m▄[38;2;168;179;151;48;2;208;224;189m▄[38;2;215;80;68;48;2;197;74;63m▄[38;2;244;85;73;48;2;243;84;72m▄[38;2;243;84;73m▄ [48;2;243;85;73m [38;2;243;86;73m▄[48;2;243;86;74m [38;2;243;86;74;48;2;243;85;74m▄[38;2;243;88;75;48;2;242;87;75m▄[38;2;187;66;56;48;2;186;65;54m▄[38;2;244;84;72;48;2;244;87;75m▄[48;2;244;85;72m [38;2;189;68;56;48;2;229;78;65m▄[38;2;198;71;59;48;2;191;66;54m▄[38;2;246;88;74;48;2;245;85;72m▄[38;2;246;94;77;48;2;244;85;71m▄[38;2;190;69;55;48;2;187;65;51m▄[38;2;244;78;64;48;2;243;86;73m▄[38;2;215;74;60;48;2;235;88;73m▄[38;2;156;67;58;48;2;196;69;57m▄[38;2;118;61;54;48;2;228;80;64m▄[0m [0m
 [38;2;0;0;0m  [0m [38;2;169;180;153m▄[38;2;224;239;201;48;2;144;153;130m▄[48;2;220;237;196m▄[38;2;225;240;204;48;2;213;227;192m▄[38;2;135;162;143;48;2;137;66;59m▄[38;2;138;95;84;48;2;244;84;73m▄[38;2;236;80;68;48;2;243;83;72m▄[38;2;244;86;73;48;2;243;85;72m▄[48;2;244;86;73m [38;2;244;87;74;48;2;244;86;74m▄[38;2;244;86;73m▄[38;2;243;86;74;48;2;244;87;75m▄[48;2;243;87;74m [38;2;244;87;74;48;2;199;70;57m▄[38;2;204;74;61;48;2;216;74;61m▄[38;2;190;71;59;48;2;233;90;76m▄[38;2;245;95;82;48;2;187;71;58m▄[38;2;240;97;80;48;2;178;61;50m▄[38;2;133;93;76;48;2;239;80;66m▄[38;2;52;53;47;48;2;195;72;59m▄[0m[7m[38;2;92;46;41m▄[38;2;182;78;68m▄[38;2;88;49;44m▄[0m [38;2;0;0;0m  [0m
 [38;2;138;145;127m▄[38;2;226;239;203;48;2;87;91;81m▄[38;2;225;240;202;48;2;208;220;187m▄[38;2;226;240;203;48;2;226;240;202m▄[48;2;225;239;202m▄[48;2;226;240;204m▄[38;2;225;240;203m▄[38;2;225;240;204;48;2;201;216;181m▄[38;2;155;173;151;48;2;123;166;152m▄[38;2;143;197;179;48;2;126;138;123m▄[38;2;143;198;179;48;2;180;81;69m▄[38;2;128;141;125;48;2;242;83;71m▄[38;2;154;97;83;48;2;244;85;73m▄[38;2;194;76;65;48;2;244;86;73m▄[38;2;229;85;72m▄[38;2;245;86;72;48;2;243;86;72m▄[38;2;245;83;70;48;2;244;88;74m▄[38;2;247;92;78;48;2;244;86;73m▄[38;2;230;82;70;48;2;244;84;72m▄[38;2;180;66;56;48;2;246;88;74m▄[38;2;131;116;100;48;2;243;97;78m▄[38;2;111;159;144;48;2;88;90;77m▄[38;2;213;225;192;48;2;159;165;143m▄[0m[38;2;143;149;132m▄[0m [38;2;19;19;19m    [0m
[?25h