[?25l[0m [38;2;0;0;0m  [0m [38;2;6;6;6m                                [0m
 [38;2;0;0;0m  [0m [38;2;0;0;0m          [0m  [38;2;125;42;42m▄[38;2;147;46;44m▄[38;2;128;43;43m▄[0m  [38;2;7;5;5m               [0m
 [38;2;0;0;0m           [0m [38;2;199;60;59m▄[38;2;232;69;68;48;2;183;57;56m▄[48;2;232;69;67m▄[48;2;232;70;68m  [38;2;232;70;68;48;2;231;69;67m▄[38;2;232;69;68;48;2;232;69;67m▄[38;2;232;70;68;48;2;198;61;60m▄[0m[38;2;221;66;64m▄[0m [38;2;49;18;18m             [0m
 [38;2;0;0;0m          [0m [38;2;197;60;59;48;2;123;40;39m▄[48;2;232;69;67m [48;2;232;69;68m [38;2;233;70;68;48;2;232;70;68m▄[38;2;232;69;68m▄ [38;2;232;70;68;48;2;232;69;68m▄[48;2;232;70;68m [48;2;232;69;68m▄[48;2;232;69;67m [38;2;232;68;67;48;2;192;58;57m▄[0m [38;2;69;24;23m            [0m
 [38;2;0;0;0m          [0m [38;2;211;63;62;48;2;223;64;63m▄[38;2;232;70;68;48;2;233;70;69m▄[48;2;232;70;68m [48;2;232;69;68m [38;2;220;74;73;48;2;232;69;67m▄[38;2;205;104;103;48;2;233;69;67m▄[38;2;214;81;80;48;2;232;69;67m▄[38;2;232;68;67;48;2;232;69;68m▄[38;2;232;69;68;48;2;232;70;68m▄[38;2;223;71;69;48;2;233;70;68m▄[38;2;190;167;167;48;2;233;69;67m▄[38;2;180;220;221;48;2;197;60;58m▄[0m[38;2;142;167;167m▄[0m [38;2;14;17;17m          [0m
 [38;2;0;0;0m           [7m[38;2;163;52;51m▄[0m[38;2;232;68;67;48;2;232;69;68m▄[48;2;232;70;68m▄[38;2;187;148;148;48;2;213;85;84m▄[38;2;193;239;241;48;2;190;223;225m▄[38;2;166;206;207;48;2;197;246;247m▄[38;2;198;246;247;48;2;193;238;239m▄[38;2;186;175;176;48;2;203;104;104m▄[38;2;231;66;65;48;2;232;68;67m▄[38;2;192;162;162;48;2;194;143;142m▄[38;2;199;246;247;48;2;198;246;247m▄[38;2;147;182;183;48;2;198;245;246m▄[48;2;198;246;247m [38;2;124;154;154;48;2;109;133;134m▄[0m[38;2;124;154;154m          [0m
 [38;2;0;0;0m           [0m [38;2;129;41;41;48;2;212;62;62m▄[38;2;231;67;66;48;2;232;68;67m▄[38;2;221;71;70;48;2;190;137;136m▄[38;2;189;165;165;48;2;197;244;246m▄[38;2;202;112;111;48;2;187;232;233m▄[38;2;216;70;69;48;2;197;243;245m▄[38;2;217;62;61;48;2;189;152;153m▄[38;2;232;67;66;48;2;231;67;66m▄[38;2;231;67;66;48;2;206;91;90m▄[38;2;214;64;63;48;2;186;221;222m▄[38;2;211;60;59;48;2;192;183;183m▄[38;2;217;63;62;48;2;193;170;171m▄[0m [38;2;12;8;8m          [0m
 [38;2;0;0;0m            [0m [38;2;199;59;58;48;2;231;67;66m▄[48;2;232;68;66m [38;2;232;68;66;48;2;231;67;65m▄[48;2;215;62;60m▄[38;2;231;67;66;48;2;213;62;60m▄[38;2;232;68;67;48;2;232;68;66m▄[38;2;231;68;66;48;2;232;68;67m▄[38;2;231;68;67m▄[38;2;232;68;67;48;2;232;69;67m▄[48;2;232;68;67m [48;2;206;61;60m▄[0m[38;2;225;66;65m▄[0m [38;2;62;23;22m         [0m
 [38;2;0;0;0m             [38;2;101;32;32;48;2;144;45;44m▄[38;2;231;67;66;48;2;232;67;66m▄[38;2;193;56;55;48;2;194;56;55m▄[38;2;0;0;0;48;2;114;32;32m▄[38;2;24;6;6;48;2;225;65;64m▄[38;2;221;65;64;48;2;231;68;67m▄[38;2;231;68;66;48;2;224;66;65m▄[38;2;213;61;60;48;2;230;67;65m▄[38;2;207;59;58;48;2;221;64;63m▄[38;2;232;67;66;48;2;217;63;62m▄[38;2;207;59;58;48;2;229;67;65m▄[38;2;208;59;58;48;2;211;61;59m▄[38;2;229;66;64;48;2;183;57;55m▄[0m [38;2;11;8;8m        [0m
 [38;2;0;0;0m             [0m [38;2;231;68;67;48;2;231;68;66m▄[38;2;232;69;67;48;2;222;65;63m▄[38;2;148;57;99;48;2;96;46;98m▄[38;2;120;61;125;48;2;47;23;48m▄[38;2;216;63;63;48;2;198;59;59m▄[38;2;212;60;59;48;2;230;68;66m▄[38;2;230;67;66;48;2;215;62;61m▄[38;2;208;59;58;48;2;206;59;58m▄[38;2;231;66;65;48;2;231;67;66m▄[38;2;209;60;59;48;2;213;61;60m▄[38;2;179;54;54;48;2;205;58;57m▄[38;2;159;53;52;48;2;232;67;65m▄[0m [38;2;3;3;3m        [0m
 [38;2;0;0;0m            [38;2;91;92;86m▄[38;2;194;177;165;48;2;117;90;85m▄[38;2;226;68;67;48;2;232;68;66m▄[48;2;232;68;67m [38;2;232;68;67;48;2;215;63;67m▄[38;2;228;67;66;48;2;125;54;101m▄[38;2;188;55;57;48;2;221;64;65m▄[38;2;197;60;69;48;2;177;55;69m▄[38;2;227;66;65;48;2;217;62;61m▄[38;2;232;67;66;48;2;195;55;54m▄[38;2;191;83;79;48;2;185;56;54m▄[0m[7m[38;2;115;38;38m▄[0m [38;2;0;0;0m          [0m
 [38;2;0;0;0m         [0m [38;2;160;162;151m▄[38;2;237;241;223;48;2;97;99;92m▄[38;2;237;241;222;48;2;217;220;204m▄[48;2;231;235;217m▄[38;2;191;204;190;48;2;151;149;140m▄[38;2;153;203;190;48;2;198;89;85m▄[38;2;151;172;161;48;2;232;68;67m▄[38;2;170;134;127;48;2;233;69;68m▄[38;2;180;121;115;48;2;233;68;67m▄[38;2;181;120;114;48;2;232;67;67m▄[38;2;166;119;112m▄[38;2;154;169;158;48;2;231;68;67m▄[38;2;140;185;173;48;2;165;96;90m▄[38;2;231;235;217;48;2;219;222;206m▄[0m[38;2;201;203;189m▄[38;2;100;101;94m▄[0m [38;2;5;5;4m        [0m
 [38;2;0;0;0m       [0m [38;2;143;145;134m▄[38;2;207;209;194;48;2;175;177;164m▄[48;2;237;241;223m    [38;2;237;241;222;48;2;237;240;222m▄[38;2;225;229;212;48;2;161;189;176m▄[38;2;138;170;159;48;2;154;205;191m▄[38;2;141;188;176m▄[38;2;142;188;175;48;2;153;204;191m▄[38;2;142;189;176m▄[38;2;133;178;166;48;2;139;186;174m▄[38;2;142;189;177;48;2;153;203;190m▄[38;2;149;185;172;48;2;129;168;157m▄[48;2;237;240;222m [48;2;237;241;223m [38;2;237;240;223m▄[38;2;200;203;188;48;2;143;144;134m▄[0m[38;2;200;203;188m▄[0m [38;2;23;23;22m      [0m
 [38;2;0;0;0m      [0m [38;2;238;241;223;48;2;156;158;147m▄[48;2;238;241;223m [48;2;231;234;217m▄[38;2;205;207;192;48;2;205;207;192m▄[38;2;234;237;219;48;2;237;241;223m▄[38;2;237;241;223;48;2;238;241;223m▄[38;2;237;240;222;48;2;237;241;223m▄[48;2;237;241;222m [48;2;237;241;223m [48;2;220;225;209m▄[38;2;224;228;212;48;2;154;192;180m▄[38;2;156;191;178;48;2;155;205;192m▄ [38;2;155;205;192;48;2;154;205;192m▄[38;2;150;199;186m▄[38;2;207;214;198;48;2;170;194;180m▄[48;2;237;240;222m [48;2;237;241;223m [48;2;237;240;223m [38;2;237;241;223;48;2;221;225;208m▄[38;2;199;202;187;48;2;218;221;205m▄[38;2;237;240;223;48;2;174;176;164m▄[0m[38;2;99;101;93m▄     [0m
 [38;2;0;0;0m     [0m [38;2;237;241;223;48;2;208;211;195m▄[48;2;238;241;223m   [38;2;238;241;223;48;2;236;239;221m▄[38;2;203;205;190;48;2;204;207;191m▄[48;2;237;241;223m  [48;2;237;241;222m [38;2;237;240;222m▄▄[48;2;237;240;222m [48;2;230;233;216m▄[48;2;168;195;181m▄[38;2;178;191;177;48;2;153;203;190m▄[38;2;223;227;210;48;2;163;190;177m▄[38;2;237;241;222;48;2;237;240;222m▄[38;2;237;241;223m▄▄▄[38;2;237;241;222;48;2;237;241;223m▄[38;2;202;205;190;48;2;204;206;191m▄[38;2;237;241;223;48;2;237;240;223m▄[48;2;215;219;203m▄[0m[38;2;99;101;94m▄    [0m
 [38;2;0;0;0m    [0m [38;2;233;236;219;48;2;178;180;167m▄[48;2;238;241;223m     [38;2;209;212;196;48;2;199;202;187m▄[38;2;237;241;222;48;2;237;241;223m▄[38;2;237;240;222;48;2;237;241;222m▄[48;2;237;240;222m   [38;2;237;241;222m▄[38;2;218;221;205;48;2;237;241;222m▄[38;2;219;222;205;48;2;221;224;207m▄[38;2;237;241;223;48;2;218;221;205m▄[48;2;237;240;222m [38;2;237;240;222;48;2;237;241;222m▄[38;2;237;241;223;48;2;237;240;222m▄[48;2;238;241;223m▄[48;2;237;241;223m [38;2;237;240;222m▄[38;2;209;212;196;48;2;206;208;193m▄[48;2;237;241;223m  [38;2;236;240;222;48;2;193;195;181m▄[0m [38;2;41;42;39m   [0m
 [38;2;0;0;0m    [38;2;142;144;133m▄[38;2;239;242;224;48;2;237;241;223m▄[38;2;238;242;224;48;2;238;241;223m▄[38;2;239;242;224;48;2;237;241;223m▄[48;2;238;241;223m▄▄[48;2;237;241;223m▄[38;2;209;212;196;48;2;209;211;195m▄[38;2;238;242;223;48;2;237;240;222m▄[38;2;238;241;223m▄▄[48;2;237;241;222m▄[38;2;209;211;196m▄[38;2;229;232;215;48;2;214;217;201m▄[38;2;238;242;223;48;2;221;224;207m▄[38;2;238;241;223;48;2;237;241;222m▄[48;2;237;240;222m▄[38;2;238;241;224m▄[48;2;237;241;223m▄[38;2;238;241;223;48;2;237;240;223m▄[38;2;238;242;224;48;2;237;241;223m▄[48;2;237;241;222m▄▄[38;2;210;213;197;48;2;208;211;195m▄[38;2;238;241;224;48;2;237;241;223m▄[38;2;238;242;224;48;2;238;241;223m▄[38;2;239;242;224m▄[38;2;170;172;160;48;2;109;111;103m▄[0m[38;2;170;172;160m   [0m
 [38;2;0;0;0m    [0m                            [38;2;0;0;0m   [0m
[?25h