[?25l[0m [38;2;0;0;0m      [0m  [38;2;113;54;52m▄[38;2;161;51;47m▄[38;2;203;62;58m▄[38;2;219;70;64m▄[38;2;208;66;61m▄[38;2;176;56;51m▄[38;2;131;56;52m▄[38;2;45;32;31m▄[0m [38;2;12;12;12m            [0m
 [38;2;0;0;0m     [38;2;57;35;34m▄[38;2;213;65;61;48;2;62;37;36m▄[38;2;232;70;66;48;2;192;58;55m▄[38;2;231;71;67;48;2;232;72;67m▄[48;2;231;72;67m [38;2;232;72;68;48;2;231;72;68m▄▄[38;2;232;73;68;48;2;230;72;68m▄[48;2;231;73;68m▄[38;2;231;73;68;48;2;231;72;67m▄[38;2;232;73;68;48;2;218;67;64m▄[38;2;233;74;70;48;2;116;47;45m▄[0m[38;2;146;55;50m▄[0m [38;2;11;10;10m          [0m
 [38;2;0;0;0m    [38;2;74;36;36m▄[38;2;230;70;68;48;2;179;56;54m▄[38;2;231;70;66;48;2;231;69;66m▄[38;2;232;71;67;48;2;231;71;66m▄[38;2;232;72;68;48;2;232;72;67m▄[48;2;232;72;68m  [48;2;232;73;68m    [38;2;233;74;69;48;2;232;74;69m▄[38;2;233;74;70;48;2;233;75;70m▄[38;2;233;73;69;48;2;235;75;70m▄[38;2;223;69;65;48;2;122;52;48m▄[0m[38;2;55;35;34m▄         [0m
 [38;2;0;0;0m   [0m [38;2;156;53;51;48;2;137;53;52m▄[48;2;232;71;67m [38;2;232;72;68;48;2;231;71;67m▄[48;2;232;72;68m [38;2;232;73;69m▄[48;2;232;73;69m [38;2;233;73;69;48;2;232;73;68m▄[38;2;233;73;68m▄[38;2;233;73;69;48;2;232;73;69m▄▄[38;2;232;73;69;48;2;233;74;69m▄▄▄[38;2;233;74;69;48;2;232;72;69m▄[38;2;233;75;69;48;2;232;74;69m▄[38;2;212;67;60;48;2;145;54;49m▄[0m[38;2;40;35;35m▄        [0m
 [38;2;0;0;0m   [0m [38;2;133;55;54;48;2;155;55;52m▄[38;2;231;71;68;48;2;232;71;67m▄[38;2;232;72;69;48;2;232;72;68m▄[38;2;233;74;70;48;2;233;74;69m▄▄ [38;2;221;69;65m▄[38;2;161;86;84;48;2;234;73;68m▄[38;2;164;144;143;48;2;234;72;67m▄[38;2;167;146;145;48;2;233;71;68m▄[38;2;166;89;87;48;2;232;72;68m▄[38;2;223;72;67m▄[38;2;233;72;69;48;2;232;74;69m▄[38;2;233;75;70;48;2;233;76;70m▄[38;2;192;73;69;48;2;233;72;67m▄[38;2;181;123;121;48;2;231;64;59m▄[38;2;181;126;124;48;2;194;57;52m▄[0m[38;2;68;52;52m▄[0m [38;2;5;5;5m      [0m
 [38;2;0;0;0m    [7m[38;2;74;35;35m▄[0m[38;2;216;67;63;48;2;231;71;67m▄[38;2;233;72;68;48;2;232;73;69m▄[38;2;233;73;69;48;2;233;74;69m▄[38;2;235;75;70;48;2;234;74;70m▄[38;2;187;65;59;48;2;232;74;69m▄[38;2;220;220;220;48;2;151;106;105m▄[38;2;252;252;252;48;2;246;246;246m▄[38;2;253;253;253;48;2;253;254;254m▄[48;2;253;253;253m [38;2;252;251;252;48;2;248;248;248m▄[38;2;230;230;229;48;2;158;114;111m▄[38;2;184;61;58;48;2;231;69;65m▄[38;2;185;125;122;48;2;197;68;64m▄[38;2;252;252;252;48;2;217;213;213m▄[38;2;254;254;254;48;2;252;252;252m▄[38;2;252;251;252;48;2;253;252;253m▄[38;2;250;250;250;48;2;225;225;225m▄[38;2;153;153;152;48;2;54;54;54m▄[0m [38;2;7;7;7m     [0m
 [38;2;0;0;0m    [0m [38;2;97;42;41;48;2;158;51;50m▄[38;2;231;73;69;48;2;232;71;67m▄[38;2;231;71;68;48;2;232;72;69m▄[38;2;233;73;69;48;2;235;75;70m▄[38;2;179;64;59;48;2;171;74;71m▄[38;2;234;235;235;48;2;250;250;250m▄[38;2;252;252;252;48;2;252;251;252m▄[38;2;244;244;244;48;2;186;186;186m▄[38;2;239;239;239;48;2;153;153;153m▄[38;2;252;252;253;48;2;253;253;253m▄[38;2;242;242;242;48;2;250;250;250m▄[38;2;180;71;66;48;2;176;91;86m▄[38;2;174;87;82;48;2;191;145;141m▄[38;2;245;244;245;48;2;249;249;251m▄[38;2;252;252;252;48;2;237;238;237m▄[38;2;241;242;242;48;2;113;114;114m▄[38;2;249;248;251;48;2;251;251;251m▄[38;2;139;139;139;48;2;181;181;181m▄[0m [38;2;4;4;4m     [0m
 [38;2;0;0;0m     [7m[38;2;40;27;27m▄[0m[38;2;201;62;59;48;2;228;71;68m▄[38;2;231;71;67;48;2;233;73;69m▄[38;2;232;72;68m▄[38;2;233;74;70;48;2;229;70;64m▄[38;2;214;75;68;48;2;167;138;136m▄[38;2;167;123;119;48;2;251;251;251m▄[38;2;200;198;196;48;2;253;253;253m▄[38;2;198;197;196m▄[38;2;166;124;121;48;2;252;252;252m▄[38;2;209;68;63;48;2;167;143;141m▄[38;2;232;70;66;48;2;226;65;62m▄[38;2;233;75;71;48;2;227;70;65m▄[38;2;233;82;75;48;2;160;116;114m▄[38;2;161;82;78;48;2;240;240;240m▄[38;2;140;97;94;48;2;250;250;250m▄[38;2;131;52;50;48;2;204;205;205m▄[0m [38;2;19;19;19m      [0m
 [38;2;0;0;0m     [0m [38;2;145;54;52;48;2;168;57;54m▄[48;2;232;72;68m [38;2;232;72;69;48;2;232;71;68m▄[38;2;232;73;69;48;2;233;74;70m▄[38;2;231;75;69;48;2;233;76;71m▄[38;2;219;71;66;48;2;231;77;69m▄[38;2;194;63;57;48;2;217;70;63m▄[38;2;202;62;57;48;2;202;67;61m▄[38;2;232;71;67;48;2;195;62;56m▄[38;2;232;73;68;48;2;233;73;68m▄[38;2;234;75;69;48;2;233;74;69m▄[38;2;233;74;69;48;2;233;75;69m▄[38;2;232;73;68;48;2;233;75;70m▄[38;2;233;74;69;48;2;233;75;69m▄[38;2;234;75;69;48;2;180;60;54m▄[38;2;146;52;48;48;2;82;44;41m▄[0m [38;2;8;9;9m      [0m
 [38;2;0;0;0m      [38;2;138;64;61;48;2;137;57;54m▄[38;2;231;74;69;48;2;230;72;68m▄[38;2;232;73;69;48;2;232;72;68m▄[48;2;232;73;69m [38;2;231;73;69;48;2;231;73;68m▄[48;2;231;72;68m [38;2;233;74;69;48;2;231;74;69m▄[38;2;235;77;71;48;2;233;75;69m▄[38;2;234;75;69;48;2;234;76;70m▄[38;2;232;72;67m▄[38;2;225;70;65;48;2;233;74;69m▄[38;2;233;74;70;48;2;233;73;68m▄[38;2;212;70;64;48;2;234;75;70m▄[38;2;234;77;72;48;2;234;77;71m▄[38;2;189;61;55;48;2;234;73;68m▄[38;2;235;81;74;48;2;230;68;62m▄[38;2;115;54;51;48;2;54;32;31m▄[0m[38;2;115;54;51m      [0m
 [38;2;0;0;0m     [0m [38;2;137;60;57;48;2;136;63;59m▄[38;2;231;73;69;48;2;231;74;69m▄[48;2;232;73;68m▄[38;2;232;73;68;48;2;232;73;69m▄[38;2;231;74;68;48;2;231;73;68m▄[38;2;231;73;68;48;2;232;73;69m▄[38;2;231;74;68;48;2;232;75;70m▄[38;2;164;49;43;48;2;177;57;51m▄[38;2;230;70;65;48;2;233;71;66m▄[38;2;232;76;72;48;2;232;75;69m▄[38;2;172;58;52;48;2;179;60;53m▄[38;2;233;84;77;48;2;234;83;76m▄[38;2;170;57;51;48;2;174;59;52m▄[38;2;221;70;63;48;2;232;79;72m▄[38;2;184;59;52;48;2;174;56;51m▄[38;2;199;61;56;48;2;222;69;63m▄[38;2;157;55;50;48;2;129;55;52m▄[0m [38;2;15;15;15m     [0m
 [38;2;0;0;0m   [0m [38;2;97;102;93m▄[38;2;207;221;196;48;2;107;114;103m▄[38;2;157;63;55;48;2;143;58;52m▄[38;2;233;76;71;48;2;231;72;68m▄[48;2;232;73;69m [38;2;231;72;68;48;2;232;73;68m▄[38;2;230;72;67;48;2;231;73;68m▄[38;2;231;72;68;48;2;232;73;68m▄[38;2;233;77;72m▄[38;2;168;55;50;48;2;166;51;45m▄[38;2;235;78;71;48;2;234;79;72m▄[38;2;230;72;64;48;2;232;74;68m▄[38;2;156;43;39;48;2;160;47;42m▄[38;2;230;69;64;48;2;231;71;67m▄[38;2;174;53;48;48;2;184;53;49m▄[38;2;208;68;63;48;2;197;64;58m▄[38;2;226;75;68;48;2;222;73;66m▄[38;2;159;50;46;48;2;167;56;51m▄[38;2;220;64;60;48;2;223;77;70m▄[0m [38;2;40;34;34m     [0m
 [38;2;0;0;0m [0m [38;2;43;45;42m▄[38;2;164;176;152m▄[38;2;213;230;198;48;2;187;200;176m▄[38;2;213;230;199;48;2;217;233;206m▄[38;2;109;119;104;48;2;146;70;64m▄[38;2;131;61;60;48;2;233;73;69m▄[38;2;227;70;68;48;2;232;72;68m▄[38;2;233;73;69;48;2;231;72;68m▄[38;2;232;75;70;48;2;231;73;68m▄[48;2;232;73;69m▄[38;2;231;72;68;48;2;233;76;71m▄[38;2;208;60;57;48;2;159;49;45m▄[38;2;154;45;41;48;2;232;68;62m▄[38;2;170;51;47;48;2;188;56;49m▄[38;2;181;57;53;48;2;162;49;45m▄[38;2;158;55;48;48;2;235;81;74m▄[38;2;107;106;96;48;2;144;49;44m▄[38;2;58;31;30;48;2;233;74;69m▄[0m[7m[38;2;179;52;48m▄[38;2;115;52;49m▄[38;2;103;44;41m▄[0m [38;2;0;0;0m     [0m
 [38;2;96;102;91m▄[38;2;211;225;199;48;2;61;65;59m▄[38;2;217;233;204;48;2;190;204;178m▄[38;2;216;232;203;48;2;216;231;202m▄[48;2;215;231;202m▄[48;2;217;232;203m▄[38;2;217;233;204;48;2;194;209;183m▄[38;2;123;141;127;48;2;75;117;113m▄[38;2;98;153;152;48;2;101;96;92m▄[38;2;93;146;145;48;2;165;61;58m▄[38;2;78;104;100;48;2;227;71;68m▄[38;2;108;75;72;48;2;231;71;67m▄[38;2;138;68;64;48;2;231;71;68m▄[38;2;146;63;60;48;2;230;70;67m▄[38;2;145;66;62;48;2;231;74;70m▄[38;2;136;76;72;48;2;231;73;68m▄[38;2;93;92;91;48;2;232;73;68m▄[38;2;65;95;92;48;2;133;50;46m▄[38;2;208;226;196;48;2;199;215;189m▄[38;2;172;184;162;48;2;54;57;53m▄[0m[38;2;42;43;40m▄       [0m [0m
[38;2;214;231;203;48;2;88;93;83m▄[38;2;194;209;184;48;2;173;184;160m▄[38;2;154;163;144;48;2;214;230;199m▄[38;2;217;232;204;48;2;216;232;203m▄[38;2;216;232;203;48;2;217;232;203m▄ [38;2;217;233;204;48;2;217;232;204m▄[48;2;216;232;204m▄[38;2;216;232;204;48;2;206;222;196m▄[38;2;169;182;160;48;2;80;111;107m▄[38;2;57;90;89;48;2;93;150;150m▄[38;2;80;127;125;48;2;97;155;155m▄[38;2;100;157;155;48;2;98;158;157m▄[38;2;97;156;155;48;2;103;162;161m▄[38;2;100;159;158;48;2;103;163;162m▄[38;2;80;129;128;48;2;79;126;124m▄[38;2;97;152;150;48;2;98;153;153m▄[38;2;70;112;110;48;2;95;151;150m▄[38;2;164;179;159;48;2;113;138;127m▄[38;2;217;232;205;48;2;215;231;203m▄[38;2;216;232;204;48;2;214;231;202m▄[38;2;214;230;201;48;2;179;194;167m▄[38;2;121;128;113;48;2;26;26;25m▄[0m[38;2;55;57;54m▄[0m [38;2;0;0;0m    [38;2;45;48;29m▄[0m
[38;2;216;233;204;48;2;216;232;203m▄[38;2;217;233;204;48;2;216;233;204m▄[38;2;215;232;203;48;2;167;179;157m▄[38;2;141;151;133;48;2;194;207;182m▄[38;2;217;233;204;48;2;217;233;203m▄[48;2;217;233;204m  [48;2;216;232;203m  [38;2;216;232;203;48;2;216;232;204m▄[38;2;215;231;203;48;2;138;154;138m▄[38;2;114;132;119;48;2;83;131;133m▄[38;2;93;147;148;48;2;72;117;118m▄[38;2;101;160;160;48;2;71;116;116m▄[38;2;99;158;158;48;2;70;116;116m▄[38;2;96;155;155;48;2;74;121;120m▄[38;2;85;135;135;48;2;83;131;131m▄[38;2;169;185;165;48;2;88;120;114m▄[38;2;216;232;203;48;2;213;229;199m▄[48;2;215;231;202m▄[48;2;215;231;203m▄[38;2;216;232;204;48;2;217;232;205m▄[38;2;206;221;195;48;2;167;179;158m▄[38;2;156;167;145;48;2;176;186;165m▄[0m[38;2;126;136;118m▄[0m [38;2;10;10;10m   [0m [0m
[?25h