[?25l[0m [38;2;0;0;0m    [0m [38;2;102;44;43m▄[38;2;187;69;65m▄[38;2;224;74;71m▄[38;2;240;78;75m▄[38;2;229;77;73m▄[38;2;188;69;65m▄[38;2;107;53;49m▄[0m [38;2;16;15;14m                [0m
 [38;2;0;0;0m  [38;2;76;44;43m▄[38;2;226;76;74;48;2;68;37;36m▄[38;2;237;76;75;48;2;206;71;70m▄[38;2;236;75;74;48;2;236;74;74m▄[48;2;235;75;73m▄ [38;2;235;75;74;48;2;235;76;74m▄[38;2;236;76;74m▄[38;2;236;77;75;48;2;235;77;75m▄[48;2;236;79;76m▄[38;2;236;76;75;48;2;193;77;73m▄[0m[38;2;199;71;69m▄[0m [38;2;30;21;22m              [0m
 [38;2;0;0;0m [38;2;84;47;45m▄[38;2;237;78;77;48;2;203;73;71m▄[38;2;238;76;75;48;2;238;77;76m▄[48;2;237;75;74m [38;2;237;75;74;48;2;236;75;74m▄[38;2;236;75;74;48;2;236;74;73m▄[48;2;235;75;74m▄[38;2;236;76;74m▄[48;2;236;75;74m [38;2;237;75;74;48;2;236;76;74m▄[38;2;238;76;74;48;2;236;76;75m▄[38;2;238;78;76;48;2;237;77;75m▄[38;2;237;77;76;48;2;237;79;76m▄[38;2;234;74;72;48;2;158;60;55m▄[0m[38;2;209;72;67m▄[0m [38;2;65;37;35m            [0m
 [38;2;0;0;0m [38;2;128;52;51;48;2;126;56;55m▄[38;2;236;75;74;48;2;237;77;76m▄[38;2;237;75;73;48;2;237;75;74m▄ [38;2;237;76;75m▄[38;2;238;77;76;48;2;236;76;74m▄[38;2;238;79;77;48;2;237;77;75m▄[38;2;206;82;81;48;2;237;77;76m▄[38;2;173;155;155;48;2;238;76;74m▄[38;2;171;177;178;48;2;240;80;78m▄[38;2;173;136;136;48;2;239;78;76m▄[38;2;214;73;72;48;2;238;75;74m▄[38;2;226;76;74m▄[38;2;188;194;197;48;2;205;75;74m▄[38;2;210;246;251;48;2;175;149;149m▄[38;2;204;246;251;48;2;151;161;162m▄[38;2;193;230;234;48;2;57;62;63m▄[0m [38;2;61;65;67m          [0m
 [38;2;0;0;0m [7m[38;2;103;47;48m▄[0m[38;2;234;77;76;48;2;236;75;73m▄[38;2;238;77;75;48;2;238;75;74m▄[48;2;237;76;75m [48;2;237;77;75m▄[38;2;240;78;77;48;2;239;78;77m▄[38;2;189;106;105;48;2;214;75;72m▄[38;2;207;245;250;48;2;193;206;208m▄[38;2;213;248;253;48;2;211;247;252m▄[38;2;200;223;227;48;2;208;247;252m▄[38;2;136;158;160;48;2;202;245;250m▄[38;2;207;241;244;48;2;171;172;174m▄[38;2;170;69;71;48;2;189;83;83m▄[38;2;194;222;225;48;2;214;245;249m▄[38;2;207;247;253;48;2;211;247;252m▄[38;2;211;246;251;48;2;190;217;221m▄[38;2;213;242;245;48;2;143;168;170m▄[38;2;134;144;145;48;2;124;139;140m▄[0m[38;2;134;144;145m          [0m
 [38;2;0;0;0m [0m [7m[38;2;169;64;64m▄[0m[38;2;234;77;75;48;2;237;77;76m▄[38;2;237;77;74;48;2;237;76;74m▄[38;2;237;76;74;48;2;238;77;75m▄[38;2;237;76;75;48;2;240;78;76m▄[38;2;201;74;74;48;2;187;114;113m▄[38;2;200;224;227;48;2;207;245;250m▄[38;2;217;248;253;48;2;211;247;253m▄[38;2;213;248;253;48;2;216;247;251m▄[38;2;213;248;252;48;2;209;236;238m▄[38;2;187;186;188;48;2;220;247;249m▄[38;2;227;73;70;48;2;190;80;79m▄[38;2;236;74;72;48;2;187;97;96m▄[38;2;211;77;75;48;2;190;213;217m▄[38;2;162;121;121;48;2;213;247;252m▄[38;2;170;85;83;48;2;211;233;236m▄[0m [38;2;38;27;27m          [0m
 [38;2;0;0;0m  [0m [7m[38;2;156;60;60m▄[0m[38;2;225;76;74;48;2;237;75;74m▄[38;2;238;77;75m▄[38;2;237;76;74;48;2;237;76;75m▄[38;2;237;78;76;48;2;237;79;77m▄[38;2;238;81;78;48;2;198;102;99m▄[38;2;238;77;74;48;2;182;185;185m▄[38;2;232;74;69;48;2;184;214;215m▄[38;2;197;67;63;48;2;173;163;163m▄[38;2;207;64;61;48;2;192;71;71m▄[38;2;237;74;72;48;2;237;77;74m▄[38;2;237;76;74;48;2;237;78;75m▄[38;2;237;78;75;48;2;236;77;75m▄[38;2;238;79;77;48;2;238;74;73m▄[38;2;238;80;78;48;2;189;63;61m▄[0m[38;2;213;77;74m▄[0m [38;2;42;26;25m         [0m
 [38;2;0;0;0m   [0m [7m[38;2;147;62;62m▄[0m[38;2;237;73;73;48;2;238;76;74m▄[38;2;237;76;74m▄[38;2;238;76;74;48;2;237;76;74m▄[38;2;238;75;74;48;2;237;77;74m▄[38;2;238;77;75;48;2;224;74;69m▄[38;2;238;82;78;48;2;191;65;60m▄[38;2;237;76;74;48;2;228;75;71m▄[38;2;238;76;74;48;2;237;74;73m▄[38;2;238;75;73;48;2;237;76;73m▄[38;2;233;74;70;48;2;237;78;74m▄[38;2;238;80;77;48;2;237;77;74m▄[38;2;202;68;62;48;2;237;76;74m▄[38;2;233;68;66;48;2;237;72;71m▄[38;2;189;61;57;48;2;226;71;67m▄[38;2;236;85;80;48;2;179;70;65m▄[0m [38;2;37;28;27m        [0m
 [38;2;0;0;0m    [0m [38;2;215;66;66;48;2;230;71;71m▄[38;2;237;75;73;48;2;236;73;72m▄[48;2;237;75;74m [38;2;233;76;73;48;2;238;77;75m▄[38;2;29;10;9;48;2;193;62;59m▄[38;2;1;2;1;48;2;110;38;35m▄[38;2;1;0;0;48;2;173;54;51m▄[38;2;31;11;10;48;2;209;70;66m▄[38;2;233;81;78;48;2;239;78;76m▄[38;2;238;73;71;48;2;213;69;65m▄[38;2;189;60;57;48;2;218;73;69m▄[38;2;237;84;82;48;2;231;81;77m▄[38;2;202;69;65;48;2;201;65;63m▄[38;2;234;75;74;48;2;212;71;70m▄[38;2;188;58;56;48;2;206;67;65m▄[38;2;226;76;72;48;2;140;62;60m▄[0m [38;2;17;16;17m       [0m
 [38;2;0;0;0m    [0m [38;2;216;70;68;48;2;211;66;65m▄[38;2;238;76;75;48;2;238;76;74m▄[48;2;238;77;75m▄[38;2;236;73;72;48;2;215;68;66m▄[38;2;140;60;78;48;2;47;24;33m▄[38;2;149;73;109;48;2;42;21;29m▄[38;2;142;68;101;48;2;24;11;17m▄[38;2;84;39;57;48;2;4;2;2m▄[38;2;194;63;59;48;2;196;64;60m▄[38;2;240;83;79;48;2;239;83;80m▄[48;2;193;64;60m [38;2;237;73;69;48;2;237;79;75m▄[38;2;185;56;53;48;2;192;64;59m▄[38;2;237;82;78;48;2;236;83;81m▄[38;2;110;52;49;48;2;188;62;59m▄[0m[7m[38;2;224;72;69m▄[0m [38;2;0;0;0m   [0m [38;2;81;41;40m▄[0m [38;2;3;4;4m [0m
  [38;2;129;68;65m▄[0m  [38;2;173;173;159m▄[38;2;231;71;71;48;2;222;63;63m▄[38;2;237;74;73;48;2;238;76;74m▄[38;2;239;77;76;48;2;239;78;77m▄[38;2;238;77;75;48;2;239;79;77m▄[38;2;223;73;71;48;2;203;69;65m▄[38;2;229;72;71;48;2;158;57;64m▄[38;2;237;73;72;48;2;172;59;65m▄[38;2;239;79;77;48;2;178;64;65m▄[38;2;226;78;77;48;2;185;61;55m▄[38;2;199;65;63;48;2;218;66;61m▄[38;2;199;61;59;48;2;158;52;48m▄[0m[7m[38;2;188;70;68m▄[38;2;62;37;35m▄[38;2;72;41;40m▄[0m [38;2;0;0;0m     [38;2;108;51;49;48;2;75;42;40m▄[38;2;235;79;73;48;2;235;85;79m▄[38;2;212;67;63;48;2;92;45;43m▄[0m [0m
 [38;2;160;62;60;48;2;72;41;40m▄[38;2;234;75;72;48;2;233;81;77m▄[38;2;180;129;121;48;2;88;60;59m▄[38;2;225;232;209;48;2;178;184;166m▄[38;2;202;211;189;48;2;148;158;141m▄[38;2;113;162;152;48;2;161;82;80m▄[38;2;126;118;109;48;2;238;77;76m▄[38;2;181;72;68;48;2;238;78;75m▄[38;2;235;77;75;48;2;237;78;75m▄[38;2;240;77;76;48;2;237;77;75m▄[38;2;239;78;76;48;2;238;78;76m▄[38;2;239;79;77;48;2;238;77;75m▄[38;2;239;78;76;48;2;238;75;74m▄[38;2;239;74;73;48;2;238;78;76m▄[38;2;239;75;74;48;2;239;82;79m▄[38;2;149;79;74;48;2;192;76;70m▄[0m[38;2;187;190;178m▄[0m [38;2;14;14;14m [0m [38;2;213;70;67m▄[38;2;161;69;68;48;2;104;59;57m▄[0m[38;2;161;69;68m [0m [38;2;140;57;55m▄[38;2;236;77;73;48;2;178;64;59m▄[38;2;237;78;76;48;2;236;76;74m▄[38;2;236;80;77;48;2;237;77;75m▄[38;2;136;60;57;48;2;91;48;46m▄[0m
[38;2;235;80;76;48;2;142;62;61m▄[38;2;236;77;74;48;2;235;84;79m▄[38;2;235;73;72;48;2;236;84;80m▄[38;2;173;132;119;48;2;184;130;119m▄[38;2;224;233;205;48;2;227;234;208m▄[38;2;224;233;206;48;2;224;233;205m▄[38;2;199;207;185;48;2;125;153;139m▄[38;2;114;160;149;48;2;115;175;162m▄[38;2;123;182;168;48;2;114;173;159m▄[38;2;122;180;167;48;2;107;134;122m▄[48;2;147;112;104m▄[38;2;121;180;166;48;2;164;98;91m▄[38;2;116;177;163;48;2;171;82;77m▄[38;2;100;149;138;48;2;167;81;77m▄[38;2;117;178;165;48;2;151;98;91m▄[38;2;118;179;165;48;2;112;119;110m▄[38;2;137;163;148;48;2;104;140;126m▄[38;2;224;234;208;48;2;227;236;214m▄[38;2;225;235;210;48;2;137;140;130m▄[38;2;172;112;102;48;2;73;69;66m▄[38;2;238;80;76;48;2;207;78;75m▄[38;2;238;81;77;48;2;236;72;70m▄[38;2;106;51;50;48;2;96;43;43m▄[0m [38;2;198;73;70;48;2;114;59;57m▄[38;2;224;76;73;48;2;183;60;58m▄[38;2;237;79;75;48;2;236;75;72m▄[38;2;238;79;75;48;2;237;77;75m▄[38;2;237;76;74;48;2;237;77;74m▄[38;2;150;63;61;48;2;152;62;59m▄[0m
[38;2;238;78;76;48;2;238;76;75m▄[38;2;238;76;74;48;2;238;77;75m▄[38;2;203;75;72;48;2;235;74;72m▄[38;2;218;225;200;48;2;180;169;152m▄[38;2;225;234;207;48;2;226;234;208m▄[38;2;226;234;208;48;2;226;234;209m▄[48;2;227;235;211m▄[38;2;226;235;209;48;2;154;163;148m▄[38;2;140;162;148;48;2;99;139;131m▄[38;2;112;171;160;48;2;98;145;134m▄[38;2;100;151;140;48;2;112;168;155m▄[38;2;91;138;127;48;2;117;178;164m▄[38;2;100;146;135;48;2;117;179;165m▄[38;2;97;147;135;48;2;106;157;145m▄[38;2;106;162;149;48;2;120;175;162m▄[38;2;114;166;154;48;2;101;150;139m▄[38;2;211;219;193;48;2;162;175;158m▄[38;2;223;232;205;48;2;223;232;206m▄[38;2;191;199;178;48;2;217;226;199m▄[38;2;221;67;66;48;2;190;71;68m▄[38;2;237;72;71;48;2;238;76;74m▄[38;2;237;73;71;48;2;237;77;73m▄[38;2;189;63;58;48;2;146;64;62m▄[38;2;229;77;74;48;2;95;47;45m▄[38;2;236;75;73;48;2;217;70;68m▄[38;2;237;76;74;48;2;235;76;74m▄[38;2;237;77;74;48;2;237;78;74m▄[38;2;239;78;76;48;2;238;77;74m▄[38;2;240;81;79;48;2;237;78;75m▄[38;2;76;42;42;48;2;123;56;55m▄[0m
[38;2;239;79;76;48;2;238;77;74m▄[38;2;189;96;87;48;2;237;75;73m▄[38;2;220;228;201;48;2;181;138;124m▄[38;2;225;233;207;48;2;225;233;206m▄[38;2;226;234;207;48;2;226;233;207m▄▄[48;2;226;234;208m  [38;2;226;234;208;48;2;226;234;209m▄[38;2;227;235;209;48;2;140;160;147m▄[38;2;160;176;159;48;2;114;172;159m▄[38;2;113;165;152;48;2;118;178;163m▄[38;2;123;181;168;48;2;123;181;166m▄[38;2;123;183;169;48;2;123;181;167m▄[38;2;111;163;150;48;2;117;179;165m▄[38;2;200;211;185;48;2;137;165;149m▄[38;2;224;233;206;48;2;227;235;210m▄[38;2;225;234;208;48;2;225;233;207m▄[38;2;192;199;177;48;2;179;186;165m▄[38;2;216;66;67;48;2;232;73;71m▄[38;2;238;75;73;48;2;237;75;72m▄[48;2;237;74;73m [38;2;237;76;73;48;2;218;72;68m▄[38;2;238;76;74;48;2;238;77;75m▄[48;2;238;77;74m▄[48;2;237;76;74m [48;2;237;77;74m [38;2;238;80;76;48;2;238;78;75m▄[38;2;132;61;59;48;2;213;74;72m▄[0m [0m
[?25h