[?25l[0m [38;2;0;0;0m       [0m [38;2;144;37;24m▄[38;2;168;42;30m▄[38;2;185;47;31m▄[38;2;186;46;31;48;2;115;28;20m▄[38;2;191;46;31;48;2;111;26;19m▄[38;2;191;44;30;48;2;113;26;18m▄[0m[38;2;190;45;32m▄[38;2;178;44;30m▄[38;2;110;27;19m▄[0m [38;2;19;4;3m           [0m
 [38;2;0;0;0m     [0m [38;2;136;29;19m▄[38;2;196;46;32;48;2;144;34;23m▄[38;2;187;43;30;48;2;198;46;31m▄[38;2;195;45;30;48;2;195;45;31m▄[38;2;195;47;32;48;2;191;44;30m▄[38;2;193;45;31;48;2;197;47;33m▄[38;2;194;45;32;48;2;202;47;33m▄[38;2;195;48;34;48;2;196;47;33m▄[48;2;198;48;33m [38;2;194;47;32;48;2;195;48;33m▄[38;2;198;46;32;48;2;200;46;33m▄[38;2;189;44;30;48;2;146;34;23m▄[0m[38;2;182;44;30m▄[0m [38;2;54;13;8m         [0m
 [38;2;0;0;0m    [0m [38;2;152;32;21;48;2;88;18;12m▄[38;2;190;46;30;48;2;188;43;29m▄[38;2;196;47;32;48;2;201;48;34m▄[38;2;193;47;31;48;2;196;47;32m▄[38;2;194;46;32;48;2;201;47;33m▄[38;2;193;47;32;48;2;199;47;33m▄[38;2;195;48;33;48;2;200;47;34m▄[38;2;194;47;32;48;2;200;47;33m▄[38;2;192;46;31;48;2;199;48;34m▄[38;2;196;48;32;48;2;202;48;34m▄[38;2;193;46;32;48;2;200;48;33m▄[38;2;198;47;32;48;2;201;46;33m▄[38;2;191;45;30;48;2;197;46;32m▄[38;2;196;45;30;48;2;198;45;30m▄[38;2;193;47;31;48;2;177;44;29m▄[0m[38;2;121;29;19m▄        [0m
 [38;2;0;0;0m    [0m [38;2;176;38;26;48;2;182;39;26m▄[38;2;191;47;32;48;2;200;47;31m▄[38;2;196;47;32;48;2;200;46;31m▄[38;2;193;46;31;48;2;197;46;32m▄[38;2;196;46;32;48;2;198;45;32m▄[38;2;194;48;32;48;2;199;48;33m▄[48;2;197;47;32m▄[38;2;193;46;31;48;2;199;47;33m▄[38;2;189;44;30;48;2;198;46;32m▄[38;2;194;46;31;48;2;199;47;32m▄[38;2;189;44;29;48;2;197;46;31m▄[38;2;196;44;31;48;2;201;46;32m▄[38;2;189;43;29;48;2;197;45;31m▄[38;2;192;43;29;48;2;199;45;31m▄[38;2;189;45;31;48;2;192;45;31m▄[38;2;192;47;31;48;2;188;44;29m▄[0m  [38;2;16;5;3m      [0m
 [38;2;0;0;0m    [0m [38;2;145;27;17;48;2;182;39;25m▄[38;2;188;43;28;48;2;200;48;32m▄[38;2;194;45;30;48;2;201;47;33m▄[38;2;186;44;29;48;2;196;46;32m▄[38;2;196;46;31;48;2;197;46;32m▄[38;2;194;46;30;48;2;195;46;32m▄[38;2;164;37;25;48;2;199;48;32m▄[38;2;108;41;37;48;2;198;46;32m▄[38;2;64;64;66;48;2;196;46;31m▄[38;2;65;63;65;48;2;202;48;32m▄[38;2;122;37;30;48;2;196;45;30m▄[38;2;175;38;25;48;2;197;44;30m▄[38;2;190;42;28;48;2;194;44;31m▄[38;2;192;44;30;48;2;199;46;32m▄[38;2;171;40;27;48;2;201;47;33m▄[38;2;98;48;44;48;2;199;48;32m▄[38;2;60;59;63;48;2;190;45;30m▄[38;2;85;46;45;48;2;152;37;24m▄[0m [38;2;15;4;2m     [0m
 [38;2;0;0;0m     [7m[38;2;81;15;10m▄[0m[38;2;167;34;23;48;2;178;38;25m▄[38;2;194;46;30;48;2;201;47;30m▄[38;2;185;41;28;48;2;196;45;29m▄[38;2;186;40;28;48;2;194;44;30m▄[38;2;117;38;30;48;2;166;39;26m▄[38;2;115;171;183;48;2;74;79;83m▄[38;2;125;190;206;48;2;98;149;162m▄[38;2;122;189;207;48;2;134;195;211m▄[38;2;131;194;211;48;2;127;192;210m▄[38;2;130;192;207;48;2;86;133;144m▄[38;2;88;131;143;48;2;90;66;66m▄[38;2;136;36;26;48;2;187;40;26m▄[38;2;145;32;22;48;2;194;43;29m▄[38;2;107;153;164;48;2;88;67;67m▄[38;2;130;195;210;48;2;110;168;183m▄[38;2;123;192;210;48;2;134;198;214m▄[38;2;134;195;211;48;2;109;161;174m▄[38;2;129;192;208;48;2;69;101;109m▄[0m [38;2;58;82;89m    [0m
 [38;2;0;0;0m     [0m [38;2;124;24;14;48;2;144;30;19m▄[38;2;187;43;27;48;2;190;43;29m▄[38;2;195;46;30;48;2;193;44;30m▄[38;2;192;45;31;48;2;204;47;31m▄[38;2;73;83;88;48;2;80;88;92m▄[38;2;129;194;211;48;2;128;197;215m▄[38;2;128;193;210;48;2;127;196;214m▄[38;2;124;186;201;48;2;129;195;212m▄[38;2;29;42;45;48;2;66;101;109m▄[38;2;106;159;172;48;2;116;173;188m▄[38;2;137;198;214;48;2;133;197;213m▄[48;2;72;51;51m [38;2;157;35;23;48;2;152;34;23m▄[38;2;104;150;162;48;2;101;159;174m▄[38;2;126;194;210;48;2;129;196;213m▄[48;2;130;197;214m▄[38;2;38;55;60;48;2;68;105;115m▄[38;2;92;136;145;48;2;111;162;175m▄[38;2;89;130;139;48;2;92;133;144m▄[0m[38;2;89;130;139m    [0m
 [38;2;0;0;0m      [0m [38;2;167;32;20;48;2;176;37;24m▄[38;2;185;43;28;48;2;192;45;31m▄[38;2;190;44;30;48;2;198;46;32m▄[38;2;157;37;24;48;2;109;59;54m▄[38;2;81;101;108;48;2;124;185;200m▄[38;2;120;176;189;48;2;137;200;216m▄[38;2;122;187;204;48;2;130;195;212m▄[38;2;126;192;210;48;2;131;196;213m▄[38;2;112;167;180;48;2;126;193;211m▄[38;2;76;86;93;48;2;107;158;173m▄[38;2;160;35;23;48;2;115;41;35m▄[38;2;191;43;28;48;2;201;44;30m▄[38;2;181;42;28;48;2;86;65;67m▄[38;2;78;77;79;48;2;133;199;215m▄[38;2;106;153;164;48;2;127;196;213m▄[38;2;98;148;161;48;2;131;194;211m▄[0m[7m[38;2;133;194;209m▄[0m [38;2;0;0;0m    [0m
 [38;2;0;0;0m      [0m [38;2;84;15;10;48;2;160;31;19m▄[38;2;189;45;30;48;2;192;44;30m▄[38;2;198;47;32;48;2;196;47;33m▄[38;2;188;45;30;48;2;200;48;31m▄[38;2;194;46;32;48;2;147;32;21m▄[38;2;159;35;25;48;2;81;47;47m▄[38;2;146;33;24;48;2;63;91;99m▄[38;2;140;32;23;48;2;60;89;98m▄[38;2;161;37;25;48;2;49;31;31m▄[38;2;196;46;31;48;2;153;33;22m▄[38;2;193;46;30;48;2;190;44;31m▄[38;2;197;46;30;48;2;196;45;30m▄[38;2;192;45;30;48;2;199;47;31m▄[38;2;193;45;30;48;2;168;38;25m▄[38;2;194;46;31;48;2;88;30;25m▄[38;2;136;34;23;48;2;75;49;48m▄[0m [38;2;19;4;3m     [0m
 [38;2;0;0;0m       [7m[38;2;81;15;9m▄[0m[38;2;188;44;29;48;2;197;47;32m▄[38;2;195;46;32;48;2;201;48;34m▄[38;2;197;48;33;48;2;195;48;32m▄[38;2;196;47;33;48;2;194;47;33m▄[38;2;194;47;32;48;2;173;42;29m▄[38;2;187;47;33;48;2;131;30;21m▄[38;2;195;48;32;48;2;158;36;24m▄[38;2;198;48;31;48;2;192;46;30m▄[38;2;195;47;33;48;2;198;47;31m▄[38;2;188;45;31;48;2;197;45;30m▄[38;2;201;49;33;48;2;198;46;31m▄[38;2;202;49;33;48;2;195;46;31m▄[38;2;196;46;31;48;2;195;46;30m▄[38;2;189;43;30;48;2;197;45;30m▄[38;2;172;41;28;48;2;197;47;31m▄[38;2;195;48;31;48;2;149;35;23m▄[0m[38;2;133;32;20m▄[0m [38;2;18;4;2m   [0m
 [38;2;0;0;0m       [7m[38;2;78;14;9m▄[0m[38;2;191;44;30;48;2;194;44;30m▄[38;2;196;47;32;48;2;196;46;33m▄[38;2;191;47;31;48;2;196;47;32m▄[38;2;194;46;30;48;2;194;45;31m▄[38;2;129;27;17;48;2;159;35;24m▄[38;2;184;42;28;48;2;91;22;15m▄[38;2;106;19;12;48;2;153;35;22m▄[38;2;153;37;26;48;2;188;43;28m▄[38;2;201;47;33;48;2;193;45;31m▄[38;2;156;37;23;48;2;159;35;23m▄[38;2;138;33;22;48;2;205;49;33m▄[38;2;190;46;31;48;2;204;49;33m▄[38;2;107;23;15;48;2;142;33;21m▄[38;2;192;45;29;48;2;195;42;29m▄[38;2;166;38;25;48;2;145;32;22m▄[38;2;133;30;19;48;2;171;41;28m▄[38;2;196;45;30;48;2;198;48;32m▄[0m[38;2;100;24;15m▄[0m [38;2;3;1;0m  [0m
 [38;2;0;0;0m      [0m  [38;2;194;45;30;48;2;192;45;30m▄[38;2;197;45;32;48;2;199;47;32m▄[38;2;196;47;32;48;2;199;47;31m▄[38;2;196;47;33;48;2;195;45;30m▄[38;2;196;46;32;48;2;188;43;29m▄[38;2;189;44;31;48;2;187;43;29m▄[38;2;180;40;27;48;2;161;34;23m▄[38;2;93;20;13;48;2;121;26;17m▄[38;2;193;45;31;48;2;195;45;31m▄[38;2;193;45;30;48;2;191;45;30m▄[0m [38;2;200;47;31;48;2;200;48;32m▄[38;2;178;41;27;48;2;156;36;24m▄[38;2;126;29;20;48;2;134;32;22m▄[38;2;199;48;33;48;2;189;44;30m▄[0m[7m[38;2;99;24;14m▄[0m[38;2;186;43;31;48;2;199;47;31m▄[38;2;194;46;31;48;2;190;43;28m▄[0m [38;2;9;2;2m  [0m
 [38;2;0;0;0m     [38;2;93;99;84m▄[38;2;144;152;130;48;2;126;135;115m▄[0m[7m[38;2;80;16;11m▄[0m[38;2;185;40;27;48;2;194;45;31m▄[38;2;201;46;31;48;2;196;46;32m▄[38;2;195;46;30;48;2;196;48;32m▄[38;2;196;46;31;48;2;195;47;33m▄[38;2;195;45;31;48;2;193;45;31m▄[38;2;194;44;31;48;2;195;44;30m▄[38;2;124;26;17;48;2;156;34;21m▄[38;2;157;36;25;48;2;136;30;19m▄[38;2;197;46;31;48;2;198;45;31m▄[38;2;143;33;21;48;2;185;42;29m▄[0m [38;2;194;46;32;48;2;193;45;31m▄[38;2;138;32;21;48;2;194;46;32m▄[38;2;119;27;20;48;2;128;31;21m▄[38;2;196;48;33;48;2;193;48;34m▄[0m [7m[38;2;190;44;29m▄[38;2;197;48;31m▄[0m [38;2;0;0;0m  [0m
 [38;2;0;0;0m  [0m [38;2;123;132;110m▄[38;2;141;150;123m▄[38;2;102;108;93;48;2;93;99;83m▄[38;2;190;202;170;48;2;178;188;163m▄[0m[38;2;102;110;93m▄[38;2;72;103;92m▄[7m[38;2;188;41;28m▄[0m[38;2;93;29;21;48;2;193;44;28m▄[38;2;129;30;21;48;2;191;44;30m▄[38;2;154;34;25;48;2;195;43;30m▄[38;2;188;42;30;48;2;189;43;29m▄[38;2;188;43;30;48;2;159;34;22m▄[38;2;165;34;22;48;2;104;21;15m▄[38;2;98;22;15;48;2;185;47;33m▄[0m[38;2;163;38;26m▄[38;2;136;31;21m▄[7m[38;2;163;41;27m▄[0m  [7m[38;2;147;36;25m▄[0m [38;2;0;0;0m     [0m
 [38;2;90;97;80m▄[38;2;170;182;149m▄[38;2;178;187;158;48;2;147;157;129m▄[38;2;189;199;169;48;2;169;179;149m▄[38;2;168;179;149;48;2;154;162;135m▄[38;2;119;126;105;48;2;103;108;93m▄[38;2;181;194;160;48;2;190;202;170m▄[38;2;192;205;170;48;2;166;177;146m▄[0m[38;2;128;139;114m▄[38;2;71;107;96;48;2;100;156;140m▄[38;2;101;159;141;48;2;74;117;105m▄[38;2;96;156;138;48;2;71;112;101m▄[38;2;102;160;141;48;2;45;47;42m▄[0m[38;2;102;158;139m▄[38;2;98;155;136m▄[38;2;93;150;130m▄[0m [38;2;90;151;131m▄[38;2;100;159;139m▄[38;2;72;111;98;48;2;64;96;87m▄[0m[38;2;114;124;104m▄[38;2;191;204;171;48;2;98;105;87m▄[38;2;92;97;81;48;2;140;146;125m▄[0m[38;2;187;198;167m▄[0m  [38;2;3;3;2m   [0m
[38;2;95;100;85m▄[38;2;158;167;141m▄[38;2;120;127;107;48;2;128;136;111m▄[38;2;146;156;130;48;2;185;196;164m▄[38;2;190;204;170;48;2;191;203;170m▄[38;2;188;201;168;48;2;189;202;169m▄[38;2;184;196;164;48;2;121;128;110m▄[38;2;148;158;131;48;2;176;186;158m▄[38;2;190;203;167;48;2;197;209;177m▄[38;2;184;198;163;48;2;178;189;160m▄[0m[38;2;177;190;158m▄[38;2;55;70;61;48;2;46;72;66m▄[38;2;73;115;102;48;2;52;81;72m▄[0m[7m[38;2;96;153;135m▄[38;2;91;147;130m▄[38;2;98;156;138m▄[38;2;96;154;134m▄[38;2;50;78;68m▄[38;2;94;154;132m▄[0m[38;2;47;72;64;48;2;70;113;99m▄[0m[38;2;94;107;90m▄[38;2;187;202;167;48;2;198;210;180m▄[38;2;189;202;171;48;2;193;206;174m▄[0m [38;2;191;204;172;48;2;191;203;172m▄[38;2;190;202;169;48;2;182;195;162m▄[0m[38;2;188;202;167m▄[0m [38;2;40;42;36m  [0m
[38;2;102;107;92;48;2;96;102;88m▄[38;2;194;205;174;48;2;182;193;164m▄[38;2;189;202;168;48;2;194;206;175m▄[38;2;174;186;153;48;2;113;120;99m▄[38;2;105;113;95;48;2;194;207;172m▄[38;2;189;202;170;48;2;190;203;170m▄[38;2;195;208;176;48;2;191;204;172m▄[38;2;166;178;149;48;2;82;88;74m▄[38;2;122;129;108;48;2;192;205;169m▄[38;2;191;203;170;48;2;192;205;173m▄[38;2;189;202;169;48;2;195;208;177m▄[38;2;186;200;164;48;2;169;181;151m▄[38;2;184;196;164;48;2;53;73;62m▄[38;2;65;85;73;48;2;96;155;137m▄[38;2;81;134;117;48;2;96;156;138m▄[38;2;93;153;134;48;2;91;151;134m▄[38;2;95;154;134;48;2;90;148;130m▄[38;2;99;158;139;48;2;92;152;133m▄[38;2;85;138;120;48;2;97;157;137m▄[38;2;84;93;77;48;2;67;103;90m▄[38;2;191;204;171;48;2;156;168;140m▄[38;2;189;202;168;48;2;191;204;172m▄[0m[7m[38;2;121;128;109m▄[0m[38;2;188;200;168;48;2;148;158;131m▄[38;2;191;204;170;48;2;191;204;171m▄[38;2;190;203;169;48;2;189;203;169m▄[38;2;187;200;166;48;2;189;202;169m▄[38;2;181;194;160;48;2;161;171;145m▄[0m [38;2;74;78;66m [0m
[38;2;105;112;95;48;2;104;110;94m▄[38;2;191;204;172;48;2;190;202;169m▄[38;2;198;210;179;48;2;192;205;171m▄[38;2;194;206;176;48;2;185;197;165m▄[38;2;114;121;102;48;2;105;111;94m▄[38;2;163;175;145;48;2;190;202;171m▄[38;2;190;204;171;48;2;193;206;174m▄[38;2;188;201;169;48;2;176;188;157m▄[38;2;110;117;100;48;2;120;127;107m▄[38;2;182;194;165;48;2;189;202;169m▄[38;2;196;209;177;48;2;190;203;169m▄[38;2;192;205;172;48;2;189;203;169m▄[38;2;187;200;167;48;2;188;202;169m▄[38;2;190;204;172;48;2;159;173;143m▄[38;2;179;192;161;48;2;84;106;92m▄[0m[7m[38;2;88;144;126m▄[0m[38;2;64;99;86;48;2;92;152;132m▄[0m[7m[38;2;92;151;132m▄[0m[38;2;102;109;91;48;2;59;83;72m▄[38;2;197;209;175;48;2;160;172;140m▄[38;2;196;207;176;48;2;186;199;162m▄[38;2;160;171;142;48;2;192;204;170m▄[38;2;124;132;110;48;2;89;94;79m▄[38;2;194;207;175;48;2;187;201;167m▄[38;2;191;204;170;48;2;194;207;175m▄[38;2;187;200;166;48;2;191;204;171m▄[38;2;190;204;170;48;2;186;199;164m▄[0m[7m[38;2;108;115;94m▄[0m[38;2;191;202;170;48;2;194;205;170m▄[0m [0m
[7m[38;2;95;101;87m▄[38;2;172;183;155m▄[38;2;175;187;158m▄[38;2;165;177;148m▄[38;2;103;110;92m▄[38;2;146;156;131m▄[38;2;175;186;158m▄[38;2;171;181;154m▄[38;2;152;162;134m▄[38;2;125;135;111m▄[38;2;169;182;150m▄[38;2;171;183;154m▄[38;2;167;179;149m▄[38;2;166;179;150m▄[38;2;165;177;148m▄[38;2;167;178;149m▄[0m  [7m[38;2;162;172;142m▄[38;2;170;181;150m▄[38;2;168;179;148m▄[38;2;116;122;103m▄[38;2;150;159;133m▄[38;2;170;182;152m▄[38;2;169;180;151m▄[38;2;168;179;150m▄[38;2;164;177;146m▄[0m [7m[38;2;167;179;148m▄[38;2;99;105;89m▄[0m
 [38;2;0;0;0m      [0m       [38;2;109;25;20m▄[0m [38;2;78;17;15m▄[0m [38;2;84;22;18m▄[0m   [38;2;74;18;15m▄[0m [38;2;50;13;11m      [0m
[?25h